-0.000341856980005 4.64799852452e-05 0.000224830849902
-7.25240741735e-05 1.21515917062e-05 -0.000321853366813
-0.000185073417334 0.000231950264757 -0.000411806231478
-5.77867664364e-05 -0.000395834049491 -0.000331501766398
-0.000590411786621 -0.000339797336682 0.000219283372048
-0.000629485040099 1.99298909616e-05 -5.68018637309e-05
-0.000855264967655 -6.49851263348e-06 0.0001347974728
-9.94673018716e-05 -1.66239593555e-05 -5.58016482852e-05
0.000538454401901 -0.000430350865697 0.00119711967773
0.000475666676998 -0.000829057774745 0.00180146606701
0.000357137807253 0.000451030428738 0.000801116355943
-0.000910812434817 0.000719824086962 0.00152345525868
0.0011081085375 0.000898691588746 0.000203223626064
-0.00130975763008 -0.00146017977013 -0.00153915690932
0.000875642328624 -4.63811330273e-05 0.00133644214291
-0.00054090105305 0.000862364281838 0.00160385592833
0.000482242801356 0.0028271357477 -0.00151495774248
0.00127587436433 0.00187749819095 0.000731859076352
-0.0023558318471 -0.000863038373327 0.00125811504365
-0.00104418114413 0.00244817566482 -0.000214431590343
0.00152509493387 0.000702872717217 0.00072201998146
-0.000914282846153 0.00203176511213 0.00202333677627
0.000696561624922 -4.12749710717e-05 0.000145179889988
-0.000985606298652 -0.000600789408716 0.00191894596432
-0.000394684066695 0.00466060525985 -0.000602630133228
-0.000858999179506 -0.00260499001136 0.000479603387027
-5.06750106385e-05 0.00219362276661 0.00148553955063
-0.00309432120776 0.000194628418869 0.0042610234039
0.0020934472309 0.000301406172882 0.00107043404778
0.000461632304804 0.000396818301572 0.00481907072792
0.00058249151536 -0.000493158028901 0.0019664107711
-0.000123381341788 -0.000528374230281 0.00294354672597
0.000273735783232 -1.14139589736e-05 -0.00189680627148
0.000651385771051 0.001826397341 0.00289468817619
8.63691109053e-05 0.00170183431148 0.00359440277622
-0.00249936574518 0.00333512876501 0.00478716802192
0.00396077919812 -0.00125334021966 -0.000787689777819
-0.000158594628211 0.00156808080489 0.00312662380912
0.00108535719909 -0.00637184863648 0.00471093050556
-0.0012409111436 0.00183345844014 0.00530386923259
0.00109057991545 0.00425422727095 0.00614752454586
0.00204775069529 -0.00134262769803 0.0062353548046
0.00148068615134 0.00318238034632 0.00354922531567
0.00014594279395 0.00288196398424 0.00788178672448
0.00121425126346 -0.00488115760865 0.00186954252736
0.000906045666134 -0.0021580776631 0.00388411084397
-0.000608001158596 0.00174299755966 0.0048874981063
-0.00100299014358 -0.00443328078406 0.00542656081173
-0.00133930843127 0.0040349047462 0.00747628073485
-0.000601094354459 -0.00374845659244 0.00629514801887
0.00141497583654 -0.000779149860482 0.00583712075835
0.000219106633827 -0.00555576017352 0.00391934515479
-0.000491226921896 0.000174151950665 -0.00164957052542
-0.00201952060505 -0.00254621054516 0.00857052337128
0.00683169547217 -0.00838014484437 0.00650155608545
-0.00562544296474 0.00146863060459 0.00574692180619
0.00312692915189 0.00184939318615 0.00741425630277
-0.000986268008275 0.00172080760396 0.012566691335
-0.00750067726772 0.000957374437092 0.00594670497952
0.00515812637459 -0.00149665501441 0.00393549965849
-0.00250272898943 -0.00504979653988 0.00622459162726
0.000412620640511 -0.00349879293978 0.00560612015892
0.000519894474047 0.00114851131944 0.00745588379544
7.00468798359e-06 -0.0014486928598 0.00289684866472
0.00139707336898 0.00299255533785 0.0137024038924
0.00355007965077 -0.0147899732138 0.00739697565004
0.00291798761372 -0.00133585476049 0.00559717458716
-0.00074421574994 -0.00133481251069 0.00364191180143
0.00268266125406 -0.00268214188468 0.00102286734096
0.00280747387846 0.00143036130891 0.00844018701549
-0.0064419521278 -0.00163590411923 0.0105497403751
0.00204919085091 0.00040549871565 0.000636354884287
-0.00684468003498 -0.00199920051309 0.00971086322871
-0.00484920681686 -0.00247026619614 0.0076604079916
-0.00125198287335 0.00101013702768 0.00529020208029
-0.00411488542217 0.00415715984349 0.012128117118
0.00446475864364 -0.00642599743867 0.0061176663362
0.0027174587388 0.00283665274751 0.00729877381004
0.00233234235889 0.00438670653614 0.00817770562782
0.00176625655524 0.00851885976587 0.0101050017024
0.00306014899007 -0.005721228812 0.0250513582526
0.0043282991111 -0.00129737906075 0.0101850952007
-0.0060518609691 -0.00593689103385 0.00898472089966
-0.00530918167971 -0.00233361832745 0.0133450628409
-0.00854502446647 -0.00407004057561 0.0102978389797
-0.000137364043198 0.00313283890275 0.00811516740079
0.00371350093945 0.000374861988322 0.0155535926606
0.0031742361462 0.000329861306275 0.0148047782821
0.00226016595308 -0.00963006156916 0.0141483913236
0.00319038399475 0.00496990104092 0.012095144349
-0.00698481766319 0.0118835525605 0.0175732486441
-0.00194939630672 -0.000538349040906 0.0168015086987
0.00253643763636 0.00137221750351 0.0199623636256
0.00434316537368 -0.000699888576056 0.0203461126132
-0.0110127851172 0.00102466200052 0.00822095058013
0.0034213953558 0.00266829169622 0.0100301641142
0.00186615155374 -0.00686750946836 0.0204600869569
-0.00172170172791 0.000152997951992 0.0192740844702
0.00133247464421 0.00421388806573 0.00472283948567
-0.0032702480291 -0.00233632054413 0.0254578651717
-0.00146983530706 -0.00240046225975 0.0237603802544
-0.00903407162912 -0.0081003936274 0.0125561594713
-0.00151385597846 0.00169238409511 0.0141167382417
0.00224848994225 -0.00314737739701 0.0142261930264
0.00420251229994 0.00886019001418 0.0048509683966
-0.00741814544794 0.00540864048143 0.00749684684202
-0.00099985662338 0.0105288568891 0.0229679201531
-0.00412920020886 0.00147048182356 0.0086594361066
-0.00276460960732 -0.00422664795518 0.0182074175264
-0.00161052384217 0.00264596635918 0.0172406597182
0.00192548062007 0.000238136376451 0.0108918061045
-0.000157153380434 0.0038027466923 0.0171687542339
0.00171911190406 0.00027850256664 0.0304389975413
0.000557215692409 0.00279393268422 0.014328484419
-0.00463638614699 0.00956883183649 0.0267001966179
-0.0082761087347 -0.00820387086514 0.00798074194539
-0.00156553299035 0.00920473512044 0.0233958230843
-0.00861955222724 -0.00489763841755 0.0280570676626
-0.00636914016215 -0.00721804794455 0.0147796616655
-0.00483718036357 0.00840408081532 0.0199883994249
-0.00593110794678 0.00534511297926 0.0157367653609
-0.00309590857431 -0.003694824632 0.016743840537
0.00518789907694 -0.00257157553933 0.0180287389302
0.00376066969939 0.0017439048036 0.0239500738615
-0.00901815031122 0.00571701951956 0.0229525544015
-0.00112432024904 0.0003298431181 0.0311801659422
0.00137987832065 -0.000627148620203 0.014670075758
-0.00196491901783 -0.005310548066 0.0191154304286
-0.0128004506237 0.0056052037518 0.0148179532225
0.00215951645527 -0.000505308010852 0.0200028244634
-0.00751280453866 0.00801009121395 0.023283416453
-0.00960667309807 0.00483039787431 0.0207054361422
-0.00341454046014 0.00521407106066 0.0206428994115
-0.00633522898345 -0.00430287673532 0.0267261383885
0.00206820108924 -0.00974264577002 0.0241247796593
0.0104945832312 0.000832131163433 0.0358074632803
0.0219258678961 -0.00227216914926 0.0204067404216
0.00818016165257 0.000426818141665 0.0379725805413
-0.00859644652327 0.00928218737061 0.0408588649178
-0.00826627971898 0.000375530325855 0.0404024692216
-0.00869615037338 0.00388374772273 0.0297804187136
0.0106643519492 0.00105237040958 0.0290498904057
0.00211061493775 0.00726592579592 0.0216944102616
0.00289990876231 0.000548140338259 0.0231426025012
-0.00232311944752 0.00944530812089 0.0170891804538
-0.00121706389351 -0.00411007042059 0.0161891720898
0.00190386106584 -0.00184484042144 0.0226531173229
-0.00216423960608 0.00754300343407 0.0162034517157
-0.00849165110918 -0.00135588075371 0.0291828491836
0.00415008671139 -0.00272241679329 0.0291157506658
-0.00106837849759 0.00184898020258 0.0186247899705
0.00280370089647 -0.0131968075163 0.0221857377988
0.00380591192043 0.00527880179103 0.0354878282968
-0.0142778848236 -0.00232718676796 0.0194395620939
0.00373945320149 -0.0098545872119 0.0342571241977
-0.00555419173527 -0.00944079019691 0.028172201576
0.0129113374365 0.00641074784157 0.0373505963772
0.000208793425591 0.0110347937718 0.0247402393837
-1.91931913047e-05 0.00508516575326 0.0240931864909
0.0166247801121 0.0024045665142 0.0346368456169
-0.0102791684594 0.0117178838513 0.0290366637375
0.0102135225614 -0.00376125048837 0.0393955761426
0.0161858215379 0.00323977507934 0.0239486176482
-0.0119865488897 0.00453766767615 0.0391889274944
-0.00105569432608 0.000725083550521 0.0195779966944
-0.00787988554522 0.000496080931555 0.0123024648468
-5.10330617767e-05 -0.00698774533145 0.029409371645
0.000417634018564 -0.00940413102972 0.0262636986893
-0.00737034482009 0.000345087984801 0.0229725081859
0.000836111452349 -0.007733361799 0.0265965094515
0.0057095396084 0.00136805259843 0.0414968076665
0.00369277662533 0.00652443311198 0.0268864498503
0.000239936500188 0.00853260121762 0.02893610626
0.000902515997116 0.0203432580697 0.0261625490006
-0.00416277004484 0.00718347545194 0.029438460668
-0.000336938345464 0.00256668026957 0.0277648260289
-0.00798330979551 0.00352661985636 0.0295638260829
0.00526615469006 0.0032127290885 0.0393448788655
0.00605246717099 -0.00634657800211 0.0262076672005
0.00465530949144 0.00674936830386 0.0452554715001
-0.0154706496207 0.0220852372691 0.0290427278087
0.0105582611504 0.00583963177482 0.0373824002
0.00538798690055 0.0051837450073 0.0317650177758
0.00463876432371 0.00170389549263 0.0246005246069
-0.0100706014678 0.00453767471177 0.0424369987055
-0.00209617756204 -0.0151331781279 0.031682134096
-0.0202023394687 0.00861192326062 0.0230164499322
0.0135872278111 -0.013963848936 0.0291572082824
0.0166570141987 -0.00186877610313 0.0428228372349
0.00200082025164 0.0130915851719 0.0262140163183
0.0143051452788 0.00363626943699 0.0227933451043
-0.0115313725416 -0.0114684527746 0.0358645867892
-0.00349929951449 -0.00354835548915 0.0399583034749
0.000946126609504 -0.00300913924983 0.0421426721152
-0.00903325124644 0.00959476157743 0.0420145149601
-0.00878811251307 -0.000296916594397 0.0327598461609
-0.000494439818933 0.00827010772042 0.0260481357787
0.00818961701938 -0.00462558047694 0.0356914814919
0.00454863421987 -0.0101008758909 0.0364041224629
0.0168111174998 0.0127422867676 0.0379546208704
0.0072684208038 -0.00640772203962 0.0253944900671
0.00162640435332 0.0138910895452 0.0480494647149
-0.00429493621787 -0.00484020538277 0.0431397200966
-0.00783200551886 0.0131105376954 0.039508546167
-0.0109453256876 0.0063667993002 0.0366651804733
0.00797337778169 0.00504676673208 0.0359227669833
0.0125467469867 -0.00083574459738 0.0350080460621
0.00513088702172 2.55129308845e-05 0.0455680463753
-0.0090090597894 0.00982111939486 0.0454413702755
0.0136865257548 -0.0129299171075 0.0324416838995
-0.00684634916592 0.0101045266035 0.0516734459212
-0.00165408236395 0.00358916029564 0.0418643303593
0.0067671415099 -0.00131740002532 0.0370662508367
0.00873744945761 0.00763712594327 0.0253778755357
0.00519894850857 -0.00748196365203 0.0382362827826
0.013481047028 0.0142014062865 0.0345978714281
-0.00983435015666 -0.00524255423042 0.0314082226528
0.0138148482467 0.0161971506186 0.0502347957599
-0.000913581431323 -0.00496847838297 0.0598981640027
0.000755725457831 -0.00498111863251 0.038346793453
0.00209989489891 -0.00445498548376 0.0543554091372
0.00158304542801 0.00971676190832 0.0403914851194
-0.0130904122117 0.0111239013507 0.0505557978588
0.0249304227792 0.00920465367661 0.0597286374862
-0.00300238326971 0.0158612575445 0.0539426559282
0.014047830522 -0.0051340357995 0.0342638065094
-0.0103071747118 0.00465233143008 0.0448286668958
-0.0179921050482 -0.00328287421959 0.0380895377293
-0.00790439958887 -0.00402071949746 0.0184332375705
-0.00612410432083 0.00134427191894 0.0299659016866
0.00456605886536 -0.00180378993669 0.0387169328614
-0.0129547361281 0.000606615780046 0.036991214137
0.00589947925797 -0.00936580304399 0.0531612894912
0.00771759708822 0.0162285887591 0.0540335313404
-0.0157908328457 -0.0115007114691 0.0380780301658
0.0137154374248 -0.00141926201755 0.0543050937737
0.0101383481971 0.00254691179095 0.046526376156
-0.00548471025002 0.00466692650311 0.0487380427184
-0.00688755269988 -0.00557877277281 0.0494870958423
-0.00232468274812 -0.0102274675111 0.0551843971572
0.0133548720674 -0.00871794660724 0.0550515425414
0.0148161490586 -0.000682873391373 0.0599284968645
0.00999650480214 -0.0154550392825 0.0272124880774
-0.00885328136705 -0.00335728739928 0.0511280933439
-0.00999035992301 -0.0122521675966 0.0637574328695
0.0118904657419 -0.0146498695855 0.057691922679
-0.00562274603984 0.0189068576506 0.0520496728576
0.00380471858715 0.00554790868111 0.0372821947922
-0.0192788969196 -0.0171582001347 0.0701966394025
0.00225320121076 -0.0035429170814 0.0313540534593
0.00247049122857 0.0165179755162 0.0598376420296
0.0176083323938 -0.00976428537094 0.0561614853101
0.00503751057547 0.00353344434231 0.0554870355186
-0.00165929295508 0.0056985964294 0.0414417774975
-0.0172911475916 0.00915060687098 0.0567587254201
0.00259638235458 -0.0269564814157 0.0404995013736
0.00567257183274 0.0221574348261 0.0570990786605
-0.00950263412735 0.00134462842591 0.0446015231799
0.0121987087421 0.0058226678867 0.0526551981142
-0.0105501705593 0.0186932931862 0.0473607671104
-0.00459677930171 0.00809279906541 0.0354929551
-0.00392441596276 0.019225349867 0.029242598564
-0.00259545443597 -0.00701925680616 0.0664797210847
-0.0128555820406 -0.00589552350878 0.0343137776353
-0.0211897750462 -0.0119060921975 0.0430753274389
-0.00758512245495 0.000634837284171 0.0443165795592
-0.000529963950018 0.0035666995239 0.0558908399462
0.00516114332041 -0.00554757992085 0.0577246789944
0.00478939813966 -0.00861442179159 0.0446044892549
0.0153327338068 0.0186385683413 0.0511627522354
-0.00161812236044 -0.00121884811828 0.0456963755142
0.00740654629252 0.0186763563073 0.0388628478146
0.00602396715532 0.020849451106 0.0549492687002
0.0265487284695 0.0108208985007 0.0582679248989
0.00722421522683 -0.000807069369654 0.0387902256709
0.00922143589336 0.00731008854941 0.0720494346785
0.00678319842947 -0.0151111704629 0.0611819660606
-0.00161318049224 0.00309235277604 0.0497816491065
0.00745249876356 0.00721986151407 0.0453295694183
0.00405489301488 -0.00198032803777 0.0532957530302
-0.000294133527656 -0.00136249503101 0.0467436839836
0.0184273689062 -0.0351997957027 0.0588690515656
0.022060554628 0.00446686224809 0.0736873166821
-0.00478040550881 0.00585804386621 0.0412662838993
0.00827266657422 0.0120722088016 0.0544463236394
-0.000435065883277 0.00422091208863 0.054987695449
-0.0194606646019 0.00233860581897 0.0739538156962
0.0142784070066 -0.00791687679346 0.0410894379857
0.0126026107715 -0.000832851563931 0.0535410887111
0.0112253830108 0.00929909164351 0.0419996825007
-0.0143006794478 -0.000681687738067 0.0476161879666
-0.017908864966 0.0122851774134 0.0524732197059
-0.00237837537506 -0.00618537397763 0.0741247932224
0.00529029599087 0.012002688941 0.0735063683109
0.00137876076169 0.00100576379849 0.0771661391729
0.00753916225971 0.00773021131029 0.0779433349812
0.0082474669176 0.00459451107862 0.0613534101873
0.0136053364344 -0.00512993737024 0.0533692554291
0.0322417058047 0.00830523837749 0.0736567496394
0.000617587643665 0.00683249150435 0.045881903086
0.010421772393 -0.0143663241588 0.0547399814143
0.0297337804922 -0.00236727702689 0.0763140344252
0.00895645402319 -0.000622727952301 0.0577514952475
-0.0127620130444 -0.00401202462277 0.0526575890096
-0.0137498657935 -0.0110088231088 0.0549023207664
0.00979247809187 -0.00853058938689 0.0431108315844
-0.00294753148682 0.0135576544964 0.0858608603943
0.0192546304374 0.00462855597109 0.0679765582774
0.014707760915 0.00289092453206 0.0624305645379
-0.00104351175921 0.0162733689543 0.0825979782814
-0.00460071793109 0.00106901498661 0.0618317833891
-0.00173335135279 0.00387895019678 0.074211442993
0.00199600234762 0.00628752933185 0.0537671294476
-0.0131864130735 0.0312083238598 0.0574932059827
-0.0185575729353 0.018369550173 0.0885766271136
-0.0027008443484 -0.0304150326324 0.0653245339086
0.0117767148724 0.0133373665251 0.0877418614753
0.000561906497386 0.010330340929 0.0697346811488
-0.00159492966977 0.00207111056424 0.0633834683725
0.00926741219505 -0.000615375816404 0.0679315110682
-0.00686644945458 -0.0202852158088 0.06602598809
0.0236042195267 -0.0164054077145 0.0605867524943
0.0053212640811 -0.005887639804 0.051129800615
-0.0086021365756 -0.00363617836961 0.0783802847532
0.00221613063785 -0.00865922291355 0.0685806614631
0.00588861342835 -0.00730094779374 0.0702868087575
-0.0172250140882 0.00981276428676 0.0820335714756
0.0190950661851 0.0241781011678 0.087047203662
-0.0172964647105 0.0020016074691 0.0637824502205
0.00153956417299 -0.0127114919389 0.0910188462632
-0.00830982633774 -0.0172433971482 0.0817257950135
-0.00428128319461 0.00344708437192 0.0651363209054
0.000871361435496 -0.0124154897495 0.0723439710632
-0.0110825597472 0.0201179483836 0.0720666989859
0.0288043491949 0.00103739892184 0.0888959803777
0.00682693774534 -0.000643511722749 0.0800559414988
-0.00128765699862 -0.00966564722243 0.0877150613884
-0.0023407625943 -0.0140204535942 0.042852557846
-0.0225129852055 -0.00298752578614 0.0932239765873
-0.019445792328 -0.00671905478499 0.0791018938164
0.0146013858627 -0.00183330707001 0.0835320918726
0.000598162096906 0.0189101573666 0.0768021491841
-0.013031727422 0.015601215303 0.0645083869082
-0.000717858940142 -0.00737827862657 0.0713488171139
-0.0128232215224 -0.0372059341401 0.0949495685558
-0.0221042430113 -0.00821495878927 0.0810094070055
-0.0183249292515 -0.0155674809557 0.0821642837259
0.00629685744135 -0.00512054082655 0.0729855637167
-0.0119194567605 0.0216660484036 0.0750439709389
0.00258146633892 -0.00833057748248 0.0829796724152
0.0109163966106 0.00117725450828 0.0678246711878
-0.00147695988218 -0.0190147550489 0.0650107320727
-0.0237268552174 0.0298507803751 0.0758285969673
0.00917141686554 -0.0057448273694 0.0789555775741
0.0109511205668 0.0124152649286 0.0737554697332
0.0116005489448 -0.020226546862 0.0745416835951
0.00275311446944 -0.00314340122273 0.0735085905245
0.0125953150486 0.0106037895844 0.0743729810107
0.0127356659847 0.00198225901191 0.0798243056084
0.0200323141414 0.0124151965176 0.0801818922457
-0.00147202260841 -0.0115267803352 0.037531176999
0.0105001089049 -0.00380416018293 0.0957592928275
-0.0197034562462 0.000100874007279 0.0607460988303
0.00614121831694 -0.0211751070355 0.0851694681126
0.00129427721789 0.00532101691464 0.100461605175
0.00213776400374 0.0300491903671 0.0769175085708
0.00979813034854 0.00820466421386 0.0699126279009
-0.0110942135322 -0.0166840379519 0.0782860193278
0.0351613947586 -0.00650800985242 0.0834249406101
-9.69013891073e-05 -0.00335884777449 0.079348006774
0.00792089942028 -0.0140973783873 0.0798901964498
0.0299028130385 0.00801138027276 0.084654453128
0.00622131303018 -0.00821091462824 0.0742549326144
-0.00560150017754 -0.0129649570365 0.0883740484419
0.00561232993834 -0.0224752468947 0.080690546611
0.00936703374312 -0.0131035643319 0.0936830694356
-0.00757143220341 0.03284971406 0.0915752368749
-0.0121489522516 0.00662559955039 0.0844006194947
0.00739943847035 0.00428850592464 0.084899951975
-0.00202404114966 -0.00284085035777 0.0864604533565
-0.00501996560487 0.00266704131979 0.0927394500289
0.00025995564041 -0.00438410838187 0.0839963739544
0.000772793008754 -0.00828979073986 0.0953051125312
-0.00569916331828 -0.0393254683909 0.0714595793118
0.00808559389217 0.0125719394314 0.091142100091
-0.00794360381692 -0.0217995997818 0.0707398193021
-0.00453929954845 0.00819574967471 0.0685334029506
0.0138347919084 0.0219055469956 0.0901211422503
0.00289919354375 -0.00629028844033 0.0775127776317
-0.00153622675436 0.00287696436773 0.103517030995
-0.00617395095441 -0.0126495079402 0.0713626266492
-0.011562224685 -0.0126441159888 0.104103641114
0.00866688515922 -0.0188598792327 0.0828683589733
0.0102563847147 0.0179064005852 0.0854272084996
-0.0190245763701 -0.0101445194047 0.103573103438
-0.0100353958409 -0.000837379193364 0.0669127491708
-0.00132625690284 -0.0118127615879 0.0925924621944
0.0102526338711 -0.0214928674014 0.0709936487663
-0.0054450296467 -0.00158693221013 0.118220566345
0.00859276418221 0.00386176664203 0.101367457003
-0.00854714015028 -0.00709206306367 0.0826403202601
-0.0385157099113 0.00616293760058 0.0864050797534
-0.0139501377643 -0.0170708620425 0.0794568466856
-0.00331536775224 0.0140719881586 0.0739324842518
-0.0181921093132 -0.0235301554159 0.0938738761032
-0.0181537295754 0.0211689390467 0.0978292758159
-0.0175478498911 0.0062849191699 0.0845847601245
-0.00387623619035 0.00439189582031 0.0778734858131
0.00400923032863 -0.0211198216958 0.073929301166
0.0176709356857 0.00672707381908 0.100429139027
-0.00798835450818 -0.0299163253212 0.0932576904462
0.0138922327527 0.0308061583383 0.0823375401165
0.00087976683696 -0.0297216351923 0.0752825684167
-0.0146806297824 0.0147033644708 0.0698086308292
-0.00114454752482 0.0200480820123 0.0969441063443
0.0161316770594 0.00451440854457 0.12690931167
0.0113970402655 0.0131818856654 0.0950795269918
0.000543770148007 -0.000117805194798 0.0975612518002
-0.0148101591228 -0.000536863255827 0.0854210630053
-0.00716615330415 -0.000500632031085 0.105847909875
0.0013026812717 -0.00387818618312 0.0966906445433
0.0114025151097 -0.00740484173545 0.0683986208029
0.0130636542112 0.00956699036511 0.10074570066
-0.0108640163356 -0.00167177768679 0.0980522346542
0.00654742626008 -0.00967191946391 0.112704523214
-0.00743777794832 -0.0269615503056 0.11717588628
0.00642205831009 -0.011996880315 0.105383983235
0.0109424752409 -0.0303730226957 0.114242742445
-0.0131452525462 0.0213782095845 0.0615222618543
0.0137893803559 -0.00880742492537 0.0895853153454
-0.0196990914414 0.0209340732489 0.114791212012
-0.026767395176 0.00310925124822 0.077889980169
-0.0150255181205 0.00691366819266 0.115635083626
0.00104043529058 0.0199192009899 0.0972328918406
-0.0171063199343 0.0046676993262 0.0941968540495
0.011170718589 -0.0227855884849 0.0848422949626
0.0105184811593 0.00700198841358 0.087164837083
0.000564992911836 -0.00381668458394 0.111450462128
0.00648573615128 0.00616990441244 0.102361857744
0.00216085213363 -0.0171633606701 0.0954470770628
-0.0181260283271 0.0342689150555 0.0981834797297
-0.0120924794153 0.0219558677059 0.0973956257743
0.00581439032863 -0.00479388053684 0.0991671662704
-0.00407797547328 0.0442947718953 0.106615645186
0.015472533828 -0.0213946536301 0.115594580374
-0.0114639053561 -0.0034580073311 0.102892555204
0.0220873398633 -0.0260688262089 0.0616362772083
0.00883888236881 -0.0266703228182 0.124193921568
0.0281986931375 -0.000757325114566 0.0830992672968
0.0110519192136 -0.0034168096277 0.0946262693863
0.0164094926713 -0.00110946113154 0.119615508702
-0.03040712304 0.0169764606983 0.115984026522
0.00967737492271 -0.0137522402219 0.0930584597939
-0.0121906100799 0.00389102414271 0.0888515849904
-0.00705046962971 0.00349056000458 0.100752576193
0.0119830859808 -0.019889837588 0.117068396441
0.00271588111803 -0.0277986827519 0.0696983701766
-0.0282632999349 0.0159477741142 0.125824683325
-0.0416249958504 -0.0257706763173 0.0973323769707
-0.0188875404268 0.0133429714044 0.111190198112
0.00386697609799 -0.0292633380026 0.115100348206
-0.0336727568113 -0.037549866399 0.0867100829079
0.0288025276566 0.0347014512523 0.10838587564
0.0240895179799 -0.00191217085685 0.111336381959
-0.000327791621656 0.00883085621096 0.118682765688
0.0239821372394 0.00818486405494 0.108760509685
0.00204911601405 -0.0276988038378 0.114031777623
-0.0167189443645 -0.0018142611736 0.134215232987
0.00277616121908 0.00696145616601 0.0989446246652
0.0303053327943 -0.00711906242463 0.0852140434955
0.0214400833621 0.00533516355548 0.0899188489186
-0.00743745779093 -0.0204045455147 0.103141057971
0.0159870727494 -0.00284138739363 0.0796496190037
-0.0139837305418 0.00137311833911 0.094209041874
0.00473720905108 0.000541216702301 0.118478463643
-0.00440346780071 0.000723453614464 0.13494110218
0.0246695536452 0.0122061086631 0.099462789764
0.019022076108 0.0136998079073 0.0937661083831
-0.0154749842192 0.00823452826448 0.101867261713
-0.030644835629 -0.0156836970508 0.105815425554
-0.0288772526663 -0.00930198041203 0.123337465232
0.0137996592648 0.00295947569361 0.103867863707
-0.00027127846543 -0.0117346947345 0.108489652328
0.00332966843375 0.0321344126713 0.08987170998
0.00134246947395 -0.0035898054982 0.0769534521192
0.00371314742208 0.00162561875019 0.0839585976924
-0.0217878389887 0.000911448589936 0.103454522421
-0.0252264484869 0.00875209391857 0.150320753313
0.012348135461 -0.00411557219858 0.11584369329
-0.0151055153048 -0.0173082111695 0.12807215735
-0.00211145235107 -0.0144171071871 0.125447650212
0.0268758165874 0.000450191681466 0.103660882533
0.0168424340634 0.0253666510144 0.0919211196359
-0.0187921591889 0.0147061151282 0.118618789743
-0.00148920269306 -0.0182356613266 0.109262738682
-0.0166981850218 -0.0138096626111 0.107023157333
0.011282326491 -0.00812985974918 0.108570343352
-0.0107813672848 0.0209149897656 0.135185912938
-0.0142098186603 -0.0044261742532 0.106943467028
-0.00769706968435 -0.00894969094785 0.131376025738
0.0105170316131 -0.00420488818571 0.114637534573
-0.00525354135278 0.0152746786178 0.116222066164
-0.025533680326 -0.0168443972419 0.125189244955
0.00156765841481 0.0186720444705 0.0880493463145
-0.0141974733547 -0.00470449668514 0.104019205007
-0.0255833085942 -0.0134560476415 0.108706744139
0.0263818667407 0.00874436189433 0.13673370332
-0.0260667083381 -0.0156828155332 0.14065465377
-0.00318844333537 -0.0194647600773 0.125726266289
0.00558553080098 0.0131702984622 0.105311626596
0.00865867494085 0.0113135821747 0.111467497332
0.00824616864618 0.0203124100554 0.136177670813
0.0104169310158 -0.0201644937801 0.11792902685
0.00521978861129 -0.0059475200644 0.11329394378
0.0128011242893 -0.013685767741 0.106678691316
-0.00049439644882 -0.00159870554429 0.106335045794
-0.000968918576328 -0.0195515410139 0.125009260329
-0.00893375453725 0.0171794720641 0.0941786183859
0.0130259821079 0.00216331079741 0.145988442281
-0.0107188185441 -0.00210201280087 0.12363433582
-0.012922943181 0.0020319774623 0.105488112995
-0.0281400153276 -0.0283384337352 0.087963823535
-0.0288848331414 -0.00229153190589 0.111834963449
0.00136361843436 -0.0181411991663 0.11510316241
-0.0175160144061 0.0243093949563 0.127632588461
-0.0250491527737 -0.00488648225671 0.142975350008
0.042969378742 -0.00998026526549 0.155294361172
-0.000641250105745 -0.012504512833 0.105432782627
-0.0163472990577 -0.00933828641719 0.104103351107
0.013234901291 -0.00365440915934 0.109180120398
-0.0242659136462 -0.00393698517553 0.105939910917
0.0067483055064 -0.0105950799252 0.115978291878
0.00253701202648 -0.00510521509613 0.102379691689
-0.00892386461666 0.0157201253666 0.129788463061
-0.00321200859476 -0.0232789475151 0.101876116083
0.00311480484692 0.00871548887243 0.12641247975
-0.00812743528875 0.0049838225608 0.118508221612
-0.00235404680198 -0.0102847529736 0.125925301215
0.00195036339379 0.0205505633044 0.103600873168
-0.00714529394318 -0.00121539079422 0.136094745364
0.0272571442357 0.000374024871129 0.145418553376
-0.0112279645742 0.000223281322498 0.144574137349
-0.00842215055288 -0.0073579584115 0.132210147207
0.00727440192476 -0.0145501735069 0.122342043158
-0.0141523246153 0.00220510378405 0.108395622923
0.00706719038429 0.00655407275299 0.130039807921
0.00744604148462 -0.000912758806324 0.130479209552
0.00534285959373 0.0222426124188 0.106677770434
0.012493541201 0.0125910725621 0.0962310379748
-0.000169269700898 0.00560515973109 0.153389703946
-0.00632797979054 -0.0361966010168 0.0851517970804
-0.00762017673107 0.0057718979057 0.109794113884
0.00865308432265 -0.0119125722177 0.143046208597
0.0213916926847 -0.00965155111692 0.145076040777
-0.0179739884615 -0.00151163157886 0.096288102631
0.00757411858474 0.00107516340742 0.114303220098
-0.00845945099565 -0.00938011669098 0.134903767506
0.0294340381699 0.00810109326318 0.12915458301
-0.00442080963682 -0.0196373355038 0.132221492402
-0.0209166656134 0.0116996124849 0.129429135066
0.015314625434 0.0121121135073 0.142371285376
-0.000405619408957 0.0227125446653 0.130837809174
0.00404117702917 0.00609152023924 0.149421515878
0.00588386008273 0.00794342291816 0.117634212015
0.016279115397 -0.0148204109881 0.143345779087
0.0186497229159 4.28414349408e-05 0.148892770102
0.000121955823229 -0.0108068006381 0.147322426221
0.0246103917733 0.0118816455662 0.0866588918777
-0.00639978983273 -0.00083348888785 0.119941520558
-0.00893274909369 -0.0148002001853 0.139811870403
-0.0100763674013 -0.0129761392465 0.149749125867
-0.0358612669209 0.020720601693 0.107835092783
-0.0104440644956 0.0133416887448 0.139925918106
-0.0332725535895 0.00212773219598 0.117583835374
0.0194686920591 -0.00400594895198 0.132963120461
-0.0224927223361 0.0131063553934 0.143713660379
-0.00616991826336 0.008339914403 0.135920680394
-0.0235638984993 -0.0156521112835 0.138009097436
0.00763181722457 0.0139565366918 0.136315385694
0.0129748301525 -0.00736143884797 0.131919458703
-0.00769145386969 0.00137142181175 0.125406852672
-0.00357515086403 0.00951791390483 0.137239554666
-0.0111176952374 0.00190192128859 0.138145711962
0.0203673421383 0.0265943515551 0.146917197782
0.00256363563084 -0.0162890924126 0.105166328999
0.0345004773915 0.0372712664255 0.1343530732
-0.044466086259 -0.00617359561585 0.134252429337
0.00426994089681 0.00784424525025 0.127522583465
0.00323289133755 -0.0120706704394 0.129874756887
-0.000256685065436 -0.00796693724628 0.137457855232
-0.022628596662 0.0064368095357 0.115093579379
0.0347034084194 0.00737323203532 0.11584493282
-0.000965205319791 -0.0192377797964 0.150593632486
-0.0136355551766 0.00778567346256 0.141077253511
0.058413019634 0.00725690039265 0.16465591876
0.0380365254447 -0.00296230186396 0.158075684599
0.00284158151376 0.020210658253 0.137177036966
-0.00242250318759 -0.0342414957954 0.133122629328
0.0130354527629 -0.0112055112989 0.127616048408
-0.000322535300855 0.0147187239622 0.132493069775
0.00277966671342 0.0128846150805 0.128676248765
0.00948629638116 -0.00778669024189 0.139699699287
-0.0129706378653 -0.0294042732619 0.163104427053
-0.0182503103035 -0.0101570616664 0.13474882798
0.0246320715909 -0.00975699267246 0.138952310266
-0.0244694494713 0.0210313213806 0.139726780317
0.0141351916896 -0.0012729025912 0.138438619548
0.00406247605886 0.0138564175589 0.143981517867
0.000599653057428 0.0131768829418 0.17948529989
0.0217982780509 0.00192700131525 0.156967006199
0.00167054838967 0.0186000639693 0.117460952557
0.0227325900587 0.000433922705764 0.143997996738
-0.00487579700024 -0.00490026677421 0.129278720754
-0.0145416074745 -0.00147749507175 0.137084145745
-0.0249665427077 0.0234069979611 0.137672118275
-0.0258570891563 -0.0109322261683 0.138107843936
-0.0158598819571 -0.0135174657627 0.143655340759
0.0127064711772 0.0317941948929 0.159961936558
0.0103548464771 -0.00693622827891 0.115508670075
0.0158433889185 0.025836176739 0.148938112847
0.0100187730515 0.0168041026228 0.13158237722
0.00776958452259 -0.000573417060737 0.137062005426
-0.0171776731514 -0.00769102545143 0.153883947952
0.00168730963151 -0.0184011568993 0.150541926624
-0.0196696210625 0.000479197404975 0.131113623971
0.000528050865586 -0.0204355291172 0.150337760109
0.000141375718103 0.00719040806137 0.136068891388
0.0464135096562 0.025955116826 0.108982321005
0.0383708372765 -0.0145477646702 0.141954285128
0.00321373962457 -0.00318621004377 0.132767406146
0.00998959344638 0.00656210600428 0.127298380138
0.000318540911395 -0.0250687168922 0.127217640208
-0.0064899114484 0.00408465964913 0.127101331026
0.00762279551683 0.00657813735646 0.160528447561
-0.0233091981331 -0.0119938832128 0.176083674663
-0.0270370799947 0.00555082065671 0.19421188197
-0.0426963783136 -0.00223771711294 0.135597141308
-0.00104629172366 -0.00457064579217 0.148812928404
-0.0116334115491 -0.00842378505853 0.155301775892
-0.0186047571617 -0.0279358409618 0.149476290943
-0.00967465079698 -0.00489596543941 0.137067882976
0.00425636060073 0.0231762376509 0.153015949767
-0.0425945966802 -0.0168915782758 0.15062684244
-0.0132259607618 0.0119093482834 0.156612757207
0.0242621518723 -0.00685684203522 0.165047667587
0.0173050128611 0.0174821506819 0.166925914157
0.0143891385951 -0.0197901886502 0.139582302323
-0.02425030115 0.0007093367347 0.16186686989
0.00596840526552 0.0154597889409 0.122656871429
0.00898787273871 0.00248633742547 0.153628092937
-0.00826925431832 -0.00376835043176 0.148163465975
0.00581757722076 0.00032742459689 0.177355674514
-0.00814111725743 0.0229598770734 0.154697252161
0.0381039127936 -0.039778762142 0.210692312622
0.0207947956181 -0.00169593892015 0.157999931418
-0.00768905102753 0.00316001910322 0.184332368108
-0.0365528199924 0.00624502014284 0.13003504138
0.0315290407377 0.000152538652012 0.182054963021
-0.0117259792192 -0.00776245400912 0.146015760375
-0.00744505329576 0.00559644917396 0.138130331651
0.0182575057592 0.0252220820037 0.147980476297
-0.0412386566675 -0.0151016733759 0.146920355987
-0.00520528430772 0.0401934228557 0.154207689566
-0.0128116669448 0.0444264287113 0.149383280708
-0.0147148938755 -0.00852484479273 0.146242157917
-0.00981737560044 0.0159036425225 0.140130347138
0.0440938534546 -0.0111019684784 0.16400894428
0.00647017787677 -0.0197666398302 0.156960756549
-0.00113781241601 0.00117886261186 0.169360219364
-0.00161233204334 -0.00784271968287 0.147611076125
-0.0120475183885 0.00253993959922 0.145439771431
-0.00489076415403 0.0292272931344 0.13404658234
-0.0105074642994 -0.0234182979372 0.146338437055
-0.0399211199841 -0.0178926831166 0.168491976686
-0.00707199971518 -9.57115992741e-05 0.1807682844
-0.0286485355464 -0.00204619872071 0.161849238605
0.0346124813874 -0.000611253014226 0.154264146055
0.000951307574994 0.00445155584245 0.153158071189
-0.0161404946273 0.012220387908 0.145611291635
0.00285052181865 -0.0319350561357 0.149097992207
-0.0178729309062 0.00562040719759 0.146216386445
0.00595572951924 -0.022575215924 0.151617811309
-0.00438163437822 0.0129102583453 0.180456658255
0.0625621348419 0.000717528489981 0.169416072181
0.000893074019699 0.0271745049793 0.141495152929
-0.0235634207822 -0.016258043534 0.164515909302
-0.0238346193414 0.0449972633212 0.139706633315
0.0181346633653 -0.0222395394842 0.122958887888
0.0159697944214 -0.0147950615908 0.165938589978
0.0100960115654 0.00695959332628 0.150229009562
0.00643476376856 -0.0232566911315 0.148739671836
-0.00486172770858 0.0156762382165 0.180815001578
-0.0070121318683 0.0280492203407 0.202511158896
0.0241147066562 0.00611983752989 0.171212921749
-0.00756915757504 -0.0166137513999 0.133739716361
0.00266700455484 -0.00389074209914 0.155896387474
0.0249459714179 0.00306403259309 0.123120693453
-0.00705414996019 0.00963275867244 0.172681520224
0.0225748950906 -0.0324430193518 0.157872815705
-0.00157919660114 0.0214395825781 0.151874261014
0.0528870699086 -0.00616513319143 0.161222421332
-0.0196011777402 0.0116141932993 0.138940812198
0.00422224607596 -0.0160299518111 0.163435735603
-0.00371062257766 -0.0184331426202 0.166891726349
0.00626013235633 0.000804933774836 0.147333884701
-0.032108285234 0.0126708001941 0.164163029684
0.00389034014577 0.0272579592697 0.161635854762
-0.0264973812391 0.0203961668014 0.173927499015
0.0382395546864 -0.0227134738442 0.121711183228
0.00836111673812 0.0126487859737 0.161809739286
-0.0127833622488 0.0146647275669 0.167086202044
0.0213309993058 0.0154001049896 0.18545277741
-0.0139136307863 0.00114983350439 0.158552001733
0.0314100313197 0.00234964123227 0.159872932758
0.0241894444895 -0.0334421345898 0.17783917931
-0.0163455332158 0.000870354965813 0.152337839204
-0.00483515876645 -0.00301810988657 0.190378314655
0.00617813152296 0.0107409440989 0.160764673403
-0.0113433231084 -0.0229091876038 0.164982834432
0.00845064571493 -0.0143352752543 0.151513542874
-0.046178329312 -0.0195619374994 0.227344875688
-0.0212719856263 0.00487161876349 0.204266568797
-0.00318835367834 0.00811694507912 0.131443904452
-0.0362423478308 0.0362914306068 0.173578497525
0.00877163642022 -0.0286256733317 0.15900125037
0.00736081909747 -0.01361748341 0.186715826783
-0.00430597023468 -0.0252670904639 0.175521917929
0.0323893523896 -0.0118540102344 0.186810374025
-0.000775772836451 0.00904065619289 0.15153899415
-0.0278637972981 -0.0442439563727 0.195377831905
0.00998809565742 0.0156235833442 0.195665979274
0.00776113657703 -0.0268000727155 0.175951545126
0.00718556280583 0.011732049585 0.160380718953
0.0172018165417 -0.0376271541392 0.15932285901
-0.0277927003099 -0.0200011692353 0.168025139126
-0.0412712172884 0.00572565685898 0.213977851306
0.0250948608339 0.00543751938835 0.198670035202
0.00463511126396 -0.000825345757046 0.160125878481
-0.00457387402521 0.0605739175905 0.196621659973
0.00430188818803 -0.0172624073712 0.163210384315
-0.0123237697722 -0.00706044935725 0.181189702302
0.00406752687327 -0.031247460053 0.189686064314
-0.00392316938741 0.0113632916258 0.19927255967
-0.00400772435196 -0.00770278440418 0.169066269527
-0.0121283537659 -0.000555893825303 0.18266084774
0.00949849397715 0.0231905690354 0.152405507323
0.0107942112069 -0.0151008150598 0.16280298879
0.0127038391069 -0.0181904204601 0.197337807623
0.00513512101057 0.00452662099431 0.208002227975
0.00261049032772 0.00523462774311 0.154791255445
-0.0316645669964 0.0189124435321 0.182226727703
-0.00710640329551 0.00588615531042 0.159488174195
-0.0213403017803 -0.00925505782792 0.201228598984
4.35462420098e-05 0.0515045275283 0.196649983159
0.0433053287588 0.0214503820313 0.189325245648
0.000713766051673 0.0157724050265 0.174629066176
0.00792420775872 0.00363253680669 0.167256328673
-0.00237130852596 -0.00977082578979 0.171289849123
-0.0122020885235 -0.0244946046354 0.148641870713
0.018025821879 -0.0146296742737 0.174296343916
-0.00118165361829 0.0321301668119 0.225255495754
0.0383347643379 0.00604421297469 0.184534841249
0.0186797742656 -0.0261533627059 0.162092649113
-0.00586890372702 0.00808212188417 0.181936382996
0.00301308867212 0.0116005620735 0.204476109746
8.41539540527e-05 0.00446420749103 0.196286420577
0.0176826479928 0.00344844056843 0.207679138828
0.0294512889335 -0.00389468275706 0.152163697087
0.0102254206626 0.00409979226143 0.169292066958
0.0147562498894 0.00886439744743 0.18429741511
0.0317179091297 -0.00337963217958 0.183875719172
-0.0024305518082 0.0225762359319 0.164132537297
0.00411973967642 0.0325997751608 0.190003681611
0.0279209263925 0.0261135771142 0.181480778586
-0.00692684682401 0.0134900555408 0.178992128617
-0.00207735961123 0.0384627491518 0.204421273761
-0.00337091562875 0.00680168922308 0.190676679696
-0.030140418117 0.0162115709782 0.178087003394
-0.0162588692947 -0.0061039406449 0.189943110233
-0.00307643457113 0.0197583783091 0.175584670526
0.0170959201183 -0.00103239602009 0.191072432878
0.00746228349713 -0.00708979179258 0.173109814613
0.00107244734256 -0.0229376494911 0.195433278892
0.00404182902005 -0.0115580507645 0.206781465067
0.0153068294516 -0.000332825701318 0.173656242867
0.00154245552299 0.0106300026496 0.22609270663
0.0111243035747 0.0238318569953 0.156067396121
-0.018821953595 -0.00179904123953 0.153813081719
0.00851447516346 -0.0214939865789 0.203398954726
0.0155317062916 0.00343554255828 0.203054771617
-0.0195323640673 0.00764561215954 0.206687501473
0.0351627611886 0.0301813546693 0.176765097103
-0.0248173414608 -0.00525249291189 0.183324522141
-0.00375850385561 0.0143564695013 0.19365794885
0.00977431950943 0.00627730293914 0.177411931896
0.0180240961112 0.00026971102421 0.17500718735
0.00999622841882 -0.0155503479999 0.223665085168
0.0408523636282 -0.00629083462343 0.200672077417
