x (mm)   y (mm)   z (mm)   vx (m/s)   vy (m/s)   vz (m/s)   time (ms)   dens
0.116 0.647 36.71 10.56 19.81 -18.08 0.0
3.538 5.288 39.77 109.03 141.39 120.23 0.0441
0 0 0 0 0 0 0
-0.625 0.416 44.55 -13.75 -6.49 8.99 0.0
3.864 5.057 49.26 138.42 129.19 133.41 0.0563
0 0 0 0 0 0 0
-0.124 -0.265 42.95 10.62 16.0 18.57 0.0
4.4 4.584 47.63 137.06 139.37 139.68 0.052
0 0 0 0 0 0 0
-0.835 -1.392 44.96 2.08 -23.85 -2.73 0.0
5.575 3.073 52.16 146.7 130.09 152.8 0.0708
0 0 0 0 0 0 0
0.037 0.365 42.23 -21.81 -4.2 -0.48 0.0
4.425 4.564 47.14 130.39 123.75 144.79 0.0564
0 0 0 0 0 0 0
-0.04 0.035 39.96 3.51 10.84 -3.19 0.0
5.186 3.696 43.7 156.7 119.55 117.15 0.0484
0 0 0 0 0 0 0
0.249 0.342 38.75 -6.42 -10.38 13.72 0.0
4.113 4.86 43.63 136.68 146.88 143.1 0.0592
0 0 0 0 0 0 0
-1.37 -0.151 41.66 2.01 12.04 -13.96 0.0
2.756 5.728 45.74 119.27 156.09 134.97 0.0535
0 0 0 0 0 0 0
-0.489 -0.036 36.34 -9.25 -16.47 -19.98 0.0
5.018 3.909 40.62 163.24 126.88 154.08 0.0534
0 0 0 0 0 0 0
-0.422 0.485 36.24 4.71 9.33 2.13 0.0
3.51 5.303 40.37 127.32 142.35 134.03 0.0493
0 0 0 0 0 0 0
1.564 0.366 44.12 5.5 5.11 -9.88 0.0
4.923 4.016 47.87 112.63 132.96 144.14 0.0475
0 0 0 0 0 0 0
-0.121 0.464 42.45 27.6 -3.53 9.33 0.0
4.567 4.44 47.36 124.58 122.14 138.94 0.0547
0 0 0 0 0 0 0
0.182 -1.495 35.73 4.12 0.37 4.83 0.0
4.816 4.173 40.77 144.82 166.63 142.4 0.0573
0 0 0 0 0 0 0
-0.268 0.244 35.54 1.83 -15.07 11.26 0.0
4.356 4.636 41.23 131.14 138.93 155.63 0.0578
0 0 0 0 0 0 0
-1.402 -0.082 35.74 2.28 7.03 -3.69 0.0
3.745 5.151 41.04 117.81 129.9 137.57 0.0611
0 0 0 0 0 0 0
0.078 0.523 42.96 5.76 -16.86 10.09 0.0
4.314 4.665 47.94 113.06 120.78 136.75 0.062
0 0 0 0 0 0 0
0.098 -0.771 35.57 -1.49 -1.86 9.83 0.0
4.559 4.443 41.27 121.05 138.61 154.19 0.0545
0 0 0 0 0 0 0
0.594 -0.511 35.52 25.64 8.21 -17.67 0.0
5.252 3.599 38.87 129.23 150.26 126.14 0.0445
0 0 0 0 0 0 0
-0.839 -0.773 42.46 10.77 26.56 -3.09 0.0
4.264 4.722 48.34 136.96 144.12 140.98 0.0634
0 0 0 0 0 0 0
-0.235 1.243 36.52 7.14 18.19 6.48 0.0
4.216 4.762 39.77 153.21 119.18 109.1 0.0507
0 0 0 0 0 0 0
0.066 -0.193 42.33 -2.08 -13.79 20.58 0.0
4.568 4.42 48.55 135.63 151.82 149.29 0.0615
0 0 0 0 0 0 0
0.06 1.92 37.95 5.24 6.03 -17.1 0.0
3.403 5.379 41.0 112.9 121.64 119.74 0.0476
0 0 0 0 0 0 0
-0.432 -1.476 36.71 -32.78 9.11 8.33 0.0
4.702 4.294 42.21 152.49 149.42 137.52 0.0593
0 0 0 0 0 0 0
-1.017 -0.253 44.47 13.38 -7.02 -2.02 0.0
4.799 4.182 49.74 152.42 129.93 151.76 0.0631
0 0 0 0 0 0 0
0.231 0.009 38.42 5.11 -8.17 17.61 0.0
4.838 4.132 43.81 152.5 154.46 154.21 0.0518
0 0 0 0 0 0 0
1.038 -1.07 36.16 -19.21 -3.24 29.64 0.0
5.117 3.781 41.85 138.86 132.13 136.26 0.0616
0 0 0 0 0 0 0
-0.481 0.347 38.04 -7.18 -5.41 -19.46 0.0
3.713 5.158 42.68 118.84 123.5 133.6 0.0578
0 0 0 0 0 0 0
1.02 0.369 44.52 12.35 -15.03 -3.9 0.0
5.106 3.778 48.34 125.61 128.98 145.83 0.0462
0 0 0 0 0 0 0
-0.096 -0.089 41.68 -22.35 6.74 -24.41 0.0
4.166 4.817 46.77 141.11 135.32 143.78 0.0572
0 0 0 0 0 0 0
0.022 0.073 36.92 -10.06 -3.17 4.91 0.0
4.599 4.401 41.94 122.47 122.51 134.8 0.0568
0 0 0 0 0 0 0
-0.905 -0.65 37.94 21.56 21.14 15.76 0.0
4.365 4.626 43.41 154.67 150.96 149.99 0.0513
0 0 0 0 0 0 0
-0.157 0.667 36.51 -6.26 11.54 -28.05 0.0
3.753 5.133 39.9 131.83 128.36 126.23 0.0538
0 0 0 0 0 0 0
-0.431 -0.309 42.81 -5.78 3.43 11.66 0.0
3.899 5.025 49.53 108.4 123.08 146.03 0.0659
0 0 0 0 0 0 0
1.053 -1.349 41.3 3.07 -11.86 -2.92 0.0
5.52 3.141 45.39 111.69 125.45 116.61 0.0634
0 0 0 0 0 0 0
0.957 -0.156 40.95 9.32 -1.98 9.06 0.0
5.48 3.227 44.63 141.25 136.1 139.56 0.0473
0 0 0 0 0 0 0
0.07 0.003 41.63 -9.29 -2.47 -2.46 0.0
4.466 4.528 46.13 123.05 120.71 123.41 0.0593
0 0 0 0 0 0 0
-0.76 -0.519 42.03 -8.13 13.0 -15.97 0.0
3.738 5.134 46.02 145.88 149.88 142.5 0.0583
0 0 0 0 0 0 0
0.585 1.489 43.35 0.21 5.2 -18.47 0.0
4.019 4.924 46.43 113.47 123.97 118.09 0.0415
0 0 0 0 0 0 0
0.17 -0.011 44.39 6.89 -2.13 -17.55 0.0
4.45 4.54 48.44 124.46 128.87 125.51 0.0531
0 0 0 0 0 0 0
0.648 -1.268 44.44 2.63 9.97 -25.85 0.0
4.998 3.925 48.61 123.56 129.1 128.05 0.0544
0 0 0 0 0 0 0
-0.941 1.705 35.16 8.16 9.19 11.92 0.0
2.831 5.684 39.46 110.0 120.83 131.63 0.0517
0 0 0 0 0 0 0
-0.208 -0.4 38.48 23.46 -11.35 -4.02 0.0
4.908 4.054 42.2 138.08 155.09 119.36 0.055
0 0 0 0 0 0 0
0.149 -0.015 37.57 1.39 8.71 3.41 0.0
4.257 4.73 41.22 136.16 133.47 115.23 0.0525
0 0 0 0 0 0 0
-0.011 0.023 40.29 1.02 7.49 2.75 0.0
4.004 4.939 44.29 130.21 136.72 131.93 0.057
0 0 0 0 0 0 0
-0.838 1.1 43.62 0.65 -8.9 -2.85 0.0
3.606 5.25 48.28 140.4 133.09 148.54 0.049
0 0 0 0 0 0 0
-0.642 1.043 44.65 -3.96 -10.14 -25.56 0.0
3.918 5.01 48.63 144.45 132.21 135.27 0.0579
0 0 0 0 0 0 0
-0.027 0.135 39.89 -15.52 -15.89 -0.1 0.0
4.1 4.862 45.25 148.08 139.61 157.21 0.056
0 0 0 0 0 0 0
-0.098 0.214 37.84 -13.54 -22.14 -26.72 0.0
4.969 3.979 41.79 146.3 139.67 133.55 0.0556
0 0 0 0 0 0 0
-0.223 1.795 36.99 -13.1 -4.87 -13.15 0.0
3.404 5.38 39.77 131.57 132.97 115.66 0.0496
0 0 0 0 0 0 0
-0.784 0.293 42.4 6.94 23.8 -7.48 0.0
3.605 5.242 47.36 126.98 129.26 147.52 0.0549
0 0 0 0 0 0 0
-1.082 -0.2 40.12 -8.91 -0.38 -10.94 0.0
3.886 5.038 45.45 124.24 151.24 152.62 0.0559
0 0 0 0 0 0 0
-1.24 1.029 43.39 -0.09 25.53 3.08 0.0
2.813 5.702 48.44 136.91 123.82 163.98 0.0531
0 0 0 0 0 0 0
1.202 -0.123 38.13 -4.01 -23.84 -12.99 0.0
5.104 3.802 42.86 120.11 119.76 131.26 0.0596
0 0 0 0 0 0 0
-0.574 -0.805 39.1 -23.96 -19.97 -10.75 0.0
4.009 4.941 45.58 141.14 143.49 148.21 0.0641
0 0 0 0 0 0 0
0.001 0.004 42.79 1.63 3.91 -0.59 0.0
4.103 4.862 46.67 119.33 151.65 127.06 0.058
0 0 0 0 0 0 0
0.744 0.41 38.5 3.42 -0.21 12.27 0.0
4.514 4.478 43.16 122.09 136.72 133.95 0.0518
0 0 0 0 0 0 0
-0.15 -1.106 40.46 -0.67 11.77 13.79 0.0
4.815 4.154 45.35 138.47 136.28 140.63 0.0572
0 0 0 0 0 0 0
0.001 -0.221 42.93 -11.14 -1.18 -9.37 0.0
4.485 4.519 48.04 129.06 128.02 140.27 0.0582
0 0 0 0 0 0 0
-1.415 -1.25 44.69 5.6 4.81 6.27 0.0
4.454 4.529 49.69 153.61 147.16 134.85 0.0606
0 0 0 0 0 0 0
0.274 0.386 38.27 -4.71 0.21 15.25 0.0
3.746 5.131 44.57 100.47 141.41 158.46 0.0514
0 0 0 0 0 0 0
-0.338 0.101 36.15 -31.62 16.7 -18.88 0.0
3.64 5.215 40.68 140.5 136.47 144.62 0.0546
0 0 0 0 0 0 0
-0.117 -0.113 44.91 -5.33 -3.86 24.23 0.0
4.494 4.513 50.06 138.94 138.62 134.84 0.0564
0 0 0 0 0 0 0
-0.474 -0.37 35.83 -15.04 -1.38 1.44 0.0
4.112 4.854 41.65 139.72 130.4 146.6 0.0618
0 0 0 0 0 0 0
-0.258 0.194 38.73 2.91 -22.03 -3.08 0.0
3.803 5.087 43.59 123.48 138.02 146.18 0.0583
0 0 0 0 0 0 0
1.029 0.197 42.06 -3.21 -20.61 -2.87 0.0
5.323 3.479 46.35 139.2 115.74 131.86 0.0581
0 0 0 0 0 0 0
1.813 -0.058 38.64 -0.89 22.71 39.54 0.0
4.764 4.227 43.41 106.23 148.13 139.36 0.0439
0 0 0 0 0 0 0
-0.266 0.217 40.65 -5.23 -8.6 -13.26 0.0
4.174 4.811 44.23 153.64 152.94 115.71 0.0496
0 0 0 0 0 0 0
0.806 -0.098 37.49 20.55 -0.54 -3.91 0.0
5.51 3.16 41.28 126.41 100.33 121.18 0.0568
0 0 0 0 0 0 0
1.847 0.104 41.16 10.27 -6.73 -21.26 0.0
5.168 3.713 44.2 126.31 131.79 110.69 0.0422
0 0 0 0 0 0 0
-0.217 -0.06 41.96 1.65 19.79 22.33 0.0
3.708 5.176 46.08 126.47 144.94 129.29 0.0488
0 0 0 0 0 0 0
-1.374 -0.288 44.13 12.11 -12.25 -1.41 0.0
3.706 5.161 49.2 129.67 157.2 137.2 0.0612
0 0 0 0 0 0 0
0.84 -0.686 41.14 -5.64 10.48 10.83 0.0
5.185 3.696 46.49 133.23 138.89 135.68 0.0542
0 0 0 0 0 0 0
0.226 0.263 43.28 -18.71 -3.65 -16.44 0.0
3.949 4.977 47.73 117.86 120.62 131.23 0.0571
0 0 0 0 0 0 0
0.416 -0.247 37.32 -13.34 3.73 2.6 0.0
4.847 4.108 42.0 130.27 124.13 131.41 0.0607
0 0 0 0 0 0 0
0.595 -0.683 36.3 8.56 -15.64 19.02 0.0
5.222 3.629 41.95 121.18 139.07 145.83 0.0596
0 0 0 0 0 0 0
1.492 -0.886 36.67 -0.92 -0.54 2.67 0.0
5.632 2.968 40.2 129.12 140.31 143.22 0.0483
0 0 0 0 0 0 0
0.007 0.364 41.24 -3.12 -3.35 2.64 0.0
4.148 4.814 45.6 123.59 139.54 127.91 0.0539
0 0 0 0 0 0 0
-0.026 -0.394 41.9 3.72 -12.75 3.5 0.0
5.103 3.789 48.16 148.46 122.96 150.73 0.0596
0 0 0 0 0 0 0
-0.008 0.012 37.46 -2.01 -23.08 18.95 0.0
4.627 4.372 42.58 137.76 138.92 134.58 0.0506
0 0 0 0 0 0 0
1.47 -1.28 41.4 13.2 -18.6 -13.73 0.0
5.917 2.322 45.74 138.72 123.78 150.75 0.0537
0 0 0 0 0 0 0
0.078 0.985 41.61 -13.21 7.93 6.75 0.0
3.994 4.95 45.24 133.09 133.13 133.6 0.049
0 0 0 0 0 0 0
0.745 -0.428 35.3 -4.01 14.79 -6.82 0.0
5.229 3.607 38.54 144.31 116.5 105.23 0.0491
0 0 0 0 0 0 0
-1.451 -0.188 35.39 -17.61 11.83 5.64 0.0
3.105 5.555 40.79 144.21 142.26 139.51 0.0588
0 0 0 0 0 0 0
-0.656 0.44 43.35 -11.8 -14.12 4.43 0.0
4.189 4.797 48.26 150.74 135.23 134.49 0.058
0 0 0 0 0 0 0
0.231 1.094 38.56 14.64 5.39 -2.78 0.0
3.77 5.112 43.32 125.98 137.28 144.67 0.0514
0 0 0 0 0 0 0
1.455 -0.626 36.44 12.04 16.56 11.52 0.0
5.414 3.356 39.77 130.5 132.5 124.85 0.0444
0 0 0 0 0 0 0
-0.031 -0.312 42.34 -6.24 20.6 26.72 0.0
4.605 4.399 48.26 118.18 130.43 144.88 0.0547
0 0 0 0 0 0 0
0.789 -1.011 41.2 -1.98 -14.88 5.49 0.0
5.524 3.151 46.99 122.95 127.54 144.41 0.0621
0 0 0 0 0 0 0
0.395 -0.975 40.01 19.24 -0.86 -19.31 0.0
5.22 3.654 43.45 139.35 154.13 118.08 0.0569
0 0 0 0 0 0 0
0.384 -0.093 38.43 -10.8 -15.12 7.86 0.0
5.025 3.896 43.63 129.72 124.18 129.86 0.0575
0 0 0 0 0 0 0
-0.259 0.469 37.23 -2.13 0.28 -9.02 0.0
3.625 5.224 41.54 117.88 130.55 136.91 0.0559
0 0 0 0 0 0 0
0.963 -1.679 38.62 -17.56 10.16 14.64 0.0
4.692 4.289 44.16 114.6 152.28 135.88 0.0612
0 0 0 0 0 0 0
0.247 -0.325 43.89 13.52 0.77 -8.34 0.0
5.372 3.418 48.42 163.9 115.71 145.3 0.0477
0 0 0 0 0 0 0
-1.718 0.705 37.35 -0.4 -8.68 -4.92 0.0
3.285 5.438 42.96 140.3 146.2 151.97 0.0601
0 0 0 0 0 0 0
-1.241 0.206 40.71 -16.34 -20.67 5.59 0.0
4.019 4.925 46.03 141.76 151.54 147.56 0.0655
0 0 0 0 0 0 0
-1.154 0.881 41.98 5.46 -1.28 4.48 0.0
4.168 4.796 47.32 156.52 125.23 143.63 0.058
0 0 0 0 0 0 0
1.232 0.143 40.16 -5.11 8.68 -3.72 0.0
4.405 4.581 43.89 122.71 135.63 136.98 0.0532
0 0 0 0 0 0 0
-1.082 0.281 37.14 13.41 -11.04 -17.94 0.0
4.15 4.826 42.03 135.74 145.08 150.51 0.056
0 0 0 0 0 0 0
0.271 0.223 40.26 -5.28 6.41 -4.23 0.0
4.453 4.534 45.01 150.81 134.97 156.52 0.0509
0 0 0 0 0 0 0
0.608 0.067 42.85 12.44 -3.14 -6.73 0.0
5.008 3.92 46.59 136.17 126.83 112.8 0.0505
0 0 0 0 0 0 0
0.119 0.053 40.78 -3.56 6.87 -7.52 0.0
4.41 4.575 45.82 127.35 131.96 140.86 0.0594
0 0 0 0 0 0 0
0.395 0.157 35.07 28.49 -3.92 -10.93 0.0
5.178 3.704 38.05 139.68 127.81 113.17 0.0496
0 0 0 0 0 0 0
-0.087 -0.119 42.37 13.2 -10.28 20.35 0.0
5.369 3.407 48.24 129.52 123.97 149.03 0.0631
0 0 0 0 0 0 0
-1.443 0.445 38.48 16.74 27.02 15.45 0.0
3.147 5.537 42.73 132.34 134.44 129.1 0.0515
0 0 0 0 0 0 0
-0.743 -1.634 42.51 30.15 19.94 -1.05 0.0
4.547 4.45 47.69 125.36 157.74 140.01 0.0552
0 0 0 0 0 0 0
-0.01 -0.042 40.85 -18.73 1.84 2.84 0.0
4.715 4.269 46.16 150.31 136.66 140.7 0.0539
0 0 0 0 0 0 0
-0.021 -0.043 44.07 0.71 3.68 29.11 0.0
3.977 4.972 49.97 135.73 146.51 157.34 0.0569
0 0 0 0 0 0 0
-1.533 -0.023 39.14 -8.47 -0.37 -5.91 0.0
4.182 4.791 43.57 146.75 126.61 143.34 0.0736
0 0 0 0 0 0 0
-0.089 0.131 43.84 5.31 -7.95 -8.12 0.0
4.807 4.177 49.61 137.82 128.19 145.04 0.0654
0 0 0 0 0 0 0
-0.148 -0.719 43.76 7.57 -3.64 -12.45 0.0
5.379 3.382 48.7 137.0 136.36 134.61 0.0576
0 0 0 0 0 0 0
0.102 0.004 35.49 8.9 -12.74 1.6 0.0
4.613 4.378 39.92 134.05 130.55 125.67 0.059
0 0 0 0 0 0 0
-0.354 0.071 44.14 9.4 3.47 -7.63 0.0
4.54 4.441 48.66 136.76 137.48 142.27 0.0487
0 0 0 0 0 0 0
1.387 -0.389 35.82 -28.52 6.93 12.95 0.0
4.953 3.992 40.63 129.0 139.38 138.84 0.0543
0 0 0 0 0 0 0
0.384 0.281 39.04 12.26 4.3 -5.8 0.0
4.719 4.264 42.92 105.69 122.58 108.38 0.0538
0 0 0 0 0 0 0
0.899 -1.677 37.89 24.0 -1.6 -1.91 0.0
6.041 2.013 41.36 136.88 122.15 120.22 0.0531
0 0 0 0 0 0 0
-1.226 1.257 43.05 -2.42 24.59 -1.49 0.0
1.983 6.045 46.92 109.96 138.15 115.8 0.0561
0 0 0 0 0 0 0
-0.02 0.02 42.63 -29.68 1.22 -28.86 0.0
4.148 4.832 47.39 126.38 148.51 146.05 0.0531
0 0 0 0 0 0 0
0.726 0.665 38.11 -1.52 14.34 16.49 0.0
4.502 4.488 42.48 132.22 142.54 148.46 0.0493
0 0 0 0 0 0 0
-0.469 -0.263 36.42 7.05 -15.16 0.94 0.0
5.243 3.596 42.48 138.82 134.44 150.44 0.069
0 0 0 0 0 0 0
0.029 0.189 43.82 7.29 -20.34 0.71 0.0
5.575 3.078 48.91 154.96 111.65 137.0 0.0595
0 0 0 0 0 0 0
-0.099 0.21 42.31 23.7 13.06 4.41 0.0
4.355 4.632 45.88 141.07 136.17 122.74 0.0467
0 0 0 0 0 0 0
-0.992 -0.153 39.59 27.79 14.62 2.52 0.0
3.866 5.038 43.8 133.63 144.09 126.07 0.0556
0 0 0 0 0 0 0
0.063 -0.183 39.07 -16.65 -5.83 6.11 0.0
4.859 4.109 44.68 126.5 129.64 155.0 0.0613
0 0 0 0 0 0 0
0.241 0.267 41.65 -6.77 4.45 -49.24 0.0
4.807 4.17 45.43 135.84 117.94 144.66 0.0581
0 0 0 0 0 0 0
0.713 -0.248 41.43 11.41 13.83 -21.97 0.0
4.886 4.078 44.48 130.1 140.66 117.24 0.0479
0 0 0 0 0 0 0
0.179 1.727 41.35 3.1 -2.55 1.99 0.0
3.649 5.202 44.56 126.68 108.76 109.32 0.0551
0 0 0 0 0 0 0
0.02 -1.935 42.61 -2.14 0.91 -10.65 0.0
4.998 3.922 47.62 148.89 157.91 136.71 0.0609
0 0 0 0 0 0 0
-0.8 1.556 36.52 -9.79 7.45 -2.98 0.0
2.978 5.627 40.29 139.69 145.89 117.05 0.0495
0 0 0 0 0 0 0
0.098 0.193 41.11 0.85 -0.56 16.5 0.0
4.187 4.777 46.06 112.3 125.86 135.09 0.0573
0 0 0 0 0 0 0
0.492 0.892 44.2 45.38 15.03 9.5 0.0
4.733 4.242 47.97 117.92 115.89 123.19 0.0462
0 0 0 0 0 0 0
0.727 -1.059 38.27 13.31 6.43 -0.66 0.0
5.274 3.572 42.74 133.52 133.43 122.81 0.0553
0 0 0 0 0 0 0
-0.001 0.001 41.42 -14.19 -1.57 1.59 0.0
3.912 5.026 46.21 128.26 154.53 137.38 0.0609
0 0 0 0 0 0 0
-0.06 0.054 38.45 7.7 -11.8 -14.92 0.0
4.464 4.516 42.59 137.1 124.26 141.03 0.0534
0 0 0 0 0 0 0
-0.411 -0.97 41.31 -5.96 -10.7 0.11 0.0
4.333 4.664 46.48 132.4 131.9 134.08 0.0721
0 0 0 0 0 0 0
-0.301 1.194 37.25 1.67 -12.62 -11.09 0.0
4.352 4.627 42.06 126.62 127.81 154.4 0.0577
0 0 0 0 0 0 0
1.034 -0.148 40.58 16.0 -21.83 -34.87 0.0
5.681 2.838 44.37 140.43 109.75 133.15 0.0593
0 0 0 0 0 0 0
-0.054 0.021 42.17 0.84 4.75 17.91 0.0
4.704 4.285 46.95 132.57 129.1 140.29 0.0555
0 0 0 0 0 0 0
0.112 0.166 37.6 -24.35 0.25 -0.25 0.0
4.466 4.533 42.48 128.74 120.35 133.49 0.0637
0 0 0 0 0 0 0
-1.734 0.473 35.41 35.02 14.89 0.73 0.0
3.897 5.025 40.28 135.64 126.94 140.52 0.0572
0 0 0 0 0 0 0
0.093 -0.113 36.85 11.86 -3.03 -3.07 0.0
4.63 4.355 42.27 111.65 127.81 140.11 0.0623
0 0 0 0 0 0 0
-1.529 -0.959 39.3 -10.25 1.4 6.87 0.0
3.649 5.207 44.72 138.95 154.76 146.09 0.0611
0 0 0 0 0 0 0
0.443 0.553 40.53 -5.65 19.51 -6.53 0.0
4.1 4.864 44.43 130.65 118.41 136.82 0.0559
0 0 0 0 0 0 0
-0.704 0.223 38.32 7.69 -35.4 -26.18 0.0
4.503 4.497 42.94 155.51 159.67 159.26 0.0556
0 0 0 0 0 0 0
0.055 -0.327 37.2 -20.79 -7.02 11.6 0.0
4.177 4.807 42.94 133.34 157.76 158.84 0.0561
0 0 0 0 0 0 0
-0.111 -0.713 36.1 7.4 18.61 -0.91 0.0
4.622 4.376 42.43 136.33 142.6 153.28 0.0588
0 0 0 0 0 0 0
1.654 0.746 44.38 -15.09 -6.77 -17.03 0.0
5.259 3.585 47.72 121.22 130.23 125.95 0.0476
0 0 0 0 0 0 0
0.886 0.533 35.69 -7.26 -4.34 25.46 0.0
5.09 3.823 41.74 121.98 101.53 145.24 0.0539
0 0 0 0 0 0 0
-0.072 0.04 39.47 -1.65 5.76 2.52 0.0
4.555 4.449 44.97 125.13 121.23 140.98 0.0612
0 0 0 0 0 0 0
1.236 0.558 38.19 4.68 12.65 1.33 0.0
4.666 4.313 40.73 121.82 126.26 98.64 0.0451
0 0 0 0 0 0 0
0.225 0.652 37.75 24.04 -35.04 -9.75 0.0
4.944 3.991 41.77 147.26 144.48 131.75 0.047
0 0 0 0 0 0 0
1.181 0.533 37.59 6.82 -19.29 7.81 0.0
5.277 3.558 42.44 133.07 110.46 160.5 0.0489
0 0 0 0 0 0 0
-0.746 -1.526 41.89 17.36 -13.33 -0.69 0.0
5.644 2.915 47.56 146.38 130.2 149.31 0.0626
0 0 0 0 0 0 0
1.167 -0.838 36.98 3.44 -36.88 9.93 0.0
5.614 2.992 42.16 132.8 120.82 135.95 0.0611
0 0 0 0 0 0 0
-0.179 -1.113 40.66 -1.44 -15.77 -30.83 0.0
5.566 3.072 44.6 151.38 131.85 127.56 0.0641
0 0 0 0 0 0 0
1.284 -0.863 44.68 -4.25 -0.92 -7.71 0.0
5.255 3.598 49.35 109.8 133.8 142.15 0.0621
0 0 0 0 0 0 0
-1.869 0.062 35.71 1.72 1.88 7.59 0.0
3.703 5.182 41.16 143.78 136.23 123.91 0.0688
0 0 0 0 0 0 0
1.181 0.361 42.7 -27.66 -3.86 29.35 0.0
5.004 3.921 49.83 129.72 109.87 162.01 0.0612
0 0 0 0 0 0 0
-1.031 1.139 38.67 6.73 27.37 -10.43 0.0
3.204 5.49 42.5 124.25 120.08 130.58 0.0512
0 0 0 0 0 0 0
0.112 -0.447 43.41 14.49 27.17 -15.86 0.0
4.919 4.024 47.6 136.92 129.79 120.38 0.0609
0 0 0 0 0 0 0
1.502 -1.08 39.31 6.81 29.09 4.84 0.0
5.364 3.402 43.43 128.31 150.59 134.75 0.0478
0 0 0 0 0 0 0
1.336 0.677 36.53 -26.34 0.26 -12.73 0.0
4.535 4.47 39.22 118.16 133.44 128.38 0.0443
0 0 0 0 0 0 0
0.128 0.039 36.88 -7.09 -29.45 16.17 0.0
5.22 3.644 42.28 150.19 110.94 141.42 0.0541
0 0 0 0 0 0 0
-0.785 1.679 42.18 5.37 -5.3 8.94 0.0
3.574 5.273 46.18 136.35 130.75 131.66 0.0503
0 0 0 0 0 0 0
0.976 0.895 37.04 15.98 -0.6 25.42 0.0
4.916 4.039 40.34 126.13 113.63 111.31 0.0474
0 0 0 0 0 0 0
-0.174 1.304 36.14 12.2 9.59 10.99 0.0
4.203 4.762 41.0 134.84 104.04 145.97 0.0528
0 0 0 0 0 0 0
1.793 -0.207 36.79 -13.44 -26.58 0.72 0.0
5.532 3.137 40.11 132.69 123.28 119.34 0.05
0 0 0 0 0 0 0
0.697 -0.111 41.11 4.45 14.6 3.93 0.0
4.676 4.3 45.64 127.36 132.1 146.8 0.0548
0 0 0 0 0 0 0
-0.499 0.618 39.2 -22.52 7.0 -29.41 0.0
3.494 5.327 43.2 137.72 145.23 138.13 0.0524
0 0 0 0 0 0 0
1.057 -1.552 41.18 -7.74 7.68 -6.99 0.0
5.869 2.446 44.54 142.31 126.66 107.05 0.0568
0 0 0 0 0 0 0
0.081 -0.462 39.95 31.47 -24.11 16.64 0.0
5.019 3.904 45.48 138.62 154.11 154.35 0.0516
0 0 0 0 0 0 0
-0.569 -0.193 42.56 -2.53 -6.85 12.13 0.0
5.068 3.846 49.02 134.69 136.56 145.07 0.0664
0 0 0 0 0 0 0
-0.191 -0.455 42.38 -5.58 9.16 -6.12 0.0
4.452 4.546 47.05 120.32 146.91 139.32 0.0598
0 0 0 0 0 0 0
-0.03 -0.005 43.43 -13.75 -14.11 3.03 0.0
4.691 4.29 48.63 134.46 123.29 141.72 0.0565
0 0 0 0 0 0 0
0.287 -0.037 40.69 -22.58 -2.34 2.48 0.0
4.146 4.811 46.87 119.97 133.02 168.49 0.0593
0 0 0 0 0 0 0
-0.013 -0.056 42.57 -18.65 -13.57 -2.66 0.0
4.175 4.798 46.94 133.03 127.57 120.84 0.0579
0 0 0 0 0 0 0
0.591 -0.448 40.7 -13.23 14.98 1.39 0.0
4.577 4.411 44.25 133.21 130.51 114.1 0.0575
0 0 0 0 0 0 0
-0.605 -0.407 42.06 -2.19 14.54 -4.06 0.0
3.684 5.172 46.81 120.7 155.19 126.13 0.0623
0 0 0 0 0 0 0
-0.427 0.135 39.42 -7.73 -20.01 -9.22 0.0
4.379 4.619 44.98 127.99 121.89 138.38 0.0688
0 0 0 0 0 0 0
-0.753 0.502 40.05 -4.9 10.85 0.01 0.0
3.955 4.972 44.17 130.61 135.22 125.82 0.0555
0 0 0 0 0 0 0
0.923 0.289 37.38 -0.28 1.37 7.07 0.0
5.049 3.862 42.95 132.03 118.46 156.57 0.0558
0 0 0 0 0 0 0
0.675 -0.137 44.39 1.02 3.48 0.4 0.0
5.266 3.552 48.73 131.84 116.55 133.68 0.0506
0 0 0 0 0 0 0
-0.179 0.62 38.72 7.4 11.56 -6.2 0.0
4.251 4.729 42.91 153.52 136.48 151.94 0.0516
0 0 0 0 0 0 0
0.337 -0.239 35.77 -13.77 1.96 0.57 0.0
4.452 4.556 41.08 135.47 135.38 150.94 0.0627
0 0 0 0 0 0 0
0.864 -0.536 43.24 -2.32 18.88 -8.67 0.0
5.296 3.505 47.4 141.17 116.22 130.56 0.0501
0 0 0 0 0 0 0
-0.676 -1.367 41.51 -8.25 2.51 13.27 0.0
4.264 4.712 48.25 131.61 156.07 155.83 0.0662
0 0 0 0 0 0 0
-0.195 -0.134 41.49 10.27 -9.57 9.39 0.0
4.758 4.234 46.31 132.51 128.66 122.15 0.0574
0 0 0 0 0 0 0
0.654 1.116 41.25 1.34 -5.95 7.25 0.0
4.203 4.764 44.48 119.64 123.29 114.76 0.0511
0 0 0 0 0 0 0
-0.079 -0.071 38.43 18.15 -1.77 -8.15 0.0
4.601 4.396 43.14 133.46 142.48 156.8 0.0563
0 0 0 0 0 0 0
-0.548 0.697 39.37 5.25 2.54 4.34 0.0
3.93 4.993 44.96 143.2 123.81 131.47 0.0633
0 0 0 0 0 0 0
0.414 -0.455 36.63 1.75 -30.31 -12.46 0.0
5.346 3.455 41.71 153.94 133.61 157.1 0.0565
0 0 0 0 0 0 0
-0.162 -1.781 44.94 -2.19 17.55 -7.03 0.0
4.933 4.023 49.94 127.78 150.6 154.27 0.0616
0 0 0 0 0 0 0
1.633 -1.026 37.16 -0.9 -12.32 19.57 0.0
6.035 2.007 41.55 129.13 104.62 119.83 0.0528
0 0 0 0 0 0 0
-0.961 -0.136 42.6 7.47 -3.0 11.49 0.0
4.013 4.93 48.65 127.8 128.02 162.67 0.0544
0 0 0 0 0 0 0
-0.531 -0.817 38.97 -9.98 -20.21 -6.2 0.0
4.215 4.754 46.64 119.4 135.72 149.83 0.0703
0 0 0 0 0 0 0
-0.791 -0.111 41.88 -0.35 11.05 22.23 0.0
3.953 4.972 47.39 140.29 139.82 143.51 0.0521
0 0 0 0 0 0 0
0.431 1.919 36.03 -1.93 4.97 -9.55 0.0
3.114 5.552 38.88 106.91 127.82 126.55 0.0513
0 0 0 0 0 0 0
0.739 -0.959 37.47 -2.29 -9.78 -19.87 0.0
5.209 3.642 41.26 113.0 147.78 130.41 0.0558
0 0 0 0 0 0 0
-1.613 -0.927 39.31 -9.02 -3.94 7.89 0.0
3.395 5.384 46.29 134.67 145.38 161.69 0.0611
0 0 0 0 0 0 0
0.435 -0.813 38.85 6.17 1.04 13.22 0.0
5.034 3.879 43.81 137.54 134.45 134.54 0.0533
0 0 0 0 0 0 0
0.084 1.526 40.14 -8.85 -15.43 2.19 0.0
3.821 5.075 45.09 128.47 124.95 139.39 0.0549
0 0 0 0 0 0 0
0.333 -1.021 43.45 -41.99 23.72 -14.98 0.0
4.818 4.145 47.95 149.43 147.81 144.19 0.0559
0 0 0 0 0 0 0
-0.066 -0.101 40.26 9.71 7.77 4.37 0.0
4.775 4.215 44.91 131.72 130.88 137.25 0.0513
0 0 0 0 0 0 0
0.976 -0.627 36.36 -1.52 -12.74 -2.27 0.0
5.303 3.512 41.08 121.86 135.75 135.62 0.0551
0 0 0 0 0 0 0
-0.072 0.263 39.71 -10.22 -1.76 -24.04 0.0
4.144 4.824 43.66 144.17 142.6 159.04 0.0533
0 0 0 0 0 0 0
0.311 0.981 36.74 -14.27 -10.79 -2.59 0.0
4.125 4.828 41.83 131.19 123.43 151.66 0.0576
0 0 0 0 0 0 0
-0.751 1.26 37.75 -26.72 -18.85 -6.03 0.0
2.816 5.708 42.08 131.48 140.09 154.28 0.0495
0 0 0 0 0 0 0
0.383 0.462 43.68 -14.82 12.28 -0.28 0.0
4.2 4.782 49.04 136.77 121.26 156.63 0.0516
0 0 0 0 0 0 0
-0.775 1.68 37.9 27.16 0.18 9.93 0.0
3.478 5.327 42.13 126.19 137.03 133.34 0.0477
0 0 0 0 0 0 0
-0.618 1.701 35.58 -8.18 8.36 6.89 0.0
3.465 5.327 39.91 134.93 111.37 125.19 0.0479
0 0 0 0 0 0 0
1.338 -0.37 36.12 -12.64 14.91 6.56 0.0
5.047 3.858 40.6 116.67 141.49 139.13 0.0506
0 0 0 0 0 0 0
0.829 -0.771 35.16 -5.2 3.54 -9.41 0.0
4.935 4.006 39.97 120.73 130.26 142.4 0.0555
0 0 0 0 0 0 0
-0.434 -0.003 39.38 16.68 -39.5 18.7 0.0
5.13 3.746 44.45 139.19 131.52 155.31 0.0589
0 0 0 0 0 0 0
-0.077 -1.633 38.92 5.04 3.96 -25.61 0.0
5.06 3.845 43.23 139.38 142.61 133.61 0.0628
0 0 0 0 0 0 0
0.51 1.206 39.45 -10.32 -12.2 -6.82 0.0
3.237 5.468 43.94 121.36 138.89 139.84 0.0603
0 0 0 0 0 0 0
-0.084 -1.77 35.85 2.8 10.67 -5.36 0.0
4.998 3.947 41.84 134.2 139.1 148.3 0.0618
0 0 0 0 0 0 0
-0.197 -0.17 37.98 -10.96 -6.29 4.53 0.0
4.765 4.207 42.54 144.79 135.58 137.1 0.0564
0 0 0 0 0 0 0
0.169 -0.473 41.39 -15.23 -23.38 14.42 0.0
4.827 4.152 46.27 144.03 156.34 146.8 0.0613
0 0 0 0 0 0 0
0.053 0.098 42.01 -0.48 0.88 20.2 0.0
4.999 3.941 46.48 131.54 115.93 114.4 0.0545
0 0 0 0 0 0 0
-0.372 0.501 44.95 -25.23 -1.45 3.74 0.0
3.278 5.45 49.29 119.71 121.88 129.88 0.0591
0 0 0 0 0 0 0
-0.901 -1.745 36.42 -6.05 3.59 18.22 0.0
4.908 4.052 43.25 135.2 146.22 142.9 0.0667
0 0 0 0 0 0 0
0.713 -0.835 38.58 17.25 -7.04 8.24 0.0
5.11 3.773 43.8 118.69 130.78 143.67 0.0607
0 0 0 0 0 0 0
1.768 0.366 40.18 19.86 12.78 -28.22 0.0
5.116 3.775 42.43 134.73 129.44 113.34 0.0432
0 0 0 0 0 0 0
0.764 -1.5 35.83 -8.04 8.05 -3.85 0.0
5.782 2.668 41.08 138.56 129.77 141.56 0.0595
0 0 0 0 0 0 0
-0.988 -1.722 36.16 23.47 -17.13 24.03 0.0
5.397 3.366 42.3 139.33 122.31 139.16 0.0675
0 0 0 0 0 0 0
-1.006 -0.457 39.71 -6.3 17.23 4.41 0.0
3.172 5.516 45.66 129.01 148.69 160.45 0.0686
0 0 0 0 0 0 0
-1.76 -0.727 35.21 0.65 -11.41 -6.2 0.0
4.089 4.876 41.94 125.25 123.17 130.3 0.0686
0 0 0 0 0 0 0
0.043 -0.028 44.59 -4.72 -12.57 -0.47 0.0
4.704 4.286 49.24 131.31 126.16 122.92 0.0598
0 0 0 0 0 0 0
0.36 1.952 43.55 3.72 -1.63 16.37 0.0
3.458 5.333 48.1 123.17 131.03 158.77 0.0472
0 0 0 0 0 0 0
-0.546 0.051 37.59 17.84 -0.6 17.53 0.0
4.643 4.341 43.64 143.22 149.19 158.64 0.0616
0 0 0 0 0 0 0
0.784 -0.57 38.97 -10.58 9.48 0.01 0.0
4.562 4.443 43.41 116.38 153.0 130.09 0.0554
0 0 0 0 0 0 0
-0.141 -0.939 36.32 3.06 -9.42 -2.33 0.0
5.25 3.603 41.23 156.12 130.22 157.94 0.0555
0 0 0 0 0 0 0
0.405 -0.118 39.38 -8.04 3.56 -13.35 0.0
4.77 4.219 43.09 120.95 124.94 107.54 0.059
0 0 0 0 0 0 0
0.448 0.329 35.64 -8.25 -3.96 6.33 0.0
4.509 4.497 39.94 128.89 140.3 121.07 0.0569
0 0 0 0 0 0 0
-0.262 1.599 41.79 -17.72 2.85 4.11 0.0
3.479 5.327 46.1 132.3 134.64 137.77 0.0531
0 0 0 0 0 0 0
-0.495 -0.248 43.1 14.52 -4.86 -10.54 0.0
4.701 4.28 47.2 139.62 124.89 118.21 0.0563
0 0 0 0 0 0 0
1.119 0.148 40.86 -17.42 9.62 -2.46 0.0
4.68 4.32 46.16 130.12 137.93 156.82 0.0536
0 0 0 0 0 0 0
-0.227 -0.013 39.66 17.11 15.2 4.23 0.0
4.775 4.212 43.79 142.44 123.07 122.74 0.0551
0 0 0 0 0 0 0
-0.814 0.846 43.45 -4.39 -1.4 -10.72 0.0
3.569 5.277 47.98 147.22 132.52 128.33 0.0575
0 0 0 0 0 0 0
-1.045 0.084 38.23 8.16 -5.6 6.05 0.0
4.617 4.383 43.08 168.23 141.72 136.68 0.055
0 0 0 0 0 0 0
-0.097 -0.877 43.01 -4.13 -10.42 22.76 0.0
4.759 4.214 49.88 139.01 134.31 156.86 0.0677
0 0 0 0 0 0 0
1.893 -0.612 36.77 13.15 -9.18 0.61 0.0
5.643 2.933 39.5 132.43 145.86 128.15 0.0438
0 0 0 0 0 0 0
1.554 -1.032 36.54 4.2 -11.22 -11.66 0.0
5.796 2.614 40.47 132.74 136.2 134.97 0.0516
0 0 0 0 0 0 0
0.898 0.296 43.25 22.65 19.67 2.76 0.0
5.31 3.506 46.51 128.15 117.32 117.4 0.0443
0 0 0 0 0 0 0
-1.0 0.946 40.55 3.96 -8.02 -6.35 0.0
3.993 4.942 45.07 145.96 135.35 136.17 0.0493
0 0 0 0 0 0 0
-0.008 -0.22 35.93 9.41 0.53 -12.64 0.0
5.12 3.782 39.9 154.26 126.72 140.38 0.0547
0 0 0 0 0 0 0
1.064 0.341 37.62 1.02 11.56 -4.28 0.0
4.405 4.58 40.94 114.4 133.64 106.55 0.0525
0 0 0 0 0 0 0
-0.229 0.067 36.58 -19.67 -0.02 10.43 0.0
4.443 4.544 41.47 132.46 149.82 150.74 0.0567
0 0 0 0 0 0 0
0.071 -0.369 42.19 22.43 2.79 7.11 0.0
5.113 3.778 47.54 132.28 134.14 154.0 0.0485
0 0 0 0 0 0 0
-1.658 1.006 41.07 3.05 11.24 -4.56 0.0
3.116 5.541 45.78 125.72 129.02 138.77 0.0537
0 0 0 0 0 0 0
0.26 -1.288 36.26 8.45 -11.74 3.74 0.0
5.664 2.903 41.37 144.87 132.77 143.58 0.0583
0 0 0 0 0 0 0
0.243 -1.525 36.03 -2.37 7.04 -0.08 0.0
5.299 3.518 40.84 124.81 140.02 114.07 0.0561
0 0 0 0 0 0 0
-0.385 1.298 37.17 10.87 -7.14 18.6 0.0
3.987 4.97 41.55 152.88 127.09 124.21 0.0509
0 0 0 0 0 0 0
1.136 0.951 35.81 0.64 -20.36 9.9 0.0
4.411 4.576 40.57 110.65 118.71 151.23 0.0507
0 0 0 0 0 0 0
0.699 -0.611 41.52 0.04 -6.22 13.05 0.0
5.209 3.649 46.65 122.04 135.79 150.31 0.06
0 0 0 0 0 0 0
-0.033 -0.004 43.51 6.95 -1.8 1.82 0.0
4.548 4.443 49.25 135.37 129.83 149.79 0.0587
0 0 0 0 0 0 0
-0.255 -0.49 39.8 18.77 13.25 2.83 0.0
4.881 4.063 44.67 160.56 141.74 137.73 0.0509
0 0 0 0 0 0 0
0.656 -1.302 39.76 -1.31 -0.8 4.08 0.0
5.329 3.47 45.2 138.29 130.51 145.75 0.0531
0 0 0 0 0 0 0
0.566 0.216 44.56 -4.84 6.86 6.35 0.0
3.812 5.088 49.55 110.28 143.03 152.14 0.0494
0 0 0 0 0 0 0
0.505 -1.243 44.76 28.19 6.43 -19.34 0.0
5.193 3.673 49.42 122.5 139.83 153.59 0.056
0 0 0 0 0 0 0
-1.485 -0.822 39.85 -6.22 -20.6 30.75 0.0
4.675 4.297 47.65 149.58 127.08 174.17 0.0677
0 0 0 0 0 0 0
0.391 1.691 39.53 -3.02 3.72 -18.3 0.0
3.122 5.532 42.44 107.68 122.73 121.4 0.0491
0 0 0 0 0 0 0
-1.386 0.343 41.43 15.4 -14.93 -5.89 0.0
3.573 5.252 45.74 133.78 136.85 134.74 0.0641
0 0 0 0 0 0 0
-0.467 0.351 37.57 -3.77 -10.8 -4.13 0.0
3.891 5.032 42.44 116.53 144.17 139.68 0.0622
0 0 0 0 0 0 0
0.067 -0.08 36.97 3.47 3.74 1.22 0.0
4.612 4.365 41.51 119.25 149.63 126.62 0.0572
0 0 0 0 0 0 0
0.013 0.08 38.26 3.35 -12.25 21.55 0.0
4.931 4.013 44.02 125.33 138.62 158.58 0.0557
0 0 0 0 0 0 0
-0.163 -0.528 37.77 -4.73 8.79 19.19 0.0
4.846 4.133 43.74 142.27 136.46 155.3 0.055
0 0 0 0 0 0 0
-1.341 1.1 36.11 6.49 -9.27 -0.59 0.0
3.617 5.223 40.85 149.78 132.77 139.98 0.0598
0 0 0 0 0 0 0
0.128 1.602 38.66 1.18 21.7 -15.36 0.0
3.438 5.361 41.74 121.39 132.4 124.89 0.0448
0 0 0 0 0 0 0
0.137 0.984 41.34 19.05 -15.18 -2.12 0.0
4.755 4.222 45.7 129.41 109.22 134.19 0.0569
0 0 0 0 0 0 0
-0.115 -0.15 41.97 -0.03 0.2 -18.54 0.0
4.05 4.919 47.86 137.49 139.66 161.32 0.0623
0 0 0 0 0 0 0
-0.652 1.14 36.21 -11.37 5.18 7.04 0.0
3.683 5.191 40.58 133.79 99.75 115.56 0.0564
0 0 0 0 0 0 0
0.244 0.502 38.17 -6.23 -15.92 -4.3 0.0
4.258 4.73 43.89 121.36 135.16 158.96 0.0546
0 0 0 0 0 0 0
1.257 0.079 43.24 -7.92 -25.47 7.62 0.0
5.415 3.347 47.5 131.55 132.87 138.02 0.058
0 0 0 0 0 0 0
0.044 -0.194 38.49 13.65 9.63 7.95 0.0
4.246 4.749 43.0 121.47 140.03 138.43 0.0546
0 0 0 0 0 0 0
-0.932 -0.275 39.71 3.69 -9.58 -26.33 0.0
4.443 4.551 45.08 146.5 147.21 141.9 0.0622
0 0 0 0 0 0 0
-1.113 0.912 40.21 -5.42 -3.68 3.86 0.0
3.269 5.452 44.56 120.42 141.16 138.93 0.0539
0 0 0 0 0 0 0
-1.102 -0.432 36.43 10.52 20.5 -27.67 0.0
3.972 4.964 41.15 134.79 134.47 141.92 0.0545
0 0 0 0 0 0 0
-0.304 1.387 42.42 -7.2 11.08 -19.72 0.0
2.851 5.692 46.34 103.14 129.3 124.72 0.0575
0 0 0 0 0 0 0
-0.178 0.406 44.46 -23.5 22.87 23.78 0.0
3.572 5.255 49.99 125.61 142.25 148.32 0.0548
0 0 0 0 0 0 0
1.756 -0.101 41.21 5.54 4.72 -3.59 0.0
4.675 4.319 44.08 108.56 123.57 110.59 0.0415
0 0 0 0 0 0 0
-0.927 1.237 37.82 -7.84 8.77 0.78 0.0
3.071 5.573 42.0 125.69 139.7 151.98 0.0471
0 0 0 0 0 0 0
1.202 0.455 39.22 -25.87 16.46 -16.69 0.0
4.414 4.591 43.31 127.52 129.54 139.56 0.0459
0 0 0 0 0 0 0
0.68 0.152 44.48 -10.72 7.83 -2.76 0.0
4.607 4.372 48.8 114.94 123.44 137.67 0.0562
0 0 0 0 0 0 0
0.267 -0.128 36.27 -0.37 -23.46 1.24 0.0
5.052 3.872 41.14 133.57 131.45 126.54 0.058
0 0 0 0 0 0 0
0.606 -1.047 39.37 12.94 2.47 5.9 0.0
5.233 3.598 43.93 151.78 138.44 153.1 0.053
0 0 0 0 0 0 0
-0.347 0.556 35.7 -3.58 -22.27 16.61 0.0
4.575 4.435 41.19 144.14 141.88 145.41 0.056
0 0 0 0 0 0 0
0.118 -1.678 39.23 -5.07 11.88 0.46 0.0
5.175 3.69 44.78 126.07 139.68 148.24 0.0589
0 0 0 0 0 0 0
0.242 0.888 38.81 -14.0 15.33 10.13 0.0
3.729 5.151 42.78 124.24 132.65 136.73 0.0506
0 0 0 0 0 0 0
-1.187 0.908 44.66 -3.93 -7.02 2.05 0.0
3.968 4.985 49.11 153.93 133.71 146.84 0.0511
0 0 0 0 0 0 0
-0.61 -0.455 37.84 13.02 -29.67 -7.0 0.0
5.288 3.518 43.1 138.31 122.11 138.5 0.0669
0 0 0 0 0 0 0
0.696 -0.329 35.03 -0.11 14.52 -2.18 0.0
4.839 4.121 40.04 129.94 122.45 135.52 0.0547
0 0 0 0 0 0 0
-0.112 -0.206 41.62 18.03 19.53 7.32 0.0
4.247 4.745 46.98 133.18 142.55 148.24 0.0492
0 0 0 0 0 0 0
0.065 0.086 35.2 7.66 18.68 8.62 0.0
4.91 4.05 39.96 142.63 126.29 149.5 0.0515
0 0 0 0 0 0 0
0.464 -0.786 42.34 14.36 11.32 -1.83 0.0
5.2 3.674 46.55 136.21 151.44 146.19 0.0545
0 0 0 0 0 0 0
-1.522 -1.208 39.89 10.25 -16.23 -9.56 0.0
4.222 4.75 47.17 136.6 150.54 169.46 0.0714
0 0 0 0 0 0 0
0.911 0.257 37.99 -10.61 -19.08 -22.45 0.0
5.092 3.8 41.53 154.29 145.69 136.62 0.0514
0 0 0 0 0 0 0
-0.175 0.6 35.31 4.39 -14.4 8.97 0.0
4.16 4.798 41.59 125.92 133.98 155.15 0.0557
0 0 0 0 0 0 0
-1.157 -0.146 42.25 1.45 -29.46 1.75 0.0
4.594 4.411 47.6 144.61 120.6 136.7 0.0605
0 0 0 0 0 0 0
0.442 1.14 42.99 -6.63 11.33 6.58 0.0
3.38 5.387 46.95 97.6 135.7 122.58 0.0503
0 0 0 0 0 0 0
-1.502 0.769 35.29 4.45 9.7 11.51 0.0
2.987 5.626 41.49 138.52 144.25 141.4 0.0531
0 0 0 0 0 0 0
1.449 -0.019 35.4 -25.09 2.35 16.1 0.0
4.512 4.481 39.53 125.62 133.29 137.98 0.0503
0 0 0 0 0 0 0
0.021 -0.296 44.74 10.07 3.07 -9.02 0.0
4.236 4.733 49.08 113.54 139.39 129.38 0.0562
0 0 0 0 0 0 0
0.398 0.463 40.22 26.48 10.19 4.39 0.0
4.913 4.037 44.87 147.86 131.97 159.67 0.0451
0 0 0 0 0 0 0
-1.629 -0.761 43.78 -16.12 -23.84 3.4 0.0
3.918 5.018 48.99 146.65 143.14 133.58 0.0649
0 0 0 0 0 0 0
0.035 -0.302 39.09 14.33 26.48 4.47 0.0
4.539 4.467 43.63 115.98 123.41 137.67 0.0581
0 0 0 0 0 0 0
0.152 -0.173 35.16 -8.6 20.42 5.35 0.0
3.845 5.06 40.5 118.08 134.99 140.55 0.0581
0 0 0 0 0 0 0
-0.276 -1.885 40.39 3.98 13.53 -13.88 0.0
5.052 3.882 45.84 148.37 137.75 150.47 0.0622
0 0 0 0 0 0 0
-0.013 0.734 44.45 3.7 7.66 -10.39 0.0
4.474 4.509 49.32 129.75 137.09 162.14 0.0517
0 0 0 0 0 0 0
-1.25 -0.328 35.59 0.27 -0.14 5.98 0.0
4.135 4.824 41.06 137.94 127.42 149.67 0.0639
0 0 0 0 0 0 0
1.112 -1.391 44.75 -6.76 7.81 11.85 0.0
5.298 3.537 49.68 127.15 138.53 141.41 0.0561
0 0 0 0 0 0 0
0.169 -0.1 36.75 -1.69 2.85 4.78 0.0
4.993 3.947 40.74 151.14 129.18 140.11 0.0601
0 0 0 0 0 0 0
-0.753 1.46 44.77 -23.05 11.14 -0.78 0.0
2.814 5.711 50.19 103.78 127.37 139.74 0.055
0 0 0 0 0 0 0
-1.665 -0.418 39.9 1.0 -1.35 16.07 0.0
4.169 4.817 45.25 144.35 150.64 131.66 0.0611
0 0 0 0 0 0 0
0.503 0.887 35.21 -1.51 -7.75 24.64 0.0
4.47 4.511 39.75 150.48 127.03 144.24 0.0482
0 0 0 0 0 0 0
-0.956 -1.369 36.25 -15.6 -16.8 9.15 0.0
5.264 3.576 42.1 157.29 147.9 151.61 0.0618
0 0 0 0 0 0 0
-1.027 -1.056 43.52 -0.75 6.64 -16.96 0.0
3.892 5.038 50.25 134.98 145.15 162.22 0.0648
0 0 0 0 0 0 0
0.172 -0.11 42.08 0.64 10.91 21.56 0.0
4.983 3.94 47.57 133.99 121.78 135.98 0.0565
0 0 0 0 0 0 0
0.092 -1.252 40.54 -7.55 -10.39 1.27 0.0
5.535 3.151 46.75 144.08 131.44 163.0 0.0636
0 0 0 0 0 0 0
-0.033 -0.056 35.97 -10.68 0.83 -18.37 0.0
4.472 4.524 41.73 133.39 138.0 172.82 0.0611
0 0 0 0 0 0 0
0.616 -0.443 36.59 3.01 30.08 17.03 0.0
4.275 4.71 41.41 139.09 137.53 141.12 0.0559
0 0 0 0 0 0 0
0.772 -0.138 40.25 4.72 9.39 -12.83 0.0
4.937 4.002 43.88 144.93 143.22 129.28 0.0531
0 0 0 0 0 0 0
-1.286 -0.628 38.61 6.62 14.43 -0.29 0.0
3.744 5.137 44.74 129.13 145.31 125.96 0.0659
0 0 0 0 0 0 0
0.65 0.357 43.58 6.37 -3.16 -1.98 0.0
4.712 4.282 48.09 135.66 139.61 139.7 0.0479
0 0 0 0 0 0 0
-0.015 -0.147 35.98 -14.98 -6.78 8.27 0.0
4.531 4.467 41.92 130.39 127.5 152.41 0.0668
0 0 0 0 0 0 0
0.07 -0.011 37.4 -6.62 -15.26 -9.11 0.0
4.335 4.647 41.57 136.62 127.41 118.98 0.0601
0 0 0 0 0 0 0
0.033 0.129 43.39 -13.56 -21.6 16.81 0.0
4.513 4.489 49.82 132.28 141.71 142.62 0.0653
0 0 0 0 0 0 0
-1.152 -0.4 39.13 -1.07 -2.55 6.93 0.0
4.37 4.637 44.99 142.23 152.98 150.34 0.0601
0 0 0 0 0 0 0
0.951 0.406 35.96 -2.29 15.69 10.61 0.0
4.378 4.606 40.44 133.69 131.47 134.54 0.0489
0 0 0 0 0 0 0
1.409 -1.259 40.19 2.02 -0.99 -5.54 0.0
5.688 2.849 44.59 123.77 129.84 155.36 0.0533
0 0 0 0 0 0 0
0.893 -0.06 38.29 -6.0 2.14 7.4 0.0
4.58 4.411 42.55 114.78 134.97 121.8 0.0507
0 0 0 0 0 0 0
0.55 0.28 44.6 -7.74 25.82 8.78 0.0
3.843 5.061 49.1 132.17 149.47 157.09 0.0471
0 0 0 0 0 0 0
0.532 -0.381 42.47 -1.54 4.17 -14.77 0.0
5.06 3.858 45.97 135.73 120.77 133.25 0.0533
0 0 0 0 0 0 0
0.044 -0.143 40.42 24.05 11.95 -1.71 0.0
4.507 4.476 43.86 132.3 141.19 127.33 0.0535
0 0 0 0 0 0 0
-0.255 0.453 36.23 2.21 -3.33 20.96 0.0
4.24 4.731 41.59 137.74 138.6 156.73 0.0521
0 0 0 0 0 0 0
-0.365 1.9 42.72 -19.08 -1.46 -18.43 0.0
3.041 5.583 46.13 118.37 126.73 121.55 0.0466
0 0 0 0 0 0 0
1.591 -0.382 42.89 3.12 14.43 8.05 0.0
5.54 3.133 46.67 148.01 131.17 141.88 0.0436
0 0 0 0 0 0 0
1.213 -0.012 40.49 16.35 4.83 7.07 0.0
5.453 3.275 43.71 128.21 113.07 112.83 0.0476
0 0 0 0 0 0 0
0.533 0.429 44.02 -22.34 -16.98 -2.54 0.0
4.885 4.082 48.8 123.17 111.07 115.72 0.0626
0 0 0 0 0 0 0
0.088 -0.263 35.47 -11.34 -4.91 -9.6 0.0
4.048 4.914 39.9 138.89 144.02 154.64 0.0559
0 0 0 0 0 0 0
0.431 0.185 43.37 -20.25 -10.45 18.25 0.0
4.677 4.32 48.55 135.71 123.16 141.07 0.0574
0 0 0 0 0 0 0
0.134 -0.12 44.72 -2.29 -6.11 -1.04 0.0
4.715 4.256 49.59 146.49 150.93 139.28 0.0546
0 0 0 0 0 0 0
-1.887 0.268 42.87 4.74 -22.15 -9.54 0.0
3.761 5.135 49.23 130.08 130.27 167.13 0.0629
0 0 0 0 0 0 0
-0.416 -0.089 35.88 -2.38 -4.26 15.83 0.0
5.048 3.881 40.16 139.27 113.55 135.85 0.0533
0 0 0 0 0 0 0
1.516 -0.806 39.7 19.19 -6.24 3.32 0.0
5.851 2.489 43.67 126.0 121.51 133.09 0.0491
0 0 0 0 0 0 0
-0.02 0.021 42.46 8.31 3.5 -26.52 0.0
4.196 4.793 46.28 116.84 138.9 108.24 0.0553
0 0 0 0 0 0 0
-0.229 0.051 37.66 -0.57 14.63 4.98 0.0
4.293 4.704 43.37 135.62 125.55 162.24 0.0553
0 0 0 0 0 0 0
1.461 0.463 39.6 -8.43 5.31 -12.77 0.0
4.978 3.943 43.6 117.29 136.35 139.17 0.0464
0 0 0 0 0 0 0
-1.262 0.876 41.92 7.77 8.35 -5.74 0.0
3.809 5.105 46.29 138.96 145.49 127.46 0.0594
0 0 0 0 0 0 0
-0.021 -1.092 39.03 -9.28 10.63 2.82 0.0
4.483 4.501 45.95 135.43 133.87 167.91 0.0643
0 0 0 0 0 0 0
0.033 0.025 40.82 33.02 7.65 -8.32 0.0
4.93 4.032 44.73 147.52 123.22 122.36 0.0602
0 0 0 0 0 0 0
0.084 0.017 40.1 -4.64 7.73 17.25 0.0
3.943 4.99 45.12 135.36 144.8 145.63 0.0515
0 0 0 0 0 0 0
0.642 -0.226 35.48 -2.05 -14.16 31.02 0.0
5.143 3.724 41.08 134.61 129.76 145.15 0.0542
0 0 0 0 0 0 0
0.019 0.566 38.28 16.76 1.47 -13.3 0.0
4.204 4.78 42.31 136.27 143.33 140.98 0.0521
0 0 0 0 0 0 0
0.757 0.298 44.7 5.48 -0.27 15.54 0.0
4.968 3.972 48.76 126.15 118.78 125.47 0.0574
0 0 0 0 0 0 0
0.897 1.009 41.54 2.69 9.36 -15.0 0.0
4.27 4.712 44.89 124.34 127.35 136.71 0.0531
0 0 0 0 0 0 0
-0.786 -0.629 40.15 -8.54 -7.66 3.76 0.0
4.385 4.621 45.98 128.73 136.47 156.21 0.071
0 0 0 0 0 0 0
-0.406 0.329 35.09 6.66 7.02 7.29 0.0
3.964 4.97 39.36 128.39 139.85 129.6 0.0509
0 0 0 0 0 0 0
0.175 -0.124 35.52 0.53 11.09 20.06 0.0
4.452 4.543 41.11 129.54 131.97 144.2 0.0573
0 0 0 0 0 0 0
-0.761 1.321 38.95 14.45 -11.29 4.07 0.0
3.663 5.203 44.01 123.1 134.1 153.45 0.0532
0 0 0 0 0 0 0
0.499 1.187 38.1 2.87 -16.03 18.59 0.0
4.697 4.297 43.45 141.27 128.25 158.99 0.0542
0 0 0 0 0 0 0
-0.022 0.011 40.96 17.66 -23.75 -21.81 0.0
5.409 3.335 45.06 136.82 108.87 124.36 0.0527
0 0 0 0 0 0 0
-0.091 -0.327 39.84 -29.23 15.37 -0.66 0.0
4.334 4.661 45.27 138.31 131.97 147.27 0.0596
0 0 0 0 0 0 0
0.078 -0.531 40.86 6.21 16.07 11.38 0.0
4.712 4.279 46.02 129.47 144.46 141.12 0.0568
0 0 0 0 0 0 0
-0.651 0.114 39.23 -14.56 -12.16 18.52 0.0
4.212 4.761 44.77 133.9 133.98 139.16 0.0609
0 0 0 0 0 0 0
-0.076 0.036 44.39 -9.91 3.2 -10.03 0.0
4.483 4.507 48.86 146.45 126.48 140.26 0.0557
0 0 0 0 0 0 0
-1.926 -0.488 41.01 -16.26 -13.29 -14.95 0.0
3.382 5.392 47.34 129.26 137.24 153.94 0.0702
0 0 0 0 0 0 0
-0.099 0.142 40.04 13.32 -29.99 22.81 0.0
4.693 4.297 45.95 125.26 126.14 147.45 0.0611
0 0 0 0 0 0 0
0.108 0.183 43.93 -20.52 -2.04 8.83 0.0
4.58 4.423 49.77 133.08 111.42 130.41 0.074
0 0 0 0 0 0 0
0.089 0.091 35.15 -10.35 -17.65 -3.7 0.0
4.704 4.281 38.9 136.47 126.45 135.87 0.0634
0 0 0 0 0 0 0
0.374 -0.672 41.06 -2.53 20.9 -14.78 0.0
4.185 4.781 46.23 120.32 153.11 140.98 0.0643
0 0 0 0 0 0 0
-0.562 1.865 42.93 -6.61 16.9 8.22 0.0
2.512 5.848 46.41 116.6 124.15 110.01 0.0481
0 0 0 0 0 0 0
-0.208 0.414 44.2 17.32 13.07 -3.39 0.0
4.131 4.84 47.91 133.61 134.45 115.43 0.051
0 0 0 0 0 0 0
-0.298 -1.004 40.78 1.06 -4.62 -5.83 0.0
5.191 3.659 46.68 162.9 126.65 161.02 0.0586
0 0 0 0 0 0 0
0.007 0.449 40.77 -11.2 7.21 -4.72 0.0
3.15 5.522 46.0 110.76 142.19 143.37 0.0624
0 0 0 0 0 0 0
-0.944 1.454 44.0 -0.24 0.45 -5.17 0.0
2.861 5.69 47.74 123.4 145.09 124.31 0.0522
0 0 0 0 0 0 0
-0.002 0.007 44.98 1.17 18.65 -20.41 0.0
3.871 5.036 48.17 147.72 149.18 142.32 0.0513
0 0 0 0 0 0 0
0.051 0.225 43.88 -14.74 -8.47 0.99 0.0
4.271 4.704 48.21 121.17 116.82 138.54 0.0574
0 0 0 0 0 0 0
0.467 0.9 39.45 17.34 13.11 7.97 0.0
4.209 4.771 44.06 113.04 116.4 127.05 0.0559
0 0 0 0 0 0 0
-0.093 -0.096 43.74 8.92 -18.59 0.27 0.0
4.906 4.063 48.06 153.54 133.95 138.46 0.0547
0 0 0 0 0 0 0
-0.563 0.251 42.09 6.85 -3.07 8.95 0.0
4.405 4.605 46.83 156.99 134.31 142.55 0.0537
0 0 0 0 0 0 0
0.409 -1.495 37.84 9.96 18.44 -13.13 0.0
5.039 3.878 42.78 147.88 147.7 151.37 0.0555
0 0 0 0 0 0 0
1.838 0.687 35.22 1.77 -13.98 -3.26 0.0
5.294 3.539 38.57 125.13 125.38 127.89 0.0485
0 0 0 0 0 0 0
-1.285 -1.001 40.01 -22.02 19.3 -16.73 0.0
4.225 4.756 45.19 139.2 153.86 143.06 0.0631
0 0 0 0 0 0 0
0.667 1.155 38.64 -20.33 12.67 24.19 0.0
3.458 5.339 42.8 120.27 129.12 136.86 0.0437
0 0 0 0 0 0 0
-0.163 0.153 41.93 16.06 49.06 -14.65 0.0
3.777 5.124 45.68 110.03 136.47 121.91 0.057
0 0 0 0 0 0 0
-0.371 1.396 44.68 5.84 6.57 18.88 0.0
4.227 4.742 48.75 143.54 109.74 121.12 0.0513
0 0 0 0 0 0 0
-1.03 0.039 38.93 5.35 -4.12 -10.93 0.0
4.379 4.607 44.29 151.01 142.67 167.76 0.0648
0 0 0 0 0 0 0
0.202 0.154 42.33 21.18 21.16 6.81 0.0
4.785 4.188 46.86 137.68 118.7 145.74 0.0471
0 0 0 0 0 0 0
-0.938 1.216 39.18 -21.25 -1.33 -6.35 0.0
2.712 5.751 43.08 119.44 127.51 127.96 0.0605
0 0 0 0 0 0 0
-0.054 0.023 35.48 24.16 23.68 -13.29 0.0
4.539 4.454 39.06 131.7 139.37 113.7 0.0468
0 0 0 0 0 0 0
-0.905 -0.487 35.33 -19.87 19.77 -6.31 0.0
3.794 5.095 41.73 141.49 141.2 157.47 0.0618
0 0 0 0 0 0 0
-0.322 1.673 35.73 -12.31 -3.95 -10.56 0.0
3.309 5.437 39.8 136.05 141.47 137.43 0.0466
0 0 0 0 0 0 0
0.26 -0.303 41.94 24.96 22.54 20.2 0.0
4.743 4.242 45.98 141.38 137.0 130.77 0.0473
0 0 0 0 0 0 0
1.233 0.64 43.86 -12.57 12.21 -10.83 0.0
4.493 4.49 47.24 116.96 129.08 134.51 0.0461
0 0 0 0 0 0 0
-1.74 -0.15 44.11 7.76 0.52 -20.09 0.0
3.822 5.098 49.36 144.86 147.75 154.77 0.067
0 0 0 0 0 0 0
0.943 0.013 42.97 9.57 -5.33 15.98 0.0
5.418 3.313 47.15 152.25 118.37 130.93 0.0513
0 0 0 0 0 0 0
-0.587 0.262 37.15 14.43 -4.28 10.83 0.0
4.107 4.847 41.95 137.01 134.48 139.81 0.0518
0 0 0 0 0 0 0
-0.036 -1.317 44.7 5.54 10.95 11.71 0.0
5.218 3.66 49.49 161.09 140.03 141.2 0.0521
0 0 0 0 0 0 0
-0.711 -1.065 36.33 16.29 6.88 3.62 0.0
4.661 4.346 41.35 148.51 147.19 151.57 0.0578
0 0 0 0 0 0 0
0.279 0.2 44.58 0.71 -14.32 5.1 0.0
4.573 4.421 51.02 135.62 143.54 166.51 0.0653
0 0 0 0 0 0 0
-1.013 0.864 40.69 -7.7 8.18 -10.46 0.0
3.47 5.338 45.0 136.33 128.64 139.1 0.0591
0 0 0 0 0 0 0
-1.06 -0.224 40.84 -8.03 -6.22 -2.2 0.0
4.231 4.75 45.83 138.2 140.92 133.34 0.0648
0 0 0 0 0 0 0
-0.837 0.166 42.49 14.19 -12.82 8.5 0.0
4.335 4.667 48.17 146.85 146.55 147.54 0.0592
0 0 0 0 0 0 0
0.514 1.416 42.82 -17.94 11.29 -11.51 0.0
3.925 5.013 46.11 121.18 123.7 114.61 0.0564
0 0 0 0 0 0 0
-0.302 -1.264 35.44 2.35 -8.95 5.58 0.0
5.155 3.73 41.36 131.79 130.21 142.23 0.0716
0 0 0 0 0 0 0
0.403 -1.845 38.17 -1.56 -6.38 -1.6 0.0
5.387 3.393 43.35 133.44 141.69 142.57 0.0607
0 0 0 0 0 0 0
-0.129 0.362 38.3 0.61 -5.67 20.76 0.0
4.322 4.671 44.21 126.98 141.0 157.59 0.0637
0 0 0 0 0 0 0
0.002 -0.016 40.63 14.86 -2.54 1.22 0.0
5.0 3.918 45.25 147.94 124.94 128.3 0.0569
0 0 0 0 0 0 0
0.009 -0.229 35.49 -6.89 -2.39 1.2 0.0
4.363 4.629 39.26 144.81 157.73 127.32 0.0495
0 0 0 0 0 0 0
1.475 -0.272 36.64 -23.38 -1.86 -6.59 0.0
5.097 3.823 41.28 135.79 148.66 149.43 0.0554
0 0 0 0 0 0 0
0.234 -1.068 36.43 -17.18 6.3 -9.5 0.0
4.065 4.888 41.18 109.2 149.91 131.54 0.0616
0 0 0 0 0 0 0
-0.328 -0.649 36.56 7.31 8.32 -3.11 0.0
5.048 3.875 41.24 142.05 132.15 143.86 0.0547
0 0 0 0 0 0 0
-0.189 -0.436 41.33 8.54 -0.74 -26.82 0.0
4.753 4.219 45.43 132.52 141.56 116.4 0.0543
0 0 0 0 0 0 0
-0.885 0.71 37.04 17.23 -4.2 5.69 0.0
3.975 4.955 41.98 124.28 132.05 138.21 0.0529
0 0 0 0 0 0 0
0.47 1.055 41.19 11.96 11.19 17.47 0.0
4.316 4.684 46.05 134.53 136.38 151.28 0.0461
0 0 0 0 0 0 0
-0.827 0.646 40.04 -1.33 -18.04 -5.01 0.0
4.212 4.762 45.45 138.65 130.8 148.32 0.0609
0 0 0 0 0 0 0
-0.931 -0.455 37.18 -17.36 -14.33 -6.01 0.0
3.924 5.003 43.48 148.65 138.12 139.38 0.0672
0 0 0 0 0 0 0
0.707 0.097 36.51 13.06 18.48 -5.54 0.0
4.885 4.06 40.06 145.05 123.04 128.25 0.0516
0 0 0 0 0 0 0
-0.506 -1.425 35.66 -18.81 -1.97 4.31 0.0
4.859 4.113 42.82 130.64 142.86 157.5 0.0701
0 0 0 0 0 0 0
-1.457 -1.279 42.77 -31.36 -22.02 -6.01 0.0
4.893 4.072 51.17 148.5 120.25 152.47 0.0684
0 0 0 0 0 0 0
1.018 -0.347 43.33 -10.83 1.24 16.63 0.0
4.698 4.289 48.16 119.35 120.8 122.4 0.0528
0 0 0 0 0 0 0
-0.664 -0.712 36.54 -10.4 15.84 18.17 0.0
4.566 4.414 42.53 148.35 150.0 158.0 0.0576
0 0 0 0 0 0 0
0.959 -0.378 39.54 12.07 -0.06 31.34 0.0
5.738 2.745 44.84 153.27 103.92 134.45 0.0561
0 0 0 0 0 0 0
1.485 0.785 40.35 3.79 27.69 0.33 0.0
4.683 4.292 42.52 133.56 132.26 95.97 0.0406
0 0 0 0 0 0 0
1.582 -0.57 42.44 7.05 5.58 -5.4 0.0
5.591 3.032 46.81 126.65 112.39 133.94 0.0546
0 0 0 0 0 0 0
-0.003 0.836 44.71 17.76 12.92 -19.81 0.0
3.886 5.042 47.48 116.73 139.97 108.65 0.0459
0 0 0 0 0 0 0
-0.21 1.014 35.23 7.0 -7.62 9.35 0.0
4.358 4.638 40.22 126.74 125.79 147.01 0.0561
0 0 0 0 0 0 0
-1.813 -0.433 44.52 7.4 0.45 -7.68 0.0
3.815 5.091 51.34 133.63 140.1 164.5 0.063
0 0 0 0 0 0 0
-0.034 -0.062 40.85 -2.97 -8.9 8.65 0.0
4.542 4.465 46.97 144.89 140.89 158.77 0.0529
0 0 0 0 0 0 0
0.461 0.489 40.91 -39.55 14.22 21.33 0.0
3.372 5.384 46.64 130.58 139.44 153.84 0.0585
0 0 0 0 0 0 0
-0.851 1.439 39.71 11.63 6.5 -23.71 0.0
3.817 5.099 43.4 136.95 125.32 129.88 0.057
0 0 0 0 0 0 0
-1.209 0.494 43.0 -10.95 -12.81 -10.04 0.0
2.934 5.642 47.65 137.46 153.56 134.41 0.0542
0 0 0 0 0 0 0
0.712 -1.694 36.92 3.96 6.54 -10.71 0.0
5.745 2.742 40.51 133.49 130.25 117.54 0.0565
0 0 0 0 0 0 0
-1.512 -0.104 42.48 2.6 -0.86 19.67 0.0
4.444 4.547 48.35 144.94 116.13 128.04 0.072
0 0 0 0 0 0 0
-0.128 -0.457 36.23 0.83 -15.91 -9.4 0.0
5.008 3.933 40.71 139.79 135.5 130.01 0.0593
0 0 0 0 0 0 0
0.911 -0.507 40.25 -23.63 10.55 -5.3 0.0
4.846 4.135 44.4 137.65 137.41 124.82 0.0535
0 0 0 0 0 0 0
-0.034 0.251 42.35 -17.34 -7.31 2.78 0.0
3.966 4.966 47.96 147.3 158.39 161.17 0.0586
0 0 0 0 0 0 0
0.116 0.176 39.92 -12.14 12.71 13.53 0.0
4.082 4.864 45.14 121.27 135.22 148.06 0.0593
0 0 0 0 0 0 0
1.612 0.939 38.87 0.8 -14.5 -18.14 0.0
5.138 3.746 41.42 105.4 92.61 80.82 0.0499
0 0 0 0 0 0 0
1.19 0.719 36.75 8.39 7.89 3.27 0.0
4.869 4.094 40.47 137.0 117.42 135.85 0.0449
0 0 0 0 0 0 0
-0.103 -1.981 37.66 8.83 -15.54 2.68 0.0
5.378 3.381 42.55 131.66 124.23 122.19 0.0642
0 0 0 0 0 0 0
0.578 -1.229 37.79 4.63 1.14 6.5 0.0
5.08 3.818 41.72 124.49 161.7 134.3 0.0542
0 0 0 0 0 0 0
-0.947 0.68 37.27 -2.46 9.02 0.05 0.0
3.42 5.357 41.86 142.33 121.03 132.09 0.0611
0 0 0 0 0 0 0
1.056 0.378 37.85 -11.21 -15.77 -35.17 0.0
4.924 4.012 40.69 129.67 136.27 121.51 0.0532
0 0 0 0 0 0 0
-0.638 -0.099 36.72 -11.39 21.79 -14.74 0.0
3.175 5.509 40.51 107.37 126.63 116.63 0.0694
0 0 0 0 0 0 0
-0.905 0.391 42.97 -8.91 -10.92 -15.32 0.0
3.511 5.296 48.06 120.84 124.77 132.46 0.0621
0 0 0 0 0 0 0
0.059 0.05 41.74 41.15 5.54 41.68 0.0
4.832 4.125 46.32 133.74 135.79 133.97 0.0482
0 0 0 0 0 0 0
0.472 -1.028 42.06 1.89 5.26 6.35 0.0
4.683 4.319 46.46 118.54 151.11 131.89 0.055
0 0 0 0 0 0 0
0.116 1.558 35.09 -17.85 -16.9 13.1 0.0
3.687 5.173 38.82 129.19 118.68 114.67 0.0532
0 0 0 0 0 0 0
-1.648 0.044 35.04 5.58 36.97 -6.22 0.0
2.889 5.667 39.06 124.55 138.98 114.48 0.0592
0 0 0 0 0 0 0
-0.206 -0.199 42.02 -11.17 -1.17 -1.45 0.0
4.454 4.543 47.67 128.9 132.53 143.85 0.0614
0 0 0 0 0 0 0
-0.657 -1.239 39.86 -18.47 -1.68 -13.8 0.0
4.417 4.573 45.78 137.4 138.39 131.28 0.0657
0 0 0 0 0 0 0
0.579 0.33 40.23 -15.8 -16.71 3.66 0.0
4.267 4.71 44.87 124.65 141.18 157.83 0.0558
0 0 0 0 0 0 0
-1.818 0.066 35.27 -38.14 -5.11 13.15 0.0
2.883 5.676 41.37 140.71 138.34 149.11 0.0646
0 0 0 0 0 0 0
1.304 -0.278 43.38 -28.23 -20.35 14.13 0.0
4.469 4.514 48.72 124.72 155.92 142.6 0.0559
0 0 0 0 0 0 0
-0.007 0.292 36.51 2.55 2.82 2.17 0.0
4.978 3.951 42.16 151.38 118.26 155.31 0.0527
0 0 0 0 0 0 0
0.085 0.381 42.73 19.44 3.83 -11.3 0.0
4.605 4.389 46.41 141.92 135.18 134.53 0.0472
0 0 0 0 0 0 0
1.028 -1.244 38.95 -7.73 7.36 -2.6 0.0
5.738 2.753 44.22 127.57 108.64 127.5 0.0629
0 0 0 0 0 0 0
1.635 0.44 40.72 3.93 -20.6 -19.76 0.0
5.372 3.39 43.55 126.08 110.7 119.2 0.0472
0 0 0 0 0 0 0
0.263 0.118 37.79 2.36 -2.72 -16.91 0.0
4.354 4.64 41.65 132.74 141.57 136.18 0.0473
0 0 0 0 0 0 0
-0.38 1.81 38.78 -2.54 4.81 8.96 0.0
3.886 5.039 43.28 132.46 107.84 128.87 0.0517
0 0 0 0 0 0 0
0.051 0.128 44.02 -18.94 -4.84 18.55 0.0
3.787 5.111 49.74 116.08 127.42 146.25 0.0582
0 0 0 0 0 0 0
-0.498 -0.227 36.17 -13.2 15.14 11.63 0.0
4.558 4.449 42.17 148.38 127.25 145.35 0.0604
0 0 0 0 0 0 0
-0.903 0.383 39.06 3.43 11.3 3.56 0.0
4.163 4.802 44.25 138.72 125.02 149.8 0.0552
0 0 0 0 0 0 0
0.157 -0.126 37.56 -11.11 0.05 -24.64 0.0
4.504 4.491 42.36 132.72 139.75 139.05 0.0532
0 0 0 0 0 0 0
-0.866 0.697 39.76 -12.6 -21.31 7.2 0.0
2.942 5.631 45.99 137.89 141.47 159.05 0.0732
0 0 0 0 0 0 0
-0.659 -1.327 38.19 -0.15 -7.98 -8.18 0.0
5.187 3.685 43.09 143.5 135.63 137.27 0.0566
0 0 0 0 0 0 0
1.25 -1.368 40.02 -1.29 2.83 1.84 0.0
5.062 3.835 44.96 134.09 156.96 138.78 0.051
0 0 0 0 0 0 0
0.696 0.302 43.92 -11.33 -7.1 -7.39 0.0
4.676 4.318 48.49 124.48 128.77 135.43 0.052
0 0 0 0 0 0 0
-0.569 -0.857 39.03 -18.56 0.59 13.64 0.0
4.193 4.777 44.23 141.57 147.78 127.92 0.0708
0 0 0 0 0 0 0
0.83 0.381 43.7 -5.83 15.05 9.39 0.0
4.329 4.656 47.24 123.39 125.31 123.03 0.0558
0 0 0 0 0 0 0
-0.683 -1.619 42.07 30.68 31.71 -2.05 0.0
5.1 3.799 46.79 134.52 143.02 145.62 0.0571
0 0 0 0 0 0 0
-0.345 -0.083 39.36 -6.74 8.79 26.73 0.0
4.36 4.638 45.15 119.85 131.0 139.96 0.0612
0 0 0 0 0 0 0
0.13 -0.103 36.37 20.16 17.14 -12.73 0.0
4.327 4.656 39.82 133.87 133.26 117.77 0.0491
0 0 0 0 0 0 0
0.589 0.152 41.06 9.73 1.01 22.35 0.0
4.908 4.043 45.3 122.21 136.84 145.57 0.0483
0 0 0 0 0 0 0
-0.094 0.554 36.94 -10.65 16.16 -4.75 0.0
3.869 5.062 41.41 141.04 148.31 153.05 0.0474
0 0 0 0 0 0 0
-0.18 -0.876 43.23 9.46 -13.07 1.91 0.0
5.07 3.851 50.09 141.92 132.11 148.32 0.0601
0 0 0 0 0 0 0
0.141 -0.004 38.45 -23.22 -5.74 -1.26 0.0
4.747 4.222 42.71 131.94 118.6 139.48 0.0618
0 0 0 0 0 0 0
-0.404 -0.261 37.17 -5.33 -34.19 -6.63 0.0
4.606 4.402 43.45 135.88 146.88 152.09 0.0642
0 0 0 0 0 0 0
-0.048 0.16 36.14 -27.13 24.46 12.78 0.0
3.874 5.031 41.72 129.76 136.54 157.56 0.0492
0 0 0 0 0 0 0
-0.205 -0.18 41.13 1.92 2.22 11.51 0.0
4.912 4.038 46.44 139.74 137.08 143.64 0.0556
0 0 0 0 0 0 0
0.716 0.153 44.92 -8.9 8.14 11.51 0.0
4.746 4.228 50.68 128.54 117.65 155.34 0.0599
0 0 0 0 0 0 0
-1.249 -1.23 35.54 0.02 -20.53 5.01 0.0
4.902 4.056 42.08 150.28 140.26 146.29 0.0614
0 0 0 0 0 0 0
-0.103 0.078 41.26 -5.56 -4.32 -4.34 0.0
4.756 4.214 45.74 128.8 138.07 134.7 0.0629
0 0 0 0 0 0 0
-0.308 0.036 41.54 3.76 -13.65 -8.51 0.0
4.771 4.195 46.42 154.85 130.76 140.87 0.0608
0 0 0 0 0 0 0
0.091 1.031 42.27 6.16 -5.81 2.64 0.0
3.655 5.202 46.29 126.66 137.86 123.48 0.0488
0 0 0 0 0 0 0
-1.856 0.108 42.46 -13.4 0.66 38.31 0.0
2.981 5.613 49.57 133.85 141.48 154.91 0.0658
0 0 0 0 0 0 0
-0.128 -0.642 36.89 -7.18 7.85 12.06 0.0
4.148 4.827 42.62 126.48 136.13 150.25 0.0591
0 0 0 0 0 0 0
-0.477 -0.346 41.83 8.57 -13.45 -7.01 0.0
5.115 3.786 46.44 139.69 131.07 122.54 0.059
0 0 0 0 0 0 0
0.071 0.054 39.31 -13.13 9.2 -1.61 0.0
2.944 5.648 44.89 110.13 151.63 139.11 0.0567
0 0 0 0 0 0 0
0.071 0.038 38.32 -18.48 1.08 -8.66 0.0
3.91 5.025 42.49 135.55 130.12 131.27 0.0585
0 0 0 0 0 0 0
1.282 1.397 43.04 2.43 -1.63 9.56 0.0
4.544 4.458 46.49 108.09 104.46 113.16 0.0451
0 0 0 0 0 0 0
-1.011 -0.33 39.48 -12.52 -22.08 16.06 0.0
3.828 5.083 46.08 130.09 149.04 149.05 0.0625
0 0 0 0 0 0 0
-1.202 -0.385 42.94 1.96 18.66 -25.79 0.0
4.091 4.882 46.47 149.42 147.69 115.98 0.0536
0 0 0 0 0 0 0
-0.389 0.904 44.4 4.35 35.82 -11.25 0.0
3.665 5.206 48.56 136.02 128.72 135.57 0.0516
0 0 0 0 0 0 0
-0.468 -0.258 35.76 -8.9 -16.37 -1.73 0.0
3.971 4.979 41.05 136.58 135.09 128.51 0.063
0 0 0 0 0 0 0
-0.047 0.435 36.76 11.41 16.22 -13.26 0.0
3.953 4.983 41.39 120.96 135.52 144.38 0.0555
0 0 0 0 0 0 0
0.353 -0.108 35.4 -25.4 7.87 7.11 0.0
4.167 4.797 40.09 111.67 136.57 140.08 0.063
0 0 0 0 0 0 0
-1.049 -0.386 38.15 20.92 -18.38 -22.66 0.0
4.837 4.145 43.31 152.49 127.88 158.01 0.0587
0 0 0 0 0 0 0
-1.129 -0.256 36.07 -5.02 -3.04 5.88 0.0
4.011 4.936 42.83 138.26 137.99 162.16 0.0599
0 0 0 0 0 0 0
1.286 0.009 35.81 4.36 -8.93 -19.6 0.0
5.124 3.77 39.41 161.73 149.02 145.2 0.0461
0 0 0 0 0 0 0
1.657 0.939 37.56 -21.32 -2.29 -1.66 0.0
4.477 4.507 41.29 104.85 128.1 117.04 0.0498
0 0 0 0 0 0 0
0.305 1.915 39.27 6.54 5.63 5.65 0.0
4.143 4.83 43.01 152.26 107.48 134.26 0.0441
0 0 0 0 0 0 0
0.674 0.81 42.9 -15.23 -2.05 -0.97 0.0
3.887 5.033 47.81 117.85 159.87 150.18 0.0536
0 0 0 0 0 0 0
-0.496 0.243 44.2 -29.46 -12.0 18.91 0.0
4.107 4.868 50.42 145.13 134.84 165.15 0.0631
0 0 0 0 0 0 0
1.371 1.277 37.21 5.1 7.54 8.17 0.0
4.772 4.208 40.15 123.52 117.35 116.5 0.0432
0 0 0 0 0 0 0
0.959 -1.521 42.29 -39.92 5.1 -8.6 0.0
5.199 3.665 46.81 151.53 142.88 130.91 0.064
0 0 0 0 0 0 0
0.334 1.016 42.61 -22.29 18.2 -3.39 0.0
3.722 5.149 46.83 126.46 126.1 143.89 0.0519
0 0 0 0 0 0 0
1.88 0.628 40.69 8.29 10.79 8.35 0.0
4.773 4.205 44.27 108.08 129.69 136.08 0.0438
0 0 0 0 0 0 0
0.135 1.717 35.21 -8.03 -13.91 12.09 0.0
3.655 5.199 38.58 115.68 130.74 106.14 0.0469
0 0 0 0 0 0 0
0.349 0.251 41.85 15.09 1.74 -13.26 0.0
4.655 4.329 45.99 136.27 122.38 150.29 0.0509
0 0 0 0 0 0 0
-1.263 1.526 40.02 1.09 -23.98 -4.81 0.0
3.636 5.221 45.03 138.61 119.25 140.57 0.0593
0 0 0 0 0 0 0
-0.294 0.062 44.01 5.38 14.95 15.79 0.0
4.385 4.619 49.54 126.79 117.69 148.52 0.0563
0 0 0 0 0 0 0
1.415 0.846 42.58 36.68 -23.3 -2.98 0.0
5.084 3.808 45.25 138.02 139.25 103.31 0.0423
0 0 0 0 0 0 0
0.642 1.151 42.18 -12.67 -4.76 -3.22 0.0
4.906 4.065 47.13 149.11 129.93 165.54 0.0618
0 0 0 0 0 0 0
0.344 0.185 37.76 11.41 -14.4 7.78 0.0
5.16 3.718 42.08 130.41 116.64 129.19 0.0541
0 0 0 0 0 0 0
-0.005 0.406 37.26 9.18 -14.39 -4.79 0.0
4.563 4.42 41.36 130.68 133.82 126.78 0.0519
0 0 0 0 0 0 0
0.388 -0.28 44.35 8.58 -23.52 -4.34 0.0
5.359 3.416 49.15 140.29 130.75 144.92 0.0602
0 0 0 0 0 0 0
-0.861 0.255 40.54 6.71 -1.62 -4.95 0.0
4.34 4.649 45.17 148.71 122.17 132.08 0.0581
0 0 0 0 0 0 0
-1.409 0.752 43.71 -8.51 -9.25 -15.82 0.0
3.107 5.542 47.9 113.19 140.79 127.4 0.0589
0 0 0 0 0 0 0
1.002 -0.671 43.98 -13.58 -9.25 -8.35 0.0
5.163 3.733 47.36 141.67 132.28 109.89 0.0523
0 0 0 0 0 0 0
0.89 -1.106 39.31 12.82 9.19 11.4 0.0
4.999 3.946 44.36 113.05 132.7 146.87 0.051
0 0 0 0 0 0 0
1.31 -0.076 44.42 17.91 -28.27 -13.45 0.0
5.573 3.064 48.01 129.6 132.84 132.83 0.0539
0 0 0 0 0 0 0
-0.975 0.649 36.51 3.83 13.04 18.7 0.0
3.38 5.395 41.95 130.35 128.12 153.73 0.0568
0 0 0 0 0 0 0
0.005 -1.284 36.45 18.19 9.41 11.53 0.0
4.983 3.937 41.87 151.27 145.75 160.37 0.0546
0 0 0 0 0 0 0
1.787 0.61 40.55 -3.89 17.85 13.56 0.0
4.94 4.018 43.56 126.51 111.35 116.96 0.0403
0 0 0 0 0 0 0
-0.882 -0.481 40.36 0.8 24.54 6.49 0.0
3.85 5.071 45.82 135.52 139.16 128.21 0.0594
0 0 0 0 0 0 0
-0.288 1.151 41.7 -0.67 -1.38 2.75 0.0
3.994 4.951 45.68 140.84 118.23 114.33 0.0493
0 0 0 0 0 0 0
-0.421 -0.399 42.92 19.42 11.7 -19.97 0.0
5.149 3.745 47.45 143.85 126.51 125.68 0.0552
0 0 0 0 0 0 0
-0.029 -0.033 38.68 16.4 -16.73 3.09 0.0
4.86 4.099 44.48 141.88 130.97 159.04 0.0551
0 0 0 0 0 0 0
-0.527 1.831 35.73 -3.19 -11.03 -3.23 0.0
2.602 5.804 38.91 121.49 126.98 109.21 0.0537
0 0 0 0 0 0 0
-1.183 -0.719 35.26 -12.15 -6.01 -14.5 0.0
3.741 5.148 40.96 137.26 141.31 156.75 0.0578
0 0 0 0 0 0 0
-0.837 -0.582 42.82 -3.71 -6.95 -13.7 0.0
4.395 4.594 49.58 144.89 123.57 151.27 0.0708
0 0 0 0 0 0 0
0.003 0.303 38.44 0.92 -3.39 -17.11 0.0
4.369 4.623 43.08 149.1 128.44 152.5 0.0532
0 0 0 0 0 0 0
-0.48 0.124 43.89 -25.36 -6.45 8.36 0.0
3.169 5.505 49.45 120.22 140.1 152.02 0.0552
0 0 0 0 0 0 0
-0.991 -0.659 43.56 -7.51 -5.02 3.85 0.0
4.409 4.593 49.73 140.44 149.61 155.53 0.0586
0 0 0 0 0 0 0
-1.378 1.116 37.33 7.13 -9.02 -4.59 0.0
2.898 5.669 42.03 127.26 145.51 140.26 0.0532
0 0 0 0 0 0 0
0.55 0.549 39.19 -11.58 0.54 -11.5 0.0
4.279 4.706 43.25 120.37 138.16 140.54 0.0553
0 0 0 0 0 0 0
1.278 -1.011 37.31 1.47 4.79 -4.21 0.0
5.543 3.105 41.53 109.73 127.57 128.26 0.0622
0 0 0 0 0 0 0
-0.301 -0.488 44.13 19.96 -21.37 -4.6 0.0
4.919 4.016 49.02 128.16 127.04 146.35 0.0577
0 0 0 0 0 0 0
0.418 -0.604 40.54 7.66 12.06 5.97 0.0
4.957 3.974 44.37 133.94 144.79 125.15 0.0596
0 0 0 0 0 0 0
-0.872 0.153 38.95 -16.78 9.69 -12.54 0.0
3.34 5.414 42.49 121.95 130.28 126.11 0.064
0 0 0 0 0 0 0
1.108 -1.054 37.61 21.37 -3.29 9.75 0.0
5.606 2.998 41.14 140.79 150.99 129.98 0.0502
0 0 0 0 0 0 0
1.665 0.18 38.86 -4.35 -0.05 8.02 0.0
4.814 4.166 42.2 116.73 133.61 124.03 0.044
0 0 0 0 0 0 0
-0.583 -0.305 38.04 14.22 2.13 13.62 0.0
4.312 4.663 43.31 140.83 150.07 147.93 0.063
0 0 0 0 0 0 0
1.249 -0.817 44.77 -6.84 3.59 -12.44 0.0
4.97 3.979 49.48 125.19 132.67 146.26 0.0562
0 0 0 0 0 0 0
-1.755 -0.875 38.99 3.01 6.9 11.08 0.0
3.928 5.006 46.02 139.78 134.33 137.97 0.0704
0 0 0 0 0 0 0
0.833 0.618 43.9 -2.01 -24.62 32.74 0.0
4.818 4.147 48.29 136.94 129.18 129.03 0.0526
0 0 0 0 0 0 0
0.566 -1.169 36.38 0.57 4.64 21.46 0.0
5.42 3.322 41.84 158.56 151.75 151.66 0.0586
0 0 0 0 0 0 0
-0.477 -1.028 36.29 -12.58 -4.9 -5.71 0.0
4.621 4.358 41.47 135.18 138.42 145.62 0.0584
0 0 0 0 0 0 0
-0.828 -0.412 40.01 3.22 0.14 -16.76 0.0
3.439 5.36 44.77 126.48 150.47 157.25 0.0761
0 0 0 0 0 0 0
0.435 0.106 37.27 8.26 -11.67 -8.93 0.0
5.152 3.734 41.16 143.34 131.74 124.42 0.0499
0 0 0 0 0 0 0
0.507 1.003 38.13 7.41 -18.06 -7.86 0.0
4.638 4.353 42.32 127.96 121.75 144.05 0.0525
0 0 0 0 0 0 0
0.472 1.489 42.15 9.31 -12.66 3.22 0.0
4.482 4.517 46.17 119.13 105.58 119.63 0.0478
0 0 0 0 0 0 0
1.256 -0.523 38.02 -11.21 35.42 -16.3 0.0
4.809 4.148 41.31 129.95 136.61 131.99 0.0517
0 0 0 0 0 0 0
0.344 -0.849 35.85 -11.56 21.06 -10.28 0.0
4.261 4.728 40.12 124.91 129.62 122.48 0.0556
0 0 0 0 0 0 0
0.091 -0.612 40.0 -1.1 15.48 15.61 0.0
4.51 4.494 45.11 136.8 158.96 141.23 0.0537
0 0 0 0 0 0 0
0.222 -0.849 44.13 -10.34 13.19 -16.35 0.0
4.447 4.535 48.91 121.23 137.32 143.32 0.065
0 0 0 0 0 0 0
0.308 0.182 39.82 -28.47 -22.18 17.88 0.0
3.916 5.025 46.38 125.11 146.94 164.09 0.0605
0 0 0 0 0 0 0
-0.991 0.047 44.78 -17.78 1.04 -8.99 0.0
3.38 5.383 50.63 124.95 133.94 160.64 0.0619
0 0 0 0 0 0 0
-0.226 0.387 36.96 8.62 3.13 -3.84 0.0
4.301 4.689 41.9 140.1 134.04 151.35 0.0578
0 0 0 0 0 0 0
-0.017 -0.011 40.59 -2.49 17.81 8.35 0.0
3.88 5.049 43.95 111.69 139.4 89.24 0.0516
0 0 0 0 0 0 0
-0.962 -0.212 36.19 -17.51 -2.75 -14.6 0.0
4.13 4.851 41.43 145.76 149.97 149.56 0.0597
0 0 0 0 0 0 0
0.003 -0.009 39.91 -5.09 9.65 31.53 0.0
4.0 4.941 45.25 131.0 145.87 141.7 0.059
0 0 0 0 0 0 0
1.421 0.913 39.8 -18.43 3.49 -3.49 0.0
4.927 4.03 43.64 125.49 120.02 138.33 0.0458
0 0 0 0 0 0 0
-1.106 0.325 37.65 -3.55 8.79 -4.7 0.0
3.222 5.495 41.27 124.3 144.53 116.67 0.0555
0 0 0 0 0 0 0
-0.181 -0.594 37.84 5.62 -11.62 19.91 0.0
5.214 3.635 44.09 142.14 131.13 157.6 0.058
0 0 0 0 0 0 0
0.742 0.046 36.06 3.59 -12.45 29.17 0.0
5.303 3.513 41.3 149.12 134.77 147.52 0.0463
0 0 0 0 0 0 0
-1.902 0.012 40.62 -15.35 8.74 9.87 0.0
2.973 5.615 46.25 129.4 144.93 133.48 0.0602
0 0 0 0 0 0 0
0.077 0.698 43.04 8.83 6.37 0.13 0.0
3.743 5.147 46.88 114.67 124.7 125.46 0.0476
0 0 0 0 0 0 0
0.298 -0.417 40.19 2.37 -8.55 -8.45 0.0
5.567 3.094 44.25 152.03 114.87 133.89 0.0535
0 0 0 0 0 0 0
0.317 0.052 42.62 18.03 -14.08 4.83 0.0
5.03 3.902 47.51 125.1 107.74 123.94 0.0647
0 0 0 0 0 0 0
0.671 0.626 38.26 3.84 -23.37 -10.35 0.0
4.771 4.213 42.0 113.01 126.34 118.84 0.0529
0 0 0 0 0 0 0
1.749 0.476 39.39 14.34 -10.52 0.59 0.0
4.98 3.948 43.18 122.18 143.09 129.15 0.0465
0 0 0 0 0 0 0
-0.15 -0.062 42.15 -0.41 -12.05 13.94 0.0
4.515 4.489 46.84 110.05 122.44 111.17 0.0608
0 0 0 0 0 0 0
1.145 -1.335 42.11 -9.09 -3.2 6.94 0.0
5.665 2.899 47.69 141.87 129.41 143.02 0.0526
0 0 0 0 0 0 0
0.739 -0.893 44.7 7.57 7.73 1.11 0.0
5.277 3.565 49.26 130.26 123.97 143.74 0.0513
0 0 0 0 0 0 0
-1.103 0.271 38.0 -8.11 -15.33 3.68 0.0
3.079 5.557 43.85 123.36 142.04 149.29 0.066
0 0 0 0 0 0 0
1.594 -1.088 37.66 -5.03 -12.05 -13.27 0.0
6.054 1.923 41.03 131.24 108.41 125.6 0.0518
0 0 0 0 0 0 0
0.211 0.219 39.52 -27.59 1.88 -0.92 0.0
3.18 5.507 44.64 109.67 139.07 126.7 0.0619
0 0 0 0 0 0 0
-0.155 -0.403 44.21 -8.39 16.78 -28.13 0.0
3.99 4.965 47.68 131.18 141.13 126.62 0.0503
0 0 0 0 0 0 0
-0.755 -0.293 44.74 -0.21 13.22 -2.67 0.0
4.3 4.677 49.38 133.82 130.98 153.63 0.0548
0 0 0 0 0 0 0
0.109 -0.111 39.79 -14.18 5.88 -6.92 0.0
4.617 4.366 45.04 158.81 143.35 147.19 0.0558
0 0 0 0 0 0 0
0.257 0.504 35.19 -3.65 24.77 -3.02 0.0
4.54 4.451 39.37 131.08 130.38 128.38 0.048
0 0 0 0 0 0 0
-1.312 0.891 39.14 17.42 -1.6 20.39 0.0
3.686 5.195 43.88 153.91 122.75 135.14 0.0562
0 0 0 0 0 0 0
1.662 -0.067 42.82 -12.97 -17.16 11.9 0.0
5.692 2.823 48.13 126.33 113.98 148.14 0.0577
0 0 0 0 0 0 0
-0.217 1.908 39.83 17.14 22.09 -17.56 0.0
3.415 5.373 42.68 125.01 121.64 115.24 0.0454
0 0 0 0 0 0 0
0.249 0.227 40.42 -17.33 13.16 18.13 0.0
3.608 5.242 46.23 123.86 150.23 132.45 0.0597
0 0 0 0 0 0 0
-0.01 -0.006 39.46 -26.7 -6.67 4.54 0.0
4.693 4.301 44.71 132.29 135.08 156.08 0.053
0 0 0 0 0 0 0
0.574 -0.03 42.72 30.73 -12.85 0.82 0.0
5.171 3.706 47.08 122.47 116.9 135.31 0.0547
0 0 0 0 0 0 0
-0.152 1.909 44.28 -14.63 -7.51 -7.24 0.0
3.333 5.405 47.99 145.76 128.51 127.85 0.054
0 0 0 0 0 0 0
-0.523 -0.019 35.01 -4.69 2.96 -29.22 0.0
4.07 4.888 39.38 123.39 142.87 138.24 0.0579
0 0 0 0 0 0 0
-0.462 -0.101 36.12 -9.59 -4.27 -20.78 0.0
4.299 4.696 41.51 147.8 105.41 151.85 0.0617
0 0 0 0 0 0 0
0.693 -0.332 41.72 -9.01 -35.51 9.49 0.0
5.479 3.235 46.31 149.62 133.68 130.71 0.0554
0 0 0 0 0 0 0
-0.195 0.568 43.37 20.51 15.74 -9.66 0.0
4.166 4.814 46.91 130.64 134.19 134.58 0.0501
0 0 0 0 0 0 0
-1.045 0.421 39.47 19.27 3.01 0.21 0.0
3.967 4.972 44.38 127.06 132.7 138.71 0.0581
0 0 0 0 0 0 0
-1.1 0.954 42.65 -0.35 11.95 -10.64 0.0
2.783 5.713 46.09 126.02 136.66 113.18 0.0517
0 0 0 0 0 0 0
1.278 -1.189 39.79 -4.72 -7.98 -9.56 0.0
5.589 3.039 43.61 141.69 137.79 132.35 0.0506
0 0 0 0 0 0 0
0.036 0.573 36.7 -17.3 -29.4 21.63 0.0
4.748 4.217 42.64 141.48 138.79 159.23 0.0575
0 0 0 0 0 0 0
1.003 0.702 39.63 2.16 -21.22 22.48 0.0
4.852 4.117 44.06 114.93 132.85 138.73 0.0499
0 0 0 0 0 0 0
1.305 -1.34 36.76 -26.11 1.82 2.14 0.0
5.484 3.227 41.79 127.5 135.17 142.74 0.0563
0 0 0 0 0 0 0
0.786 -0.747 41.38 10.67 18.95 -18.36 0.0
5.163 3.706 45.33 121.74 132.83 140.1 0.0523
0 0 0 0 0 0 0
1.103 -0.428 35.52 -11.84 3.78 5.69 0.0
5.013 3.921 39.19 128.5 121.68 103.68 0.0506
0 0 0 0 0 0 0
-0.651 0.681 35.09 18.38 26.04 -18.58 0.0
3.345 5.422 38.07 137.05 152.18 127.86 0.0464
0 0 0 0 0 0 0
-0.098 0.055 42.47 6.88 26.81 2.2 0.0
3.96 4.982 46.77 132.74 133.11 134.34 0.0499
0 0 0 0 0 0 0
1.512 -0.011 42.68 8.43 14.34 -18.07 0.0
4.466 4.544 46.02 119.13 155.31 126.88 0.0494
0 0 0 0 0 0 0
-1.191 -0.201 35.26 -2.32 14.48 -10.83 0.0
3.951 4.981 40.52 144.17 138.69 146.89 0.057
0 0 0 0 0 0 0
-0.086 0.478 43.54 -22.8 20.69 -5.07 0.0
3.718 5.152 47.87 138.6 142.02 142.97 0.0494
0 0 0 0 0 0 0
0.284 -0.006 43.82 12.78 -11.07 -10.71 0.0
4.76 4.209 48.89 122.22 112.23 131.4 0.0626
0 0 0 0 0 0 0
0.239 0.565 35.54 16.34 14.91 13.35 0.0
5.032 3.873 40.33 156.07 109.12 149.0 0.048
0 0 0 0 0 0 0
-1.452 -0.988 41.67 -0.68 -8.85 -10.93 0.0
4.97 3.974 47.81 142.56 123.65 138.5 0.0739
0 0 0 0 0 0 0
1.25 -0.447 41.41 -4.0 4.8 9.41 0.0
4.781 4.195 46.7 127.15 136.4 143.22 0.0516
0 0 0 0 0 0 0
0.185 -0.145 38.17 7.75 -14.88 -7.34 0.0
5.092 3.815 42.8 111.28 110.69 128.43 0.0672
0 0 0 0 0 0 0
0.757 -0.126 42.79 13.01 -3.53 -1.71 0.0
5.555 3.108 46.38 144.38 117.36 123.12 0.0507
0 0 0 0 0 0 0
0.599 0.671 42.96 -37.81 6.68 -13.08 0.0
3.968 4.966 48.31 127.34 132.37 153.37 0.0604
0 0 0 0 0 0 0
-1.647 0.945 43.46 -2.32 -15.72 5.63 0.0
3.056 5.576 48.77 136.88 141.05 145.65 0.0646
0 0 0 0 0 0 0
0.601 0.537 41.13 17.81 5.43 8.93 0.0
4.896 4.06 45.12 114.22 102.71 121.19 0.0528
0 0 0 0 0 0 0
-0.838 -0.047 35.18 13.09 25.35 11.29 0.0
3.944 4.989 39.64 130.79 140.14 139.04 0.0605
0 0 0 0 0 0 0
-0.059 -0.525 35.42 12.11 26.16 -7.29 0.0
4.697 4.299 40.55 141.23 140.28 143.05 0.0554
0 0 0 0 0 0 0
-0.884 -0.439 45.0 -14.23 -10.11 -4.55 0.0
3.73 5.143 50.63 115.7 150.91 154.37 0.0703
0 0 0 0 0 0 0
0.913 0.631 36.45 -15.73 -15.12 7.95 0.0
4.895 4.068 41.5 120.4 122.99 149.34 0.0524
0 0 0 0 0 0 0
1.344 1.371 41.94 15.11 -3.85 -18.29 0.0
4.675 4.313 45.2 109.94 110.43 121.56 0.049
0 0 0 0 0 0 0
-0.06 -0.052 44.13 3.04 -1.18 -6.51 0.0
4.254 4.738 48.78 142.2 143.96 145.96 0.0518
0 0 0 0 0 0 0
-0.461 -0.542 36.28 -14.57 5.67 -2.56 0.0
4.405 4.578 42.4 149.22 143.71 153.03 0.0644
0 0 0 0 0 0 0
0.467 0.375 37.12 7.99 -9.6 -10.2 0.0
4.822 4.153 41.37 127.72 126.16 125.12 0.0513
0 0 0 0 0 0 0
0.65 -0.53 43.38 -11.25 15.42 -15.94 0.0
4.468 4.516 47.58 135.13 165.03 143.1 0.0491
0 0 0 0 0 0 0
0.287 -0.447 36.96 -9.87 -4.5 -6.5 0.0
4.666 4.335 41.94 134.15 136.1 144.25 0.0604
0 0 0 0 0 0 0
-0.049 -0.007 36.08 -0.26 -10.23 -9.43 0.0
4.177 4.804 40.66 115.59 126.41 115.89 0.0567
0 0 0 0 0 0 0
-0.581 0.373 44.04 2.27 -18.55 -17.15 0.0
4.242 4.74 48.5 142.09 135.07 143.75 0.0553
0 0 0 0 0 0 0
-1.386 0.497 43.71 9.26 17.11 30.17 0.0
3.231 5.486 49.85 135.54 130.01 155.26 0.0577
0 0 0 0 0 0 0
-0.398 -0.607 36.99 4.5 -8.29 -3.66 0.0
5.039 3.889 42.83 136.56 145.78 159.55 0.0678
0 0 0 0 0 0 0
-0.273 -1.36 43.87 13.78 -4.28 19.62 0.0
5.216 3.628 50.08 142.31 133.83 150.54 0.0571
0 0 0 0 0 0 0
-1.677 0.961 37.58 -7.22 8.1 -0.11 0.0
2.898 5.654 42.28 134.53 143.26 130.15 0.0545
0 0 0 0 0 0 0
-0.198 0.969 35.69 5.09 10.09 6.07 0.0
3.702 5.174 39.42 128.06 124.6 131.37 0.0493
0 0 0 0 0 0 0
0.641 -1.783 35.43 8.24 -10.56 20.37 0.0
6.063 1.931 40.91 153.69 125.83 150.59 0.0583
0 0 0 0 0 0 0
-1.164 -0.899 44.09 11.59 -8.47 -12.01 0.0
4.829 4.142 49.88 130.01 143.75 141.91 0.064
0 0 0 0 0 0 0
-0.339 0.105 39.08 -27.96 4.49 0.06 0.0
3.943 5.0 44.05 130.33 120.17 131.09 0.0595
0 0 0 0 0 0 0
-0.621 -0.542 43.44 0.8 10.37 -2.04 0.0
3.788 5.119 48.67 127.79 151.0 156.75 0.0564
0 0 0 0 0 0 0
-0.027 0.011 35.91 3.34 1.03 5.73 0.0
5.048 3.88 41.8 151.88 121.63 155.6 0.0631
0 0 0 0 0 0 0
-0.749 1.098 43.19 -3.03 -10.41 10.7 0.0
3.737 5.14 46.92 127.8 115.42 102.43 0.0609
0 0 0 0 0 0 0
0.574 1.333 38.63 -20.64 -17.45 1.23 0.0
3.551 5.287 42.53 116.89 142.02 127.8 0.0528
0 0 0 0 0 0 0
-1.154 -0.339 39.05 7.33 -6.37 16.59 0.0
4.506 4.491 45.02 136.02 128.92 142.55 0.0639
0 0 0 0 0 0 0
-0.272 0.209 37.85 8.7 -9.58 -24.54 0.0
5.001 3.937 42.7 138.44 126.48 153.27 0.0622
0 0 0 0 0 0 0
-1.108 0.488 44.47 2.31 -8.13 -12.14 0.0
4.003 4.947 48.66 148.17 132.59 137.84 0.0574
0 0 0 0 0 0 0
-0.693 0.325 41.54 2.05 1.01 -12.13 0.0
3.331 5.42 45.83 125.69 139.25 138.15 0.0564
0 0 0 0 0 0 0
-0.535 -1.737 38.96 -6.66 -21.89 11.18 0.0
4.87 4.08 44.72 120.17 161.53 141.08 0.0686
0 0 0 0 0 0 0
0.531 -0.18 40.66 -2.62 11.86 -9.26 0.0
4.055 4.893 44.68 112.91 141.42 136.24 0.0565
0 0 0 0 0 0 0
-0.619 -0.428 42.26 -15.35 4.05 3.67 0.0
3.523 5.292 48.06 131.33 152.95 168.12 0.0589
0 0 0 0 0 0 0
0.571 -0.773 41.23 0.48 19.7 -21.29 0.0
4.719 4.269 44.29 118.02 120.28 123.7 0.0625
0 0 0 0 0 0 0
0.74 -0.484 39.22 18.55 20.67 -8.52 0.0
5.112 3.768 42.36 125.34 147.11 117.78 0.0475
0 0 0 0 0 0 0
0.906 0.591 39.62 -0.85 -2.74 5.72 0.0
4.792 4.178 44.03 127.23 129.97 128.12 0.053
0 0 0 0 0 0 0
-0.593 0.965 44.03 7.45 -13.78 13.52 0.0
3.478 5.33 49.92 124.69 139.34 134.83 0.0574
0 0 0 0 0 0 0
0.45 0.553 39.31 2.49 9.21 12.21 0.0
4.27 4.727 42.94 138.27 152.61 146.39 0.0463
0 0 0 0 0 0 0
-0.214 0.914 35.75 -15.08 15.98 -11.1 0.0
2.936 5.636 39.43 126.83 156.76 146.1 0.0509
0 0 0 0 0 0 0
-0.063 -0.783 41.02 1.74 6.46 -13.43 0.0
5.139 3.735 44.5 145.87 142.32 113.77 0.0568
0 0 0 0 0 0 0
-1.33 -0.534 40.66 -19.45 17.39 -8.26 0.0
3.389 5.377 46.14 145.25 143.98 138.68 0.0609
0 0 0 0 0 0 0
-0.238 0.193 40.06 -24.95 -12.39 -0.6 0.0
3.755 5.131 46.27 125.56 127.69 146.0 0.0686
0 0 0 0 0 0 0
-0.232 -0.589 43.29 8.22 -12.64 -5.8 0.0
5.415 3.348 48.38 151.21 122.43 126.96 0.0636
0 0 0 0 0 0 0
-0.788 0.428 42.49 4.58 -11.08 7.71 0.0
4.095 4.863 48.29 128.96 131.17 148.06 0.0619
0 0 0 0 0 0 0
-0.779 0.826 43.46 2.88 -8.78 0.25 0.0
3.527 5.304 47.72 158.93 147.73 137.58 0.053
0 0 0 0 0 0 0
0.314 1.019 41.16 21.18 -6.07 -12.02 0.0
4.281 4.702 44.43 132.1 136.13 134.36 0.0512
0 0 0 0 0 0 0
-0.18 0.825 37.53 -11.71 18.35 23.9 0.0
3.725 5.153 42.14 140.99 131.64 146.44 0.0514
0 0 0 0 0 0 0
0.663 0.719 43.17 22.22 -19.79 -14.35 0.0
4.998 3.943 47.5 113.58 118.2 124.8 0.0541
0 0 0 0 0 0 0
0.116 0.074 37.99 19.23 0.72 4.43 0.0
4.978 3.947 42.33 136.88 119.38 120.38 0.0538
0 0 0 0 0 0 0
0.916 -0.243 38.94 2.15 -5.12 -5.46 0.0
4.904 4.049 42.89 126.64 124.03 137.58 0.0498
0 0 0 0 0 0 0
-0.977 -0.046 35.1 -19.12 7.22 0.67 0.0
4.185 4.796 41.47 122.49 131.58 141.58 0.0653
0 0 0 0 0 0 0
0.062 -0.207 40.52 -11.74 -11.52 -1.21 0.0
4.279 4.707 45.8 133.83 132.4 140.48 0.0625
0 0 0 0 0 0 0
-1.672 -0.464 38.35 1.11 14.92 -21.02 0.0
4.177 4.809 43.36 152.24 120.69 133.45 0.0636
0 0 0 0 0 0 0
-0.509 0.646 44.71 -18.45 -8.83 -19.29 0.0
4.279 4.697 49.86 138.14 110.45 144.15 0.0569
0 0 0 0 0 0 0
-0.433 -0.523 37.14 -6.57 -2.17 14.68 0.0
4.503 4.506 42.16 147.28 140.63 148.56 0.0625
0 0 0 0 0 0 0
0.338 -0.235 43.57 -10.15 14.03 2.63 0.0
4.397 4.584 48.76 137.66 133.9 161.05 0.0571
0 0 0 0 0 0 0
-0.249 1.646 35.22 2.58 15.33 15.93 0.0
3.449 5.344 39.59 134.64 129.39 144.75 0.0512
0 0 0 0 0 0 0
-0.638 -0.438 41.73 -8.6 -17.51 11.71 0.0
3.904 5.018 47.76 131.35 139.1 150.74 0.0662
0 0 0 0 0 0 0
-0.783 -0.07 36.58 -8.58 -24.39 -9.14 0.0
4.839 4.115 42.0 154.74 134.37 149.7 0.0583
0 0 0 0 0 0 0
-0.673 -0.244 43.84 18.5 -0.57 13.18 0.0
4.828 4.127 48.82 152.08 123.05 133.23 0.0552
0 0 0 0 0 0 0
0.129 -0.233 43.83 -14.32 2.59 -9.83 0.0
4.454 4.55 48.96 148.64 139.83 148.63 0.0576
0 0 0 0 0 0 0
0.034 -0.091 35.16 -1.9 17.76 -2.33 0.0
4.385 4.612 40.11 130.27 138.17 148.54 0.067
0 0 0 0 0 0 0
-0.911 -0.12 37.2 -13.3 2.82 8.54 0.0
3.676 5.196 42.08 123.96 137.1 128.45 0.0641
0 0 0 0 0 0 0
0.929 -0.845 37.26 -19.3 7.32 -36.15 0.0
4.726 4.253 41.96 119.09 129.93 142.79 0.0547
0 0 0 0 0 0 0
1.537 0.243 39.26 13.3 -0.54 4.97 0.0
5.16 3.716 43.14 125.18 141.19 137.28 0.0511
0 0 0 0 0 0 0
-0.061 -0.856 41.74 15.55 16.06 7.51 0.0
4.846 4.134 46.7 130.78 142.48 137.18 0.055
0 0 0 0 0 0 0
0.801 -0.544 36.95 -13.54 24.75 -8.25 0.0
4.805 4.183 41.71 136.73 135.13 144.3 0.0521
0 0 0 0 0 0 0
-0.002 0.37 35.3 19.02 6.13 -17.03 0.0
4.847 4.104 39.62 146.02 132.16 154.99 0.0516
0 0 0 0 0 0 0
0.115 -0.548 36.55 -5.54 -6.12 -12.67 0.0
4.79 4.2 41.01 145.46 140.89 134.35 0.0567
0 0 0 0 0 0 0
0.649 0.035 37.17 22.1 4.42 11.8 0.0
4.927 4.012 40.9 127.62 129.34 131.98 0.0511
0 0 0 0 0 0 0
0.25 1.494 37.34 -4.9 13.86 24.77 0.0
3.056 5.577 42.1 99.09 126.01 137.88 0.0494
0 0 0 0 0 0 0
0.188 -0.12 37.57 -9.05 -20.03 -11.69 0.0
4.619 4.384 42.24 152.19 145.82 144.23 0.0604
0 0 0 0 0 0 0
-1.02 0.232 36.14 -21.98 -7.06 21.53 0.0
4.401 4.583 41.7 131.71 111.08 128.23 0.0625
0 0 0 0 0 0 0
0.028 -0.015 44.75 -3.32 -2.53 33.87 0.0
4.545 4.445 51.56 126.88 120.1 155.69 0.0671
0 0 0 0 0 0 0
0.374 0.157 39.32 0.14 -24.43 -0.81 0.0
4.767 4.207 45.56 118.47 118.44 157.21 0.066
0 0 0 0 0 0 0
0.428 -1.301 40.77 7.36 18.82 -20.45 0.0
4.879 4.095 44.6 134.92 151.16 138.28 0.0496
0 0 0 0 0 0 0
0.092 -0.077 42.49 10.7 1.44 0.81 0.0
4.433 4.571 46.35 142.94 144.66 132.02 0.0498
0 0 0 0 0 0 0
1.27 -1.449 37.47 -14.95 13.71 -12.64 0.0
5.221 3.642 41.01 116.47 138.75 124.68 0.051
0 0 0 0 0 0 0
-1.149 0.316 36.9 -1.46 7.43 -6.09 0.0
3.578 5.267 41.87 133.58 134.37 136.88 0.059
0 0 0 0 0 0 0
0.517 1.01 41.28 -7.11 -4.95 -7.05 0.0
3.825 5.092 44.7 116.59 142.43 127.72 0.0489
0 0 0 0 0 0 0
-0.522 0.497 39.21 -11.62 8.07 7.18 0.0
3.435 5.358 44.16 120.08 123.27 134.2 0.0609
0 0 0 0 0 0 0
0.038 0.039 35.9 -4.8 -4.51 2.56 0.0
4.245 4.732 40.11 130.24 131.6 120.71 0.0605
0 0 0 0 0 0 0
0.083 -0.287 39.58 -0.97 6.09 -10.81 0.0
4.389 4.601 44.3 126.46 134.97 150.27 0.0575
0 0 0 0 0 0 0
0.177 -0.122 40.93 -11.63 -4.3 -10.39 0.0
4.911 4.035 45.74 128.71 122.23 135.22 0.0577
0 0 0 0 0 0 0
-0.989 -1.108 42.96 8.72 -22.51 -8.44 0.0
5.335 3.451 48.89 140.39 129.57 138.8 0.0665
0 0 0 0 0 0 0
1.497 -0.539 42.96 12.3 -5.65 -8.4 0.0
5.659 2.903 45.82 119.33 112.45 106.34 0.0465
0 0 0 0 0 0 0
-0.663 0.013 39.28 21.64 -6.51 -8.42 0.0
4.727 4.271 43.31 147.83 129.08 133.43 0.055
0 0 0 0 0 0 0
-0.018 0.042 41.7 7.97 8.72 6.31 0.0
4.414 4.566 46.03 134.52 125.59 140.87 0.049
0 0 0 0 0 0 0
-0.643 0.28 35.76 -3.13 -11.07 -7.7 0.0
4.172 4.796 40.97 143.57 126.41 139.38 0.0587
0 0 0 0 0 0 0
0.695 0.63 44.52 -11.67 4.78 -4.51 0.0
4.48 4.527 48.39 122.06 115.1 122.92 0.0564
0 0 0 0 0 0 0
-0.247 0.22 39.35 21.64 -20.85 -3.92 0.0
5.07 3.833 43.64 141.61 110.54 127.72 0.0531
0 0 0 0 0 0 0
0.255 -0.089 43.47 1.46 -12.25 -2.75 0.0
5.02 3.903 47.3 129.78 135.89 127.59 0.0551
0 0 0 0 0 0 0
-0.973 -1.24 38.04 1.13 -3.02 7.74 0.0
4.221 4.764 43.99 127.4 146.27 129.45 0.0684
0 0 0 0 0 0 0
-1.557 -0.984 40.5 -4.86 20.6 -6.46 0.0
3.99 4.948 46.99 138.89 141.16 162.55 0.0663
0 0 0 0 0 0 0
-0.59 1.328 44.43 -7.71 21.86 -3.38 0.0
3.299 5.437 47.82 126.3 140.22 122.61 0.0471
0 0 0 0 0 0 0
0.72 0.017 43.23 -8.0 -18.26 22.68 0.0
5.106 3.802 49.55 117.83 117.64 153.36 0.0574
0 0 0 0 0 0 0
-0.872 -1.016 35.06 -9.08 4.84 3.66 0.0
4.673 4.304 41.95 124.65 137.94 154.88 0.0683
0 0 0 0 0 0 0
0.017 -0.004 37.95 -1.21 13.53 28.22 0.0
4.643 4.354 42.98 154.7 143.15 149.24 0.0464
0 0 0 0 0 0 0
0.295 0.921 42.92 -10.66 -9.73 -4.98 0.0
4.135 4.826 47.12 127.78 130.14 131.84 0.0573
0 0 0 0 0 0 0
0.055 0.199 42.09 -4.13 13.14 13.02 0.0
4.516 4.465 47.2 125.66 119.61 136.26 0.0556
0 0 0 0 0 0 0
1.237 -0.28 37.88 -24.84 12.81 4.83 0.0
4.771 4.202 42.17 120.97 146.32 150.06 0.0525
0 0 0 0 0 0 0
-0.243 -0.047 36.05 -9.54 -4.25 -7.51 0.0
4.884 4.07 41.16 137.67 119.64 130.27 0.0545
0 0 0 0 0 0 0
-0.884 -1.76 42.76 5.4 -9.6 9.78 0.0
5.247 3.611 49.44 157.58 150.84 148.64 0.0673
0 0 0 0 0 0 0
0.115 0.352 39.03 12.77 6.66 16.19 0.0
4.356 4.631 44.6 128.31 125.33 153.71 0.0588
0 0 0 0 0 0 0
-0.501 0.026 37.12 11.83 21.67 -9.02 0.0
3.479 5.325 41.39 113.3 134.78 122.24 0.0521
0 0 0 0 0 0 0
0.402 1.057 40.5 16.51 0.11 14.81 0.0
4.15 4.831 44.23 112.33 136.79 163.35 0.0471
0 0 0 0 0 0 0
0.22 0.796 42.89 5.16 -4.33 -0.05 0.0
3.88 5.031 46.75 122.07 147.24 113.92 0.0553
0 0 0 0 0 0 0
-1.58 0.689 43.71 2.55 9.46 6.44 0.0
3.137 5.534 48.95 124.05 133.3 134.12 0.0589
0 0 0 0 0 0 0
0.229 0.929 44.5 -5.29 5.34 -2.37 0.0
4.132 4.847 47.89 138.84 140.3 130.49 0.0498
0 0 0 0 0 0 0
-0.259 1.024 44.99 -4.01 11.21 -7.28 0.0
3.679 5.185 49.13 123.26 128.72 135.55 0.0472
0 0 0 0 0 0 0
-0.74 1.144 35.81 -1.86 19.26 23.84 0.0
3.929 5.003 40.67 133.58 100.0 128.38 0.0538
0 0 0 0 0 0 0
0.035 0.704 42.01 0.73 -8.86 17.08 0.0
4.211 4.769 46.47 124.72 131.75 132.63 0.0532
0 0 0 0 0 0 0
0.265 1.497 37.61 -7.38 11.23 -23.33 0.0
3.432 5.357 40.93 120.55 130.6 127.8 0.0442
0 0 0 0 0 0 0
-0.028 -0.164 39.69 5.83 -13.34 -2.48 0.0
4.551 4.43 44.72 134.83 134.36 134.34 0.0576
0 0 0 0 0 0 0
-0.058 1.918 44.37 1.03 2.93 4.87 0.0
2.946 5.643 48.03 104.58 124.24 126.39 0.0556
0 0 0 0 0 0 0
-0.178 -0.054 38.37 -10.37 6.01 -2.55 0.0
4.354 4.645 43.01 153.16 124.29 141.4 0.0602
0 0 0 0 0 0 0
1.751 -0.778 44.28 -9.56 -11.03 10.09 0.0
5.314 3.489 48.91 118.21 155.91 137.63 0.0487
0 0 0 0 0 0 0
0.452 -0.131 35.86 4.68 -4.68 -11.95 0.0
4.928 4.015 39.52 148.43 125.5 119.2 0.051
0 0 0 0 0 0 0
0.015 0.066 41.94 -11.54 4.35 -10.37 0.0
3.968 4.97 46.19 130.71 129.03 136.93 0.0565
0 0 0 0 0 0 0
-0.496 -1.159 43.97 8.4 -24.18 8.89 0.0
5.182 3.691 50.26 148.33 144.87 152.52 0.0605
0 0 0 0 0 0 0
-1.392 -0.795 37.35 -5.49 1.86 -1.56 0.0
3.505 5.321 43.14 136.78 149.65 143.78 0.0696
0 0 0 0 0 0 0
0.261 0.14 37.77 -17.51 -1.94 -7.54 0.0
4.854 4.111 41.35 146.27 125.38 123.46 0.0552
0 0 0 0 0 0 0
-1.831 -0.152 40.15 -8.18 -1.2 2.4 0.0
3.556 5.266 47.11 142.0 135.8 153.62 0.0706
0 0 0 0 0 0 0
0.705 0.098 38.65 14.57 -26.06 9.79 0.0
5.192 3.676 43.62 137.2 124.96 147.49 0.0558
0 0 0 0 0 0 0
-0.155 0.103 41.18 -14.03 -2.53 -1.3 0.0
4.478 4.527 45.99 130.45 120.07 121.86 0.0622
0 0 0 0 0 0 0
0.378 -1.766 39.63 -26.05 25.18 -12.39 0.0
5.062 3.863 44.85 142.52 143.47 134.44 0.0595
0 0 0 0 0 0 0
0.335 0.531 41.99 -18.66 -2.4 10.9 0.0
4.443 4.55 46.24 133.37 137.02 120.3 0.0526
0 0 0 0 0 0 0
-0.899 -0.113 38.52 -0.86 19.29 -12.1 0.0
3.708 5.173 42.77 137.7 142.36 130.33 0.0548
0 0 0 0 0 0 0
0.533 -0.015 44.38 -4.15 -13.82 -8.68 0.0
4.604 4.392 49.63 121.66 126.91 153.68 0.0623
0 0 0 0 0 0 0
-0.223 -0.264 40.0 -9.68 -5.16 6.48 0.0
4.671 4.31 45.1 140.71 133.28 139.76 0.058
0 0 0 0 0 0 0
-0.09 -0.031 39.7 9.16 -1.02 4.09 0.0
4.398 4.588 44.34 135.62 129.09 156.63 0.0567
0 0 0 0 0 0 0
0.233 0.687 38.92 5.97 7.37 -3.43 0.0
4.144 4.816 42.89 138.62 135.0 139.51 0.0544
0 0 0 0 0 0 0
-1.267 -0.035 40.89 -2.28 10.23 -12.67 0.0
3.477 5.316 45.95 120.09 123.86 136.86 0.0637
0 0 0 0 0 0 0
0.555 -0.595 43.22 -26.21 5.27 -0.93 0.0
4.266 4.708 47.06 115.84 131.43 121.92 0.0578
0 0 0 0 0 0 0
0.726 0.305 35.22 10.42 -22.65 -18.0 0.0
4.93 4.022 39.12 128.72 151.25 138.39 0.0475
0 0 0 0 0 0 0
1.512 1.278 44.12 -11.84 -12.96 -3.71 0.0
4.21 4.764 47.18 94.95 118.33 101.76 0.0485
0 0 0 0 0 0 0
-0.359 -0.187 38.44 12.8 -7.73 -21.23 0.0
4.956 4.002 42.86 161.27 134.88 147.15 0.0576
0 0 0 0 0 0 0
0.8 0.394 36.6 -4.45 3.65 6.51 0.0
4.214 4.751 40.25 135.01 141.0 120.39 0.055
0 0 0 0 0 0 0
-0.404 -1.6 42.51 -7.28 -30.97 -16.31 0.0
5.696 2.843 48.15 141.94 129.15 154.9 0.0675
0 0 0 0 0 0 0
-0.709 0.464 38.78 -13.12 -9.57 -1.66 0.0
3.141 5.521 43.46 120.41 140.33 125.47 0.056
0 0 0 0 0 0 0
1.024 0.373 36.34 -6.1 -14.69 -14.65 0.0
4.604 4.384 39.33 123.65 132.78 118.34 0.0511
0 0 0 0 0 0 0
-0.136 0.116 37.06 -33.19 28.02 4.01 0.0
3.075 5.578 42.21 126.21 152.29 149.55 0.0616
0 0 0 0 0 0 0
-0.446 1.576 35.96 9.52 21.29 -15.71 0.0
3.397 5.374 39.44 138.3 105.77 124.82 0.0544
0 0 0 0 0 0 0
0.049 0.521 35.27 -13.55 3.64 13.1 0.0
3.847 5.065 40.37 120.79 132.95 135.04 0.051
0 0 0 0 0 0 0
1.655 -0.254 40.38 -0.76 -0.71 -20.71 0.0
5.431 3.318 43.93 121.5 127.94 136.02 0.0518
0 0 0 0 0 0 0
-1.362 -0.049 38.13 -1.94 -9.2 28.56 0.0
3.5 5.323 43.23 141.95 149.42 142.59 0.056
0 0 0 0 0 0 0
1.056 -1.232 38.47 16.15 4.65 -7.22 0.0
5.514 3.19 42.04 145.93 127.96 128.07 0.0511
0 0 0 0 0 0 0
0.343 -0.853 35.24 -0.74 -0.64 -17.11 0.0
5.131 3.746 40.08 129.04 118.05 128.73 0.0704
0 0 0 0 0 0 0
-0.432 -0.638 38.92 -6.81 14.31 13.41 0.0
4.552 4.443 45.15 148.14 139.26 164.94 0.0595
0 0 0 0 0 0 0
-1.737 -0.122 40.47 8.89 9.94 -19.04 0.0
4.302 4.699 45.69 143.94 147.58 145.31 0.053
0 0 0 0 0 0 0
0.094 0.072 43.49 18.82 4.85 -14.64 0.0
4.619 4.379 48.53 130.87 131.09 146.59 0.0512
0 0 0 0 0 0 0
0.187 0.35 43.83 -3.11 -6.35 -11.64 0.0
4.017 4.93 46.98 119.75 137.09 115.88 0.0525
0 0 0 0 0 0 0
-0.096 0.261 43.2 12.57 21.66 -3.58 0.0
4.688 4.285 46.84 130.58 113.36 125.12 0.0517
0 0 0 0 0 0 0
-0.586 1.858 35.21 3.33 -20.51 29.9 0.0
4.015 4.923 40.9 147.2 116.8 160.04 0.0479
0 0 0 0 0 0 0
-0.24 1.08 36.16 0.99 -2.93 -1.1 0.0
3.946 5.002 40.22 133.83 146.67 139.07 0.051
0 0 0 0 0 0 0
1.119 -1.553 36.87 -22.54 6.32 -3.37 0.0
5.082 3.838 42.93 124.11 128.27 156.0 0.0623
0 0 0 0 0 0 0
0.578 -1.127 37.19 8.19 -20.42 0.94 0.0
5.377 3.393 42.8 161.5 146.1 141.78 0.0513
0 0 0 0 0 0 0
1.365 0.895 42.05 -25.22 -4.41 -18.67 0.0
4.003 4.945 46.11 126.62 124.88 132.85 0.0533
0 0 0 0 0 0 0
0.052 0.014 44.05 -24.39 1.4 7.22 0.0
4.293 4.693 49.3 128.89 117.72 120.11 0.0592
0 0 0 0 0 0 0
-0.677 -0.958 42.88 -16.49 8.82 -5.49 0.0
3.801 5.101 47.3 120.97 135.92 122.4 0.0679
0 0 0 0 0 0 0
-0.147 0.883 38.23 19.53 -2.39 8.84 0.0
5.094 3.805 42.39 150.53 98.44 113.07 0.0488
0 0 0 0 0 0 0
1.045 -0.502 35.46 9.76 11.32 11.69 0.0
5.149 3.746 40.33 130.55 144.23 142.04 0.0493
0 0 0 0 0 0 0
-0.464 0.566 44.19 12.35 12.57 -6.78 0.0
3.509 5.304 49.07 121.32 119.74 134.39 0.0598
0 0 0 0 0 0 0
-0.41 -0.164 36.53 6.57 -14.35 1.73 0.0
4.798 4.182 41.98 138.21 136.53 158.62 0.0529
0 0 0 0 0 0 0
-0.13 0.183 35.08 4.02 -22.51 38.69 0.0
4.543 4.453 41.43 134.31 141.92 158.02 0.0574
0 0 0 0 0 0 0
-1.137 1.225 44.54 -12.8 -19.68 1.7 0.0
2.022 6.024 50.45 108.07 134.05 137.2 0.0629
0 0 0 0 0 0 0
0.669 0.113 40.67 0.37 5.39 15.69 0.0
4.727 4.263 46.25 142.66 130.96 152.64 0.0532
0 0 0 0 0 0 0
0.197 -0.079 38.58 4.31 0.47 -10.99 0.0
4.758 4.216 41.95 136.57 131.83 126.29 0.0541
0 0 0 0 0 0 0
1.629 -0.901 44.9 -0.28 -14.98 -3.76 0.0
5.812 2.563 48.45 134.79 120.41 123.41 0.0499
0 0 0 0 0 0 0
-0.429 0.849 37.4 -14.63 2.47 -8.73 0.0
3.601 5.233 42.73 136.04 132.57 159.52 0.0559
0 0 0 0 0 0 0
-1.747 -0.582 37.98 -3.82 8.61 15.53 0.0
3.853 5.066 44.11 129.27 136.7 133.12 0.0727
0 0 0 0 0 0 0
-1.493 -0.513 39.77 -25.72 3.07 -9.01 0.0
3.162 5.509 44.54 158.57 164.48 136.52 0.0569
0 0 0 0 0 0 0
0.301 0.203 36.08 23.39 4.34 5.16 0.0
4.706 4.266 40.45 137.0 145.16 136.56 0.0473
0 0 0 0 0 0 0
0.03 -0.344 42.06 -20.88 8.2 7.82 0.0
4.324 4.664 47.32 152.35 120.92 143.6 0.0574
0 0 0 0 0 0 0
0.316 -1.731 35.22 10.33 -5.39 -30.29 0.0
5.69 2.833 39.93 124.24 118.52 139.85 0.0631
0 0 0 0 0 0 0
0.44 0.555 37.71 -13.9 -15.72 -4.33 0.0
4.56 4.43 43.24 118.75 103.02 141.67 0.0584
0 0 0 0 0 0 0
-0.221 1.691 38.94 -6.81 23.85 14.33 0.0
3.194 5.498 43.15 122.04 120.3 154.15 0.0463
0 0 0 0 0 0 0
0.067 -0.06 36.13 5.46 -13.5 15.97 0.0
4.558 4.451 40.76 146.28 152.18 141.39 0.0543
0 0 0 0 0 0 0
-0.513 -0.183 38.67 -2.0 -21.86 0.05 0.0
4.409 4.594 43.31 132.54 142.91 163.49 0.0609
0 0 0 0 0 0 0
0.085 0.225 35.79 -3.2 7.85 -9.3 0.0
4.801 4.16 39.47 149.96 128.91 124.84 0.0538
0 0 0 0 0 0 0
1.912 -0.484 40.72 -10.45 -24.7 0.76 0.0
5.622 2.968 44.35 129.11 132.07 127.94 0.0456
0 0 0 0 0 0 0
-0.436 -0.845 40.69 -12.07 9.1 -1.48 0.0
4.392 4.608 45.89 139.27 141.14 132.96 0.0589
0 0 0 0 0 0 0
0.039 -0.154 36.74 0.31 14.89 -1.89 0.0
4.388 4.598 40.85 127.6 128.72 119.99 0.0543
0 0 0 0 0 0 0
1.94 0.359 44.01 6.91 6.41 9.1 0.0
5.126 3.774 47.29 129.78 141.98 122.14 0.0459
0 0 0 0 0 0 0
-0.933 0.025 37.37 -5.27 1.18 -31.33 0.0
4.678 4.314 42.01 154.84 119.44 132.83 0.0682
0 0 0 0 0 0 0
0.59 -0.05 37.81 23.06 -5.87 3.46 0.0
5.154 3.719 41.16 147.94 134.62 121.06 0.0504
0 0 0 0 0 0 0
-0.187 -1.876 39.92 -0.87 0.68 -3.03 0.0
5.503 3.177 46.01 145.63 135.69 171.83 0.0634
0 0 0 0 0 0 0
-0.203 0.86 35.67 -5.25 -15.02 9.88 0.0
4.437 4.543 41.02 138.6 122.69 148.4 0.0549
0 0 0 0 0 0 0
0.593 1.349 39.44 -7.54 10.43 13.24 0.0
3.763 5.119 42.97 115.27 131.34 125.75 0.0466
0 0 0 0 0 0 0
0.24 0.458 39.3 -26.3 27.78 -11.98 0.0
3.079 5.56 43.1 120.68 127.74 132.83 0.0546
0 0 0 0 0 0 0
0.015 0.086 41.1 17.3 -9.09 21.48 0.0
5.019 3.922 46.19 149.1 136.76 146.31 0.0504
0 0 0 0 0 0 0
1.578 0.09 36.38 -3.22 -3.96 -2.96 0.0
4.791 4.177 40.35 120.63 141.94 124.14 0.046
0 0 0 0 0 0 0
0.606 0.369 43.78 -13.31 4.49 -19.85 0.0
4.021 4.923 46.91 113.12 130.95 92.92 0.0526
0 0 0 0 0 0 0
1.202 -0.595 44.87 13.68 26.08 -11.05 0.0
5.084 3.83 47.55 118.7 144.74 102.99 0.0441
0 0 0 0 0 0 0
0.253 0.272 39.31 7.34 6.17 6.81 0.0
4.473 4.511 43.08 129.15 134.41 123.57 0.0517
0 0 0 0 0 0 0
-0.638 -1.794 43.54 -16.76 -6.0 -4.61 0.0
4.963 3.973 49.26 152.95 148.66 147.22 0.0617
0 0 0 0 0 0 0
0.895 0.111 40.13 11.9 -9.94 -3.24 0.0
5.265 3.576 44.14 125.91 120.06 122.65 0.0559
0 0 0 0 0 0 0
0.107 1.184 39.47 0.97 0.2 -8.66 0.0
3.611 5.239 43.59 119.7 140.82 145.48 0.0486
0 0 0 0 0 0 0
-1.184 1.234 39.36 -0.03 -1.4 -3.11 0.0
4.152 4.83 44.03 143.31 131.08 152.46 0.0571
0 0 0 0 0 0 0
0.297 -0.898 41.29 -23.16 -3.55 -16.27 0.0
4.51 4.497 45.57 122.42 151.04 128.88 0.0603
0 0 0 0 0 0 0
0.244 -0.576 42.29 -3.71 16.62 -9.74 0.0
4.172 4.806 47.02 122.71 142.77 156.77 0.0554
0 0 0 0 0 0 0
-1.302 1.278 35.71 8.67 8.96 9.04 0.0
2.785 5.714 40.51 134.48 129.48 150.54 0.0524
0 0 0 0 0 0 0
-0.337 0.167 43.81 12.11 -16.1 5.28 0.0
4.227 4.757 48.52 127.6 127.11 131.97 0.0537
0 0 0 0 0 0 0
-0.033 -1.563 42.44 -2.04 -18.17 17.8 0.0
5.488 3.207 49.52 122.5 140.09 153.31 0.068
0 0 0 0 0 0 0
0.583 1.163 42.5 -8.98 3.41 -16.02 0.0
4.101 4.852 46.62 130.95 127.23 132.53 0.0495
0 0 0 0 0 0 0
-0.259 0.344 43.24 -3.41 6.84 -27.73 0.0
3.4 5.383 47.46 127.74 150.0 151.71 0.0553
0 0 0 0 0 0 0
0.215 -0.584 39.31 -7.92 -1.36 16.68 0.0
5.239 3.597 45.07 141.67 130.17 151.11 0.0577
0 0 0 0 0 0 0
1.08 1.636 44.02 -3.75 7.91 21.95 0.0
4.163 4.799 47.94 119.27 113.01 122.25 0.0491
0 0 0 0 0 0 0
0.152 1.941 36.02 -5.22 -6.09 4.25 0.0
3.009 5.613 40.31 121.57 151.19 149.17 0.0461
0 0 0 0 0 0 0
1.391 0.412 37.21 4.89 16.37 24.71 0.0
4.813 4.167 41.71 112.37 119.68 138.89 0.0466
0 0 0 0 0 0 0
0.033 -0.233 36.96 -1.51 -7.37 -0.99 0.0
4.461 4.537 42.49 145.59 139.81 140.91 0.0617
0 0 0 0 0 0 0
0.806 1.741 41.04 5.52 20.68 14.56 0.0
4.149 4.808 43.72 118.67 106.73 92.61 0.0439
0 0 0 0 0 0 0
-1.525 -0.537 40.8 3.73 -16.02 7.13 0.0
3.791 5.114 47.6 135.51 129.5 164.99 0.0706
0 0 0 0 0 0 0
-0.489 0.64 37.39 -0.19 -6.84 1.41 0.0
3.87 5.039 42.7 132.57 134.55 155.03 0.0553
0 0 0 0 0 0 0
-0.067 1.199 42.58 -8.6 -7.28 20.96 0.0
3.394 5.38 48.55 128.92 131.27 159.95 0.0542
0 0 0 0 0 0 0
-0.007 0.584 36.3 -11.28 -15.78 16.52 0.0
3.98 4.972 41.69 145.08 145.01 146.38 0.0607
0 0 0 0 0 0 0
-1.449 0.847 38.94 27.36 21.12 -5.02 0.0
2.865 5.679 43.36 127.35 130.73 140.22 0.0542
0 0 0 0 0 0 0
-0.031 -0.067 35.28 6.96 0.89 17.64 0.0
4.793 4.169 41.56 126.73 136.35 139.47 0.0641
0 0 0 0 0 0 0
-0.792 -0.674 38.94 -5.73 37.41 30.56 0.0
3.947 4.985 45.3 126.34 127.81 153.75 0.0595
0 0 0 0 0 0 0
-0.916 -0.38 36.8 -4.05 -2.6 -11.69 0.0
3.755 5.143 42.49 114.24 138.01 141.32 0.0642
0 0 0 0 0 0 0
1.487 0.465 37.82 -10.49 -4.24 7.48 0.0
5.015 3.898 41.43 138.91 131.68 121.22 0.0512
0 0 0 0 0 0 0
-0.046 0.074 39.15 -4.01 -7.19 4.16 0.0
4.119 4.837 45.19 138.25 153.62 146.05 0.0583
0 0 0 0 0 0 0
-0.509 -1.233 43.61 -27.17 2.61 -0.15 0.0
4.093 4.871 50.57 145.5 132.8 158.3 0.063
0 0 0 0 0 0 0
-0.992 0.714 42.43 11.44 4.59 -1.11 0.0
3.313 5.418 46.09 128.57 125.28 139.41 0.057
0 0 0 0 0 0 0
1.287 0.458 41.92 7.48 -5.32 -5.64 0.0
5.205 3.656 46.53 113.99 105.34 141.17 0.0506
0 0 0 0 0 0 0
0.201 0.13 44.67 -2.59 -3.72 4.25 0.0
4.185 4.779 48.98 137.07 138.55 133.85 0.0509
0 0 0 0 0 0 0
0.201 -0.043 43.34 2.88 12.34 11.52 0.0
4.464 4.543 48.79 137.03 135.05 135.4 0.0502
0 0 0 0 0 0 0
-0.101 0.295 42.47 -10.13 -4.06 -6.74 0.0
4.011 4.932 46.97 138.09 133.79 145.08 0.0603
0 0 0 0 0 0 0
-0.554 0.026 38.11 16.07 3.0 -2.93 0.0
4.38 4.605 42.65 130.94 141.73 150.43 0.0496
0 0 0 0 0 0 0
-0.293 0.024 36.36 24.31 -3.3 10.2 0.0
4.919 4.03 41.53 153.63 121.85 145.88 0.0542
0 0 0 0 0 0 0
0.348 0.972 38.86 -6.86 -8.39 4.15 0.0
4.526 4.478 42.77 126.97 105.96 112.48 0.0554
0 0 0 0 0 0 0
0.052 -0.681 39.62 -8.16 4.66 -12.84 0.0
4.494 4.51 44.73 131.81 156.04 165.37 0.0566
0 0 0 0 0 0 0
1.348 -1.414 36.44 -3.96 -13.05 3.36 0.0
5.687 2.835 41.34 123.74 137.46 135.46 0.0545
0 0 0 0 0 0 0
-0.531 -1.538 39.67 9.45 1.89 17.32 0.0
5.41 3.357 46.04 142.41 140.69 148.64 0.0614
0 0 0 0 0 0 0
-0.153 -1.038 36.36 -23.12 -4.86 -11.94 0.0
4.254 4.732 41.89 138.86 157.37 150.65 0.0618
0 0 0 0 0 0 0
0.145 -0.023 36.93 -19.28 5.5 -0.84 0.0
3.792 5.096 41.32 105.23 143.84 117.29 0.0585
0 0 0 0 0 0 0
1.068 1.421 38.17 -34.4 11.92 -4.26 0.0
4.08 4.867 41.45 128.57 121.44 132.73 0.0425
0 0 0 0 0 0 0
-0.196 0.053 35.1 -1.77 8.68 -7.81 0.0
4.221 4.753 39.86 153.79 148.4 140.35 0.0568
0 0 0 0 0 0 0
-1.527 -1.16 44.29 13.81 -3.87 21.37 0.0
4.733 4.263 51.98 140.18 149.21 170.14 0.0674
0 0 0 0 0 0 0
-0.828 0.541 39.92 3.93 -17.37 26.18 0.0
4.046 4.914 45.76 125.3 124.76 135.97 0.0619
0 0 0 0 0 0 0
1.895 0.317 43.98 -4.52 3.3 13.57 0.0
5.246 3.596 47.55 133.9 128.12 115.19 0.0444
0 0 0 0 0 0 0
-0.554 0.659 35.98 -1.75 -10.41 27.57 0.0
4.405 4.58 41.76 146.71 135.48 156.9 0.0511
0 0 0 0 0 0 0
-1.641 -0.598 39.25 4.88 -12.21 -12.94 0.0
4.336 4.66 45.41 143.33 149.36 168.49 0.0634
0 0 0 0 0 0 0
-1.312 -1.169 39.01 -23.23 -7.62 17.91 0.0
4.309 4.679 46.22 147.77 160.43 149.76 0.0636
0 0 0 0 0 0 0
-1.424 -0.161 40.02 9.44 -2.9 9.51 0.0
4.204 4.777 44.77 151.36 156.83 143.52 0.0557
0 0 0 0 0 0 0
0.438 -1.296 39.41 8.55 4.77 11.04 0.0
5.288 3.541 44.97 131.82 135.33 150.06 0.0554
0 0 0 0 0 0 0
1.685 -0.318 36.83 0.42 3.7 1.18 0.0
5.165 3.712 41.08 118.81 143.7 142.57 0.0474
0 0 0 0 0 0 0
-1.413 -0.904 43.51 6.58 -13.93 18.71 0.0
4.436 4.551 49.68 144.15 137.22 152.46 0.0695
0 0 0 0 0 0 0
-1.529 -0.543 36.94 8.68 0.54 -7.1 0.0
3.889 5.04 41.39 127.53 137.54 124.92 0.0601
0 0 0 0 0 0 0
-0.586 0.95 35.13 10.98 11.97 33.14 0.0
3.75 5.146 40.38 117.13 126.65 145.19 0.0572
0 0 0 0 0 0 0
-0.79 1.049 38.8 25.97 25.89 9.08 0.0
3.885 5.043 43.69 131.78 123.0 145.29 0.0526
0 0 0 0 0 0 0
-0.01 -0.964 37.91 -0.83 9.07 -1.74 0.0
4.999 3.942 43.85 139.55 146.43 150.93 0.0746
0 0 0 0 0 0 0
-1.04 0.374 39.45 -6.2 18.41 2.78 0.0
3.739 5.147 43.95 134.61 125.31 121.42 0.0578
0 0 0 0 0 0 0
0.424 0.057 43.21 40.48 -0.04 -2.91 0.0
5.039 3.869 46.25 127.62 136.84 119.44 0.0473
0 0 0 0 0 0 0
-0.008 -0.029 41.4 -10.13 -3.02 -13.58 0.0
4.063 4.895 47.36 116.59 140.21 158.57 0.0619
0 0 0 0 0 0 0
0.032 -0.304 42.02 4.71 15.3 12.99 0.0
4.513 4.485 46.71 126.09 134.7 146.34 0.0524
0 0 0 0 0 0 0
0.334 -1.174 39.52 20.52 5.67 -16.46 0.0
5.146 3.729 43.99 132.38 136.64 154.9 0.0584
0 0 0 0 0 0 0
-1.259 0.698 37.02 1.12 -26.97 0.6 0.0
3.656 5.21 42.58 143.26 130.85 147.53 0.0556
0 0 0 0 0 0 0
-0.054 -1.814 36.98 7.12 4.93 -13.08 0.0
4.93 4.014 40.94 128.85 141.63 124.54 0.0595
0 0 0 0 0 0 0
-0.515 -0.475 37.46 -21.89 4.37 -0.55 0.0
3.652 5.202 41.95 134.36 157.12 125.01 0.056
0 0 0 0 0 0 0
-0.147 -0.524 35.92 -14.63 -1.11 9.56 0.0
4.701 4.296 41.43 135.95 128.25 136.35 0.0612
0 0 0 0 0 0 0
-0.824 0.863 40.71 3.85 28.18 0.24 0.0
2.839 5.698 44.83 117.73 137.69 129.82 0.0504
0 0 0 0 0 0 0
0.076 -0.035 42.3 21.74 -4.05 -20.63 0.0
4.842 4.131 45.49 137.91 143.14 128.9 0.0475
0 0 0 0 0 0 0
1.474 0.003 37.81 12.56 11.02 -5.03 0.0
5.175 3.698 40.66 133.24 124.14 117.51 0.0461
0 0 0 0 0 0 0
0.561 -0.644 36.77 17.64 12.45 -1.33 0.0
5.727 2.755 40.14 161.33 114.76 125.95 0.047
0 0 0 0 0 0 0
-0.212 0.114 44.15 11.49 6.1 -7.5 0.0
4.14 4.84 48.06 137.79 147.86 147.31 0.0508
0 0 0 0 0 0 0
0.527 1.794 38.16 -5.01 7.72 -6.62 0.0
4.011 4.942 41.09 117.63 104.76 108.66 0.0526
0 0 0 0 0 0 0
-0.871 1.541 36.1 26.68 -5.23 11.35 0.0
3.4 5.377 39.8 134.63 131.04 125.81 0.0434
0 0 0 0 0 0 0
1.855 -0.285 41.52 12.12 -19.58 -11.92 0.0
5.8 2.618 44.77 139.9 120.1 128.01 0.0481
0 0 0 0 0 0 0
-0.272 0.772 36.23 -8.91 6.81 -3.41 0.0
3.552 5.266 40.25 122.97 147.18 140.71 0.0481
0 0 0 0 0 0 0
1.498 -0.431 36.0 27.2 13.76 4.17 0.0
5.429 3.313 38.73 129.91 123.75 101.2 0.046
0 0 0 0 0 0 0
-0.123 0.101 44.6 16.06 6.88 -2.25 0.0
4.157 4.801 49.74 119.83 120.87 148.17 0.0586
0 0 0 0 0 0 0
-0.558 1.022 38.39 11.59 -3.11 25.19 0.0
3.861 5.062 43.61 130.04 123.15 147.66 0.0517
0 0 0 0 0 0 0
-0.854 0.611 38.27 -15.94 -2.43 -16.83 0.0
3.508 5.315 43.05 123.73 138.1 138.03 0.0576
0 0 0 0 0 0 0
-0.46 -0.592 36.97 16.67 -18.54 10.45 0.0
4.875 4.105 41.68 156.54 159.62 147.43 0.0572
0 0 0 0 0 0 0
-0.418 -0.347 40.81 -2.06 -1.73 6.96 0.0
3.83 5.076 46.09 110.7 143.47 139.01 0.058
0 0 0 0 0 0 0
-1.643 0.888 44.27 3.52 10.31 19.06 0.0
2.873 5.67 49.87 133.79 138.47 146.87 0.0541
0 0 0 0 0 0 0
-0.238 -0.005 41.11 -1.55 -20.06 2.25 0.0
4.34 4.638 46.49 129.68 140.17 156.2 0.0573
0 0 0 0 0 0 0
-0.257 -0.65 35.27 34.91 -30.13 12.36 0.0
5.638 2.967 40.41 153.83 137.21 149.62 0.0531
0 0 0 0 0 0 0
0.357 -0.928 37.68 -0.03 11.19 -11.72 0.0
4.866 4.081 42.48 122.37 127.77 131.69 0.0599
0 0 0 0 0 0 0
-0.429 -0.472 44.75 0.17 4.74 13.98 0.0
4.314 4.667 50.43 125.74 145.49 147.1 0.0632
0 0 0 0 0 0 0
1.799 -0.805 39.31 13.14 -8.07 -3.0 0.0
5.827 2.537 42.67 146.78 133.35 126.01 0.0458
0 0 0 0 0 0 0
0.009 0.021 43.47 -13.35 19.55 -0.37 0.0
4.546 4.445 47.84 133.15 116.99 132.06 0.0571
0 0 0 0 0 0 0
0.307 -0.388 40.04 -19.0 -3.56 -6.19 0.0
4.445 4.544 45.47 116.05 127.57 130.37 0.0652
0 0 0 0 0 0 0
1.872 -0.295 42.91 5.91 -2.35 3.0 0.0
5.67 2.883 47.17 126.75 110.2 152.72 0.049
0 0 0 0 0 0 0
-0.945 -0.921 40.84 29.57 -1.45 25.81 0.0
4.858 4.116 46.85 138.82 132.06 164.01 0.0566
0 0 0 0 0 0 0
1.365 0.959 36.51 -14.15 12.69 -2.37 0.0
4.581 4.412 40.09 125.6 126.99 129.82 0.0465
0 0 0 0 0 0 0
0.162 0.619 42.53 14.04 15.25 10.89 0.0
4.493 4.499 47.34 139.05 127.54 144.47 0.0452
0 0 0 0 0 0 0
1.572 0.56 42.9 5.08 18.41 -16.38 0.0
4.841 4.125 44.95 111.44 114.82 100.22 0.0475
0 0 0 0 0 0 0
0.037 0.11 37.86 -26.64 -11.63 0.42 0.0
4.524 4.469 42.45 142.92 145.26 142.69 0.0514
0 0 0 0 0 0 0
-1.648 0.811 40.46 -10.23 5.76 3.45 0.0
2.724 5.746 46.25 129.01 129.14 152.18 0.0594
0 0 0 0 0 0 0
-0.221 1.195 42.72 -11.54 2.61 14.39 0.0
3.905 5.019 47.6 140.33 123.01 148.57 0.0499
0 0 0 0 0 0 0
0.758 0.187 35.07 -14.98 -27.13 -24.44 0.0
4.571 4.428 40.07 139.48 127.38 148.12 0.0602
0 0 0 0 0 0 0
0.362 -0.433 36.15 17.66 9.95 -11.47 0.0
5.217 3.63 40.84 138.17 131.3 141.54 0.0538
0 0 0 0 0 0 0
0.174 -0.913 39.08 -9.54 0.13 -2.71 0.0
4.825 4.129 43.93 132.87 110.97 129.65 0.0675
0 0 0 0 0 0 0
-1.211 0.122 36.42 11.34 -9.25 5.4 0.0
3.857 5.058 42.22 137.29 134.45 152.82 0.0585
0 0 0 0 0 0 0
-0.503 0.001 38.53 -7.4 18.93 -14.62 0.0
3.708 5.157 43.19 137.06 132.36 143.71 0.0552
0 0 0 0 0 0 0
0.571 -0.03 41.81 10.2 4.85 15.6 0.0
4.029 4.911 46.6 119.61 140.23 128.75 0.0528
0 0 0 0 0 0 0
-1.238 -0.524 41.96 37.95 -1.21 2.31 0.0
4.832 4.127 47.76 160.41 142.42 166.93 0.0545
0 0 0 0 0 0 0
0.053 -0.43 39.07 12.34 -17.6 10.53 0.0
5.494 3.205 44.13 141.05 117.74 142.57 0.0579
0 0 0 0 0 0 0
-0.561 -0.092 41.43 -13.18 -6.22 9.31 0.0
4.806 4.171 47.35 151.44 134.54 155.15 0.0638
0 0 0 0 0 0 0
-1.264 0.192 41.81 20.47 -6.04 3.55 0.0
4.314 4.664 46.89 140.46 139.94 137.66 0.0567
0 0 0 0 0 0 0
-1.708 -0.38 38.91 -25.59 -0.76 -14.24 0.0
3.257 5.472 44.62 135.6 132.57 144.0 0.076
0 0 0 0 0 0 0
-1.169 -0.429 39.55 0.18 -8.9 -10.28 0.0
4.113 4.868 44.46 150.8 145.01 152.58 0.0604
0 0 0 0 0 0 0
-0.504 0.396 43.66 -7.82 3.14 -19.93 0.0
4.459 4.53 50.0 148.85 120.8 166.84 0.0605
0 0 0 0 0 0 0
-0.372 0.104 38.12 14.29 5.24 -10.18 0.0
4.781 4.201 41.78 139.6 132.0 119.06 0.0548
0 0 0 0 0 0 0
-1.529 0.134 40.49 -14.33 3.47 -4.26 0.0
2.075 6.003 45.2 113.93 160.14 129.79 0.0579
0 0 0 0 0 0 0
-0.216 1.398 36.63 -9.97 -11.73 -2.28 0.0
3.435 5.348 41.44 119.48 123.0 144.34 0.055
0 0 0 0 0 0 0
1.144 0.306 38.32 9.23 13.33 16.51 0.0
4.823 4.162 42.27 141.06 143.47 139.79 0.0419
0 0 0 0 0 0 0
0.554 -0.196 35.39 29.39 -13.49 -3.46 0.0
5.549 3.121 39.63 148.11 125.42 140.1 0.0474
0 0 0 0 0 0 0
-0.81 0.57 44.94 -7.78 -8.18 11.2 0.0
3.514 5.317 49.83 142.78 154.54 172.98 0.057
0 0 0 0 0 0 0
0.279 0.687 40.69 -11.71 -5.79 -1.91 0.0
4.435 4.55 44.7 122.69 104.47 125.32 0.0567
0 0 0 0 0 0 0
0.235 1.401 43.32 6.6 21.99 8.04 0.0
3.615 5.241 47.56 131.55 126.65 153.58 0.0455
0 0 0 0 0 0 0
-0.326 -0.248 35.44 12.44 13.82 2.68 0.0
4.615 4.366 39.9 140.64 125.65 128.97 0.054
0 0 0 0 0 0 0
-1.695 -0.673 36.54 -2.04 1.31 2.2 0.0
3.788 5.115 41.69 146.71 138.19 124.5 0.0605
0 0 0 0 0 0 0
0.552 0.196 37.41 4.43 0.35 -6.77 0.0
4.258 4.718 42.12 117.54 136.88 148.17 0.0552
0 0 0 0 0 0 0
-0.089 -0.167 38.05 7.9 22.94 1.83 0.0
4.248 4.724 41.94 139.83 148.37 143.61 0.0449
0 0 0 0 0 0 0
0.323 -0.303 43.07 -2.97 -13.97 2.92 0.0
5.037 3.874 47.79 146.95 131.25 142.0 0.0543
0 0 0 0 0 0 0
0.414 0.486 39.09 2.66 -4.42 5.92 0.0
4.169 4.8 43.26 115.18 124.66 138.44 0.0549
0 0 0 0 0 0 0
-1.004 -0.923 36.71 0.65 -4.81 9.19 0.0
4.511 4.487 42.82 156.32 159.77 172.52 0.0588
0 0 0 0 0 0 0
0.189 0.898 36.36 -3.76 3.27 -7.78 0.0
3.679 5.177 39.85 117.8 133.75 128.21 0.0556
0 0 0 0 0 0 0
0.399 1.873 37.31 13.19 7.36 7.7 0.0
3.581 5.251 41.03 129.46 151.47 149.46 0.0416
0 0 0 0 0 0 0
-0.561 0.264 38.68 0.18 -8.7 -0.14 0.0
4.215 4.755 43.5 147.32 128.03 137.16 0.0566
0 0 0 0 0 0 0
-0.748 0.219 41.84 -4.5 -7.12 -3.22 0.0
3.356 5.395 47.37 121.22 141.35 150.15 0.0671
0 0 0 0 0 0 0
0.56 -1.774 43.47 -11.32 -1.66 -18.49 0.0
5.785 2.635 48.58 133.96 125.76 136.24 0.0635
0 0 0 0 0 0 0
0.179 0.33 36.41 22.05 10.07 -17.91 0.0
4.766 4.219 39.35 142.85 125.92 117.06 0.0463
0 0 0 0 0 0 0
1.197 -1.191 39.02 -2.86 -8.77 6.89 0.0
5.642 2.945 44.79 124.31 135.96 159.67 0.0609
0 0 0 0 0 0 0
-0.076 -0.266 35.17 23.27 24.78 28.51 0.0
4.576 4.405 39.97 143.85 140.8 154.08 0.0489
0 0 0 0 0 0 0
-0.611 -0.311 35.49 4.31 -14.01 -6.77 0.0
4.465 4.519 41.6 149.17 145.65 155.63 0.0607
0 0 0 0 0 0 0
-0.225 -0.171 40.58 7.45 23.52 17.26 0.0
4.316 4.665 45.01 133.53 140.77 145.27 0.0548
0 0 0 0 0 0 0
-0.57 0.924 39.44 -7.93 -7.35 -16.21 0.0
3.826 5.088 44.13 132.02 124.74 137.13 0.059
0 0 0 0 0 0 0
0.739 -0.628 42.63 2.63 -24.16 7.73 0.0
5.222 3.644 48.36 142.16 123.8 149.12 0.0592
0 0 0 0 0 0 0
-1.375 -1.291 43.88 -0.26 -2.87 8.49 0.0
4.363 4.619 48.95 132.74 124.17 122.29 0.0669
0 0 0 0 0 0 0
0.618 -1.407 35.75 28.48 32.41 16.3 0.0
5.556 3.109 41.02 142.98 132.58 151.3 0.0528
0 0 0 0 0 0 0
0.041 1.841 35.69 -1.52 -13.05 4.67 0.0
3.712 5.165 39.49 123.74 134.76 128.96 0.0506
0 0 0 0 0 0 0
0.821 -1.261 35.42 1.89 23.26 21.28 0.0
5.21 3.635 40.27 124.9 138.26 140.52 0.0513
0 0 0 0 0 0 0
0.288 0.087 35.58 4.03 -1.22 5.71 0.0
4.646 4.36 39.28 137.51 143.68 133.83 0.0542
0 0 0 0 0 0 0
-1.042 0.554 37.34 -8.91 6.08 8.12 0.0
3.285 5.436 42.48 129.49 132.36 120.74 0.0611
0 0 0 0 0 0 0
1.364 0.419 40.85 -5.99 -1.1 -10.56 0.0
4.431 4.563 44.55 123.17 129.45 139.89 0.0547
0 0 0 0 0 0 0
0.506 -0.019 35.95 6.63 -21.61 -13.05 0.0
4.814 4.165 40.1 129.84 137.79 129.32 0.0519
0 0 0 0 0 0 0
-0.341 -0.562 38.17 -9.37 -15.66 -5.34 0.0
5.24 3.612 44.46 143.27 122.42 140.52 0.0652
0 0 0 0 0 0 0
-0.163 1.501 39.03 -2.57 -23.27 -15.88 0.0
3.164 5.527 43.62 122.09 134.76 135.2 0.0545
0 0 0 0 0 0 0
-0.3 -1.324 43.75 -7.38 -0.28 16.32 0.0
4.618 4.371 49.63 128.1 126.33 145.22 0.0647
0 0 0 0 0 0 0
-0.524 0.137 41.14 -16.43 3.68 14.35 0.0
4.349 4.628 46.89 144.1 128.99 142.78 0.0598
0 0 0 0 0 0 0
-0.044 0.491 37.47 1.66 8.61 -13.89 0.0
4.168 4.815 42.26 120.37 143.22 140.68 0.055
0 0 0 0 0 0 0
1.246 1.245 39.32 5.95 4.26 -23.77 0.0
4.58 4.422 41.82 125.71 130.39 117.96 0.0463
0 0 0 0 0 0 0
0.428 -0.874 39.97 13.27 12.83 -7.17 0.0
4.858 4.108 44.4 129.2 145.61 113.27 0.0584
0 0 0 0 0 0 0
0.163 -0.646 44.1 5.05 9.43 -7.77 0.0
4.959 3.971 47.72 132.48 140.65 118.84 0.0559
0 0 0 0 0 0 0
-0.225 0.164 44.13 -10.69 -5.8 -3.44 0.0
3.893 5.035 49.43 127.52 139.02 140.5 0.065
0 0 0 0 0 0 0
0.097 1.691 41.99 0.86 6.9 -16.48 0.0
3.56 5.271 45.23 134.69 130.85 142.14 0.0493
0 0 0 0 0 0 0
-0.822 1.237 40.52 -21.03 -1.77 -12.63 0.0
3.178 5.51 44.8 130.9 127.44 120.18 0.0602
0 0 0 0 0 0 0
1.283 0.673 42.99 3.33 -3.62 -6.39 0.0
4.959 3.968 45.72 130.81 127.79 113.86 0.0459
0 0 0 0 0 0 0
1.291 -1.223 44.69 -1.92 0.52 -4.58 0.0
5.649 2.926 49.16 147.62 139.15 149.27 0.0477
0 0 0 0 0 0 0
-0.191 0.385 35.22 -8.01 6.09 -8.7 0.0
4.134 4.84 39.14 159.96 147.93 138.49 0.0525
0 0 0 0 0 0 0
-0.066 0.03 38.55 9.79 -3.98 14.1 0.0
4.629 4.359 42.65 131.38 134.21 130.44 0.0516
0 0 0 0 0 0 0
-0.218 1.518 41.31 -33.66 -13.77 5.12 0.0
3.789 5.106 46.02 127.03 124.68 134.53 0.0536
0 0 0 0 0 0 0
0.026 -0.128 42.09 19.75 -17.51 0.83 0.0
5.133 3.751 47.19 137.02 136.92 148.25 0.0621
0 0 0 0 0 0 0
-0.073 0.121 44.88 15.99 -21.54 -10.04 0.0
5.549 3.108 49.27 141.16 104.29 133.09 0.0581
0 0 0 0 0 0 0
-1.852 0.461 40.82 2.74 -0.8 -37.74 0.0
3.115 5.555 44.26 152.9 164.68 134.67 0.052
0 0 0 0 0 0 0
-1.744 0.005 38.36 -7.15 2.99 -36.24 0.0
3.244 5.462 41.93 145.07 149.84 116.3 0.0594
0 0 0 0 0 0 0
-1.269 0.921 35.13 -12.7 15.11 5.72 0.0
2.351 5.899 39.61 113.09 130.58 130.91 0.0575
0 0 0 0 0 0 0
0.753 0.096 39.34 0.78 -6.69 -21.81 0.0
4.957 3.992 42.54 140.12 134.28 110.32 0.0522
0 0 0 0 0 0 0
0.074 -0.078 38.57 -14.03 -28.34 0.29 0.0
5.341 3.448 44.41 144.75 108.46 145.12 0.0623
0 0 0 0 0 0 0
0.261 0.398 35.02 -1.06 -4.33 16.88 0.0
4.46 4.534 40.29 134.5 121.06 138.55 0.0579
0 0 0 0 0 0 0
1.344 -0.488 41.36 -2.49 -3.16 -8.98 0.0
5.557 3.103 45.54 132.08 130.17 129.76 0.065
0 0 0 0 0 0 0
-0.035 0.1 40.44 -10.93 11.79 -14.88 0.0
4.639 4.357 45.44 144.42 129.93 166.41 0.0515
0 0 0 0 0 0 0
0.818 -1.341 43.35 21.28 17.33 0.56 0.0
5.496 3.203 47.94 135.9 123.55 145.23 0.0509
0 0 0 0 0 0 0
0.961 1.296 44.8 14.78 15.99 5.6 0.0
4.316 4.675 47.56 124.45 123.72 130.38 0.0448
0 0 0 0 0 0 0
-0.093 0.08 41.48 0.65 8.54 -5.03 0.0
4.866 4.101 46.14 134.46 126.0 141.01 0.0531
0 0 0 0 0 0 0
-0.349 -0.255 43.29 7.2 0.32 -4.2 0.0
4.648 4.331 47.83 134.95 121.75 132.83 0.064
0 0 0 0 0 0 0
0.656 -0.265 37.51 -6.64 -5.97 -4.2 0.0
4.871 4.1 42.1 134.44 144.41 149.51 0.0546
0 0 0 0 0 0 0
0.011 -0.015 41.23 41.41 8.63 0.72 0.0
4.927 4.017 45.58 130.73 111.07 137.33 0.0557
0 0 0 0 0 0 0
1.52 0.699 35.67 19.29 10.44 9.91 0.0
4.611 4.39 38.91 102.71 114.01 105.17 0.0431
0 0 0 0 0 0 0
-1.155 -0.485 37.16 -12.04 -2.72 0.89 0.0
3.961 4.972 42.46 128.5 123.3 130.74 0.0706
0 0 0 0 0 0 0
0.145 0.334 36.45 -3.53 14.65 -26.64 0.0
4.567 4.421 40.17 127.2 125.91 153.11 0.0526
0 0 0 0 0 0 0
-0.652 1.549 38.75 -17.83 12.81 -2.27 0.0
2.483 5.858 42.21 129.51 149.23 136.54 0.0444
0 0 0 0 0 0 0
0.077 -0.143 43.96 6.05 -20.19 11.83 0.0
4.772 4.196 49.44 129.57 139.24 154.18 0.0569
0 0 0 0 0 0 0
-0.099 -0.245 40.88 -8.96 5.41 12.17 0.0
4.531 4.474 46.34 132.38 147.9 152.58 0.0565
0 0 0 0 0 0 0
0.297 -0.337 43.01 -0.85 -8.95 -10.92 0.0
5.391 3.378 47.75 147.42 129.91 148.74 0.0541
0 0 0 0 0 0 0
-0.019 -0.017 40.13 1.36 -12.06 -10.47 0.0
4.393 4.602 45.06 119.76 113.26 139.93 0.0656
0 0 0 0 0 0 0
1.596 1.033 41.06 15.87 17.89 13.77 0.0
4.67 4.321 43.96 116.15 120.28 115.66 0.0403
0 0 0 0 0 0 0
-0.791 0.985 38.26 -26.3 -0.74 11.98 0.0
2.942 5.638 43.63 130.33 133.47 150.61 0.0554
0 0 0 0 0 0 0
0.052 1.53 37.99 -1.44 8.03 13.95 0.0
3.623 5.224 41.58 124.59 122.73 116.87 0.0495
0 0 0 0 0 0 0
0.881 0.584 36.08 10.23 4.94 25.63 0.0
4.494 4.51 41.23 111.95 105.9 133.4 0.052
0 0 0 0 0 0 0
0.302 0.256 40.39 -1.96 -15.86 -12.98 0.0
4.57 4.412 45.35 140.17 140.0 140.01 0.0601
0 0 0 0 0 0 0
