x (mm)   y (mm)   z (mm)   vx (m/s)   vy (m/s)   vz (m/s)   time (ms)   dens
0.255 0.203 44.12 3.81 -6.29 13.65 0.0
4.463 4.523 49.31 159.14 156.52 191.58 0.0369
0 0 0 0 0 0 0
-0.608 -0.297 44.59 -22.52 6.8 29.3 0.0
4.175 4.787 49.86 176.07 160.65 176.41 0.0414
0 0 0 0 0 0 0
-1.467 -0.453 42.71 1.13 29.86 22.23 0.0
4.094 4.863 48.35 174.85 177.41 178.36 0.0406
0 0 0 0 0 0 0
0.531 0.519 35.63 -23.06 -22.39 2.5 0.0
4.93 4.01 40.13 186.17 156.83 165.15 0.035
0 0 0 0 0 0 0
1.277 0.381 42.26 12.92 -2.46 -2.93 0.0
4.922 4.019 46.04 170.49 154.79 162.82 0.0333
0 0 0 0 0 0 0
0.175 -0.035 41.44 -15.41 11.76 12.72 0.0
4.129 4.834 46.54 155.68 159.95 159.55 0.0398
0 0 0 0 0 0 0
1.029 -0.084 42.17 5.21 10.87 26.65 0.0
5.162 3.703 46.66 157.65 151.47 176.5 0.0348
0 0 0 0 0 0 0
0.006 -1.103 44.09 -15.33 10.61 -18.45 0.0
4.452 4.535 48.79 169.32 175.42 167.52 0.0427
0 0 0 0 0 0 0
-1.164 -1.113 42.83 -19.54 -1.48 -20.41 0.0
4.646 4.337 48.9 172.17 156.47 171.7 0.0485
0 0 0 0 0 0 0
0.104 -0.139 42.61 -5.31 9.87 13.91 0.0
4.692 4.282 47.82 154.53 172.2 176.64 0.039
0 0 0 0 0 0 0
0.021 0.945 39.58 13.58 15.63 3.42 0.0
3.927 4.995 43.9 152.16 161.79 180.65 0.0346
0 0 0 0 0 0 0
-0.567 1.139 43.41 6.13 -0.62 -17.05 0.0
3.94 4.986 48.35 158.26 147.99 168.03 0.0385
0 0 0 0 0 0 0
-1.075 1.416 38.96 -2.62 -13.32 -11.69 0.0
3.452 5.333 43.31 174.62 145.8 177.32 0.0355
0 0 0 0 0 0 0
-0.902 -0.583 42.94 17.4 12.44 -14.48 0.0
4.467 4.518 48.26 158.97 163.47 185.15 0.0435
0 0 0 0 0 0 0
0.419 -0.517 39.32 -1.29 6.81 -10.38 0.0
4.83 4.126 44.61 159.54 166.43 182.8 0.0391
0 0 0 0 0 0 0
0.248 0.57 35.44 -0.0 -16.14 10.77 0.0
4.353 4.629 40.16 180.09 176.82 169.89 0.0398
0 0 0 0 0 0 0
-0.717 -0.704 41.89 5.11 6.95 -23.62 0.0
4.352 4.627 46.49 163.08 178.25 165.02 0.0407
0 0 0 0 0 0 0
0.589 -0.546 44.91 -13.49 6.38 12.41 0.0
5.084 3.816 49.73 165.93 156.64 163.07 0.0373
0 0 0 0 0 0 0
-0.674 0.48 44.92 12.37 -11.39 -10.02 0.0
4.07 4.884 49.96 161.23 164.47 174.08 0.0403
0 0 0 0 0 0 0
0.911 0.024 36.0 4.05 -5.62 5.98 0.0
5.07 3.827 41.18 156.24 161.91 173.93 0.0375
0 0 0 0 0 0 0
-0.609 1.451 44.21 9.29 -4.65 -1.58 0.0
3.521 5.293 48.95 177.76 147.33 157.06 0.0349
0 0 0 0 0 0 0
1.622 0.052 38.64 -1.07 38.06 19.34 0.0
4.831 4.129 42.31 157.26 165.1 183.81 0.0304
0 0 0 0 0 0 0
0.594 1.013 37.24 20.58 4.6 -0.79 0.0
4.421 4.56 41.09 152.79 160.81 180.68 0.03
0 0 0 0 0 0 0
0.568 -0.555 44.34 6.65 4.89 -20.16 0.0
5.277 3.547 48.88 184.91 171.76 192.1 0.0387
0 0 0 0 0 0 0
0.276 -0.2 41.95 19.76 12.37 12.01 0.0
4.773 4.191 46.72 189.27 178.85 186.4 0.0332
0 0 0 0 0 0 0
0.57 -0.546 35.59 20.54 -15.79 5.25 0.0
5.436 3.294 39.96 170.08 159.27 169.11 0.039
0 0 0 0 0 0 0
0.915 1.712 42.72 7.61 5.09 16.63 0.0
4.141 4.822 46.52 156.96 151.31 159.61 0.0311
0 0 0 0 0 0 0
-1.27 -0.377 44.86 -1.4 5.29 -9.98 0.0
3.737 5.137 50.59 174.18 147.05 182.34 0.0445
0 0 0 0 0 0 0
-1.024 -1.537 40.27 17.09 -1.91 22.21 0.0
4.836 4.118 46.29 174.43 154.92 167.16 0.0472
0 0 0 0 0 0 0
0.589 0.584 41.91 -8.12 3.0 16.9 0.0
4.288 4.685 46.08 163.79 149.19 153.8 0.0359
0 0 0 0 0 0 0
1.78 -0.025 42.15 -15.66 -19.77 -2.08 0.0
5.418 3.325 45.72 150.79 150.53 162.8 0.0335
0 0 0 0 0 0 0
-0.902 0.184 37.53 -11.32 5.99 13.53 0.0
3.79 5.097 42.72 192.4 172.21 165.5 0.0388
0 0 0 0 0 0 0
-1.812 -0.691 35.82 -19.27 -8.39 -16.54 0.0
3.948 4.982 42.31 176.7 156.16 190.5 0.0446
0 0 0 0 0 0 0
0.185 -0.513 37.18 -17.9 -1.81 -15.6 0.0
4.525 4.468 42.16 180.04 189.7 183.99 0.0361
0 0 0 0 0 0 0
-0.748 1.063 37.92 -6.42 25.11 18.09 0.0
3.257 5.457 42.64 163.19 173.92 179.84 0.0379
0 0 0 0 0 0 0
-0.259 -1.08 43.84 -5.09 1.36 23.79 0.0
4.665 4.312 50.83 170.42 169.11 185.4 0.0468
0 0 0 0 0 0 0
1.213 -0.313 41.84 7.77 3.76 -20.94 0.0
5.382 3.381 45.77 172.75 182.01 180.31 0.0333
0 0 0 0 0 0 0
-0.25 -0.182 37.43 -2.8 -3.34 0.64 0.0
4.199 4.769 43.07 160.59 174.08 174.36 0.0402
0 0 0 0 0 0 0
1.204 -1.382 39.14 12.19 4.85 -16.71 0.0
5.768 2.672 43.89 166.43 156.3 176.56 0.0383
0 0 0 0 0 0 0
-0.615 -0.561 38.94 -3.85 13.9 -22.15 0.0
3.996 4.944 44.08 157.92 168.64 173.66 0.0394
0 0 0 0 0 0 0
-0.99 -0.938 39.29 0.89 -6.95 2.07 0.0
4.321 4.662 45.37 159.39 160.23 187.43 0.0445
0 0 0 0 0 0 0
-0.062 1.34 35.71 12.23 -1.82 6.69 0.0
3.694 5.174 39.65 159.24 170.45 149.13 0.0333
0 0 0 0 0 0 0
-0.719 -0.055 36.11 -10.52 12.24 20.85 0.0
3.767 5.117 42.1 166.73 178.3 186.16 0.0389
0 0 0 0 0 0 0
1.002 0.161 44.55 -11.96 14.92 0.69 0.0
4.641 4.338 48.49 155.44 151.19 165.41 0.0374
0 0 0 0 0 0 0
-1.581 -0.087 35.93 12.88 -2.35 -3.17 0.0
3.755 5.13 42.3 178.6 163.51 188.15 0.0416
0 0 0 0 0 0 0
1.227 0.503 42.25 -10.3 5.29 -12.54 0.0
4.877 4.075 46.38 158.52 154.41 175.93 0.0373
0 0 0 0 0 0 0
-1.646 -0.061 39.07 14.14 9.61 7.2 0.0
3.453 5.336 44.57 161.76 161.38 189.86 0.0433
0 0 0 0 0 0 0
-0.069 0.008 42.58 -17.16 -0.39 6.72 0.0
4.493 4.489 47.44 165.4 167.25 178.62 0.0402
0 0 0 0 0 0 0
1.06 1.174 38.94 -22.16 -2.03 -5.88 0.0
4.208 4.762 42.93 139.53 150.91 168.51 0.0385
0 0 0 0 0 0 0
-0.924 0.326 35.48 -20.36 17.95 18.99 0.0
3.625 5.216 40.56 161.9 161.5 172.16 0.0412
0 0 0 0 0 0 0
0.068 -0.178 37.98 13.36 14.88 -3.2 0.0
4.82 4.141 43.05 180.25 158.59 180.87 0.0363
0 0 0 0 0 0 0
1.647 -0.434 37.54 7.02 -6.97 -4.84 0.0
5.692 2.82 41.16 162.98 150.47 141.49 0.0342
0 0 0 0 0 0 0
1.257 -0.504 44.68 -11.22 8.39 -6.89 0.0
5.094 3.793 49.36 158.86 159.04 193.95 0.0356
0 0 0 0 0 0 0
-1.221 0.548 39.38 -3.96 11.86 5.59 0.0
3.636 5.211 44.67 159.88 154.13 164.74 0.0427
0 0 0 0 0 0 0
-1.266 -1.512 39.22 -3.42 -24.62 11.5 0.0
4.6 4.38 45.34 167.79 178.05 175.4 0.0454
0 0 0 0 0 0 0
0.071 0.155 43.71 29.74 -3.15 0.77 0.0
4.905 4.039 47.65 164.63 156.65 163.4 0.0368
0 0 0 0 0 0 0
1.299 -0.193 45.0 1.82 -3.24 17.64 0.0
5.428 3.296 49.35 170.51 172.69 179.71 0.0353
0 0 0 0 0 0 0
-0.187 0.775 36.62 -1.62 -1.46 -14.03 0.0
4.028 4.916 41.09 148.06 149.75 178.93 0.0392
0 0 0 0 0 0 0
0.286 0.029 43.42 -11.87 24.55 13.45 0.0
4.766 4.198 48.18 165.46 162.43 184.74 0.0359
0 0 0 0 0 0 0
-0.92 -0.45 38.7 -3.8 4.71 -9.47 0.0
4.26 4.72 44.64 186.5 175.32 181.33 0.0426
0 0 0 0 0 0 0
0.131 1.7 42.33 -5.24 0.82 -3.31 0.0
3.683 5.181 46.49 179.02 159.64 157.98 0.034
0 0 0 0 0 0 0
-0.66 0.821 35.94 14.52 11.11 -1.97 0.0
3.437 5.348 41.34 171.67 164.01 199.48 0.0378
0 0 0 0 0 0 0
0.173 0.642 39.45 -11.89 -15.58 -3.23 0.0
4.377 4.608 43.41 181.56 167.71 161.43 0.036
0 0 0 0 0 0 0
-0.744 0.692 40.77 -0.99 -16.93 1.95 0.0
3.987 4.95 46.37 171.16 163.84 181.27 0.0444
0 0 0 0 0 0 0
1.503 -0.198 37.1 5.56 -10.81 5.85 0.0
5.325 3.466 40.92 174.38 171.86 158.61 0.034
0 0 0 0 0 0 0
-0.721 -0.337 41.19 -15.54 1.49 -8.65 0.0
4.042 4.9 47.21 159.53 166.21 180.23 0.0423
0 0 0 0 0 0 0
-0.425 0.546 38.2 -3.66 -8.66 18.48 0.0
3.782 5.103 43.45 160.64 167.89 179.09 0.0391
0 0 0 0 0 0 0
-1.326 0.334 42.57 -13.14 10.07 -17.85 0.0
3.363 5.392 47.57 173.27 172.94 169.65 0.0429
0 0 0 0 0 0 0
-0.575 0.262 38.78 -4.14 -28.56 23.3 0.0
4.134 4.824 43.71 167.56 159.92 161.12 0.0384
0 0 0 0 0 0 0
-0.172 0.101 44.62 5.42 -5.82 -24.2 0.0
4.862 4.092 48.54 168.1 154.76 171.6 0.0387
0 0 0 0 0 0 0
1.261 1.234 35.32 7.67 4.34 4.84 0.0
4.713 4.259 38.46 163.11 162.71 146.69 0.0287
0 0 0 0 0 0 0
0.147 0.02 42.74 20.35 -3.11 -6.41 0.0
4.799 4.159 47.25 166.51 160.87 164.14 0.0354
0 0 0 0 0 0 0
-1.8 -0.859 39.15 -0.27 12.24 6.61 0.0
3.912 5.012 45.2 171.14 156.65 154.93 0.0485
0 0 0 0 0 0 0
1.192 0.412 37.15 -9.63 15.42 3.6 0.0
4.774 4.194 41.12 179.62 161.13 177.2 0.0319
0 0 0 0 0 0 0
-0.151 -0.921 42.79 16.4 -25.78 0.34 0.0
5.444 3.274 47.84 158.65 175.79 176.47 0.0414
0 0 0 0 0 0 0
1.235 0.786 35.82 2.83 6.69 -7.34 0.0
4.756 4.214 39.92 164.34 165.92 173.09 0.0341
0 0 0 0 0 0 0
0.641 1.333 39.57 -11.51 15.24 0.28 0.0
4.0 4.941 43.31 161.07 164.84 174.22 0.0335
0 0 0 0 0 0 0
0.034 -0.531 41.72 2.93 4.5 6.4 0.0
4.657 4.318 46.79 157.21 157.19 178.23 0.0386
0 0 0 0 0 0 0
-0.2 -0.258 44.73 1.36 14.15 7.27 0.0
4.236 4.733 49.84 165.71 159.55 188.41 0.0394
0 0 0 0 0 0 0
-0.449 -1.933 43.83 7.86 -6.5 1.04 0.0
5.47 3.23 49.11 186.66 156.7 150.76 0.0464
0 0 0 0 0 0 0
-0.513 0.009 43.3 -16.68 -16.37 6.2 0.0
4.315 4.664 49.31 151.73 158.98 182.2 0.0448
0 0 0 0 0 0 0
0.359 -0.749 41.33 11.79 -19.94 -12.89 0.0
5.447 3.278 46.21 167.42 157.09 171.04 0.0398
0 0 0 0 0 0 0
-0.501 0.354 36.01 -22.8 -3.04 1.09 0.0
3.895 5.024 42.1 167.28 149.64 187.11 0.0406
0 0 0 0 0 0 0
-0.058 -0.234 41.0 -19.45 -6.98 6.4 0.0
4.582 4.4 47.01 168.23 164.43 193.44 0.0444
0 0 0 0 0 0 0
0.4 0.29 37.81 -2.74 7.03 15.09 0.0
4.466 4.526 42.5 169.92 178.08 181.45 0.0358
0 0 0 0 0 0 0
-0.509 1.192 40.39 5.89 -20.0 8.75 0.0
3.259 5.458 44.46 161.87 170.63 152.21 0.0371
0 0 0 0 0 0 0
-0.021 0.054 35.18 6.83 12.68 -12.16 0.0
4.367 4.612 40.29 159.87 177.54 185.11 0.0372
0 0 0 0 0 0 0
-0.301 1.404 38.67 -21.5 -2.94 -10.58 0.0
3.816 5.076 43.33 182.51 169.39 168.57 0.0365
0 0 0 0 0 0 0
0.211 0.075 43.92 -0.32 11.06 -11.88 0.0
4.48 4.501 48.77 163.33 156.09 166.18 0.0375
0 0 0 0 0 0 0
0.193 0.175 37.12 -29.4 21.3 -7.74 0.0
3.648 5.198 41.68 162.01 167.45 174.63 0.0408
0 0 0 0 0 0 0
0.811 1.566 38.23 17.23 -5.48 2.75 0.0
4.341 4.638 41.71 158.14 159.07 157.94 0.0325
0 0 0 0 0 0 0
-0.049 0.554 37.04 -32.58 20.22 -0.42 0.0
3.873 5.039 41.54 169.78 168.47 182.17 0.0356
0 0 0 0 0 0 0
0.382 -0.493 36.73 -4.89 16.66 17.7 0.0
4.675 4.304 41.54 176.67 167.88 166.89 0.039
0 0 0 0 0 0 0
-0.46 -0.043 39.51 -3.18 20.73 -21.14 0.0
4.443 4.541 45.16 183.66 153.34 193.93 0.0409
0 0 0 0 0 0 0
-0.04 0.057 41.19 -9.03 -2.9 13.45 0.0
4.285 4.688 46.51 175.45 173.48 183.87 0.0389
0 0 0 0 0 0 0
-1.205 -0.699 43.4 15.49 9.33 15.55 0.0
4.351 4.634 49.71 170.01 165.57 177.26 0.0465
0 0 0 0 0 0 0
1.656 0.85 35.43 -2.97 9.43 1.25 0.0
4.804 4.155 39.06 153.02 159.63 161.57 0.0318
0 0 0 0 0 0 0
0.227 1.11 41.32 -9.95 -12.14 -15.74 0.0
3.97 4.961 45.94 151.51 156.18 185.44 0.0343
0 0 0 0 0 0 0
-0.283 0.173 39.16 9.93 4.41 -2.7 0.0
4.867 4.087 44.44 183.67 159.84 179.78 0.0428
0 0 0 0 0 0 0
0.102 -0.374 40.64 -19.87 18.41 -5.86 0.0
4.252 4.718 45.18 158.71 185.25 161.79 0.0401
0 0 0 0 0 0 0
-0.019 0.729 42.11 -10.8 2.03 -11.12 0.0
3.873 5.041 47.04 154.52 170.74 175.91 0.0379
0 0 0 0 0 0 0
-0.529 0.117 40.26 -21.0 -0.36 11.0 0.0
4.322 4.662 44.78 174.57 169.83 174.11 0.0365
0 0 0 0 0 0 0
-0.58 0.167 44.83 -1.98 11.6 -19.02 0.0
3.907 5.014 49.45 171.38 181.51 177.53 0.0385
0 0 0 0 0 0 0
-0.729 -0.448 43.74 6.12 -0.9 12.14 0.0
4.887 4.055 48.76 190.04 152.23 160.06 0.0402
0 0 0 0 0 0 0
-0.013 -1.001 35.56 -0.41 27.91 -7.03 0.0
4.79 4.17 40.86 174.45 185.26 175.0 0.0382
0 0 0 0 0 0 0
-0.711 0.472 35.42 -1.66 1.36 -10.55 0.0
3.69 5.178 40.27 161.39 190.13 168.94 0.0379
0 0 0 0 0 0 0
-0.027 -0.394 41.13 -11.63 -3.97 5.56 0.0
4.866 4.084 46.38 189.58 163.86 185.11 0.0392
0 0 0 0 0 0 0
-0.61 -1.226 42.48 -1.42 -10.86 4.74 0.0
5.056 3.843 48.37 182.14 179.72 189.86 0.0427
0 0 0 0 0 0 0
1.463 0.633 42.93 19.51 -9.58 1.58 0.0
5.226 3.612 46.55 167.62 154.6 159.19 0.0296
0 0 0 0 0 0 0
1.097 -0.565 35.15 17.99 2.67 8.12 0.0
5.21 3.639 39.7 162.9 157.86 172.07 0.0372
0 0 0 0 0 0 0
-1.262 -0.01 44.11 7.17 -11.42 -15.52 0.0
3.804 5.09 49.74 173.0 169.38 172.75 0.0432
0 0 0 0 0 0 0
-0.357 0.612 40.56 30.47 -9.86 -9.6 0.0
4.256 4.718 44.27 158.16 162.1 157.18 0.0357
0 0 0 0 0 0 0
0.127 -1.167 39.19 -20.15 11.85 -9.48 0.0
4.612 4.366 43.93 168.63 177.56 163.21 0.04
0 0 0 0 0 0 0
0.069 -0.2 36.43 -1.88 -1.02 -1.15 0.0
4.707 4.27 41.92 161.45 165.96 168.8 0.0393
0 0 0 0 0 0 0
0.619 0.044 36.62 -2.54 13.01 -11.52 0.0
4.355 4.624 41.06 148.82 175.79 183.39 0.036
0 0 0 0 0 0 0
1.234 -0.417 37.39 -26.11 8.61 8.32 0.0
5.013 3.898 41.97 145.04 160.03 163.92 0.0367
0 0 0 0 0 0 0
0.778 1.591 43.46 10.51 -4.18 -21.15 0.0
3.882 5.034 46.92 155.08 146.16 150.56 0.0344
0 0 0 0 0 0 0
0.263 0.167 44.98 -27.85 -13.16 -16.18 0.0
4.764 4.208 49.48 177.84 161.75 178.35 0.0364
0 0 0 0 0 0 0
-1.784 -0.722 39.63 -22.49 14.69 8.29 0.0
3.226 5.477 46.29 169.27 162.89 170.27 0.0454
0 0 0 0 0 0 0
-0.15 0.454 44.83 7.26 -0.38 -6.9 0.0
4.342 4.639 49.22 162.8 159.6 170.86 0.0364
0 0 0 0 0 0 0
0.763 -0.554 41.76 17.72 11.24 22.12 0.0
5.011 3.912 46.45 167.97 163.4 166.43 0.0382
0 0 0 0 0 0 0
1.038 -1.644 39.83 -11.58 -17.5 2.47 0.0
5.782 2.633 44.78 164.73 154.46 171.42 0.04
0 0 0 0 0 0 0
-0.881 0.745 37.69 2.03 -0.38 11.41 0.0
3.657 5.192 41.88 170.9 164.27 164.93 0.0376
0 0 0 0 0 0 0
1.077 -0.164 39.66 -13.41 -10.2 -3.44 0.0
4.83 4.131 44.48 150.72 172.24 186.62 0.0354
0 0 0 0 0 0 0
-0.0 0.001 39.47 12.61 8.14 3.75 0.0
4.609 4.371 43.82 167.15 169.51 188.0 0.0368
0 0 0 0 0 0 0
0.301 -0.485 36.98 23.8 -38.63 -20.02 0.0
5.117 3.761 41.58 168.94 179.98 179.17 0.0392
0 0 0 0 0 0 0
0.073 -0.049 43.37 8.94 11.13 -11.45 0.0
4.734 4.235 47.37 176.77 160.84 163.05 0.0356
0 0 0 0 0 0 0
-0.909 0.294 40.73 2.9 4.45 -7.11 0.0
4.04 4.904 45.48 186.82 160.42 167.67 0.0415
0 0 0 0 0 0 0
-0.337 1.23 38.66 7.36 27.12 1.6 0.0
3.381 5.381 42.45 161.07 170.28 187.38 0.0315
0 0 0 0 0 0 0
0.569 -1.511 41.6 15.42 15.57 -0.09 0.0
5.449 3.268 46.68 169.69 157.02 164.88 0.0399
0 0 0 0 0 0 0
0.094 -0.013 43.12 -25.97 -7.9 9.06 0.0
4.389 4.596 48.31 149.26 161.24 187.42 0.0404
0 0 0 0 0 0 0
-1.724 -0.002 43.53 -5.74 12.77 -6.68 0.0
2.859 5.677 49.04 146.67 184.66 178.2 0.0421
0 0 0 0 0 0 0
-0.125 -1.921 36.11 -14.73 -16.7 40.28 0.0
5.109 3.783 42.85 172.4 172.6 187.93 0.0445
0 0 0 0 0 0 0
-0.25 -0.007 35.87 17.65 -8.61 5.35 0.0
4.441 4.55 40.86 177.8 172.36 166.89 0.0395
0 0 0 0 0 0 0
-0.492 -1.839 39.3 -1.3 -22.63 10.72 0.0
5.446 3.267 46.06 183.54 171.22 190.45 0.0473
0 0 0 0 0 0 0
1.154 -0.878 42.66 22.38 -34.7 13.9 0.0
5.772 2.646 47.47 174.78 150.96 178.24 0.0389
0 0 0 0 0 0 0
-0.975 -0.887 39.71 9.79 6.45 -16.29 0.0
4.647 4.331 44.72 187.22 166.2 180.26 0.0385
0 0 0 0 0 0 0
-0.768 1.762 44.81 10.82 -6.0 13.42 0.0
3.07 5.565 48.73 174.08 165.52 162.83 0.0356
0 0 0 0 0 0 0
-0.365 -0.953 44.76 9.79 -8.21 19.14 0.0
4.611 4.372 50.49 155.46 163.84 166.74 0.0476
0 0 0 0 0 0 0
1.359 0.148 35.45 24.96 -31.24 -9.75 0.0
5.358 3.411 39.33 169.93 156.24 160.55 0.032
0 0 0 0 0 0 0
-0.391 1.112 40.18 11.16 44.44 -8.24 0.0
3.161 5.516 43.78 157.91 181.77 163.89 0.0306
0 0 0 0 0 0 0
1.47 -0.208 43.6 6.3 -13.22 -1.44 0.0
5.184 3.67 48.12 149.55 157.87 170.59 0.036
0 0 0 0 0 0 0
1.365 0.554 43.97 -8.78 -10.39 3.13 0.0
4.867 4.086 48.04 157.41 173.04 173.7 0.0321
0 0 0 0 0 0 0
-1.119 0.895 40.02 -3.58 -2.65 -12.35 0.0
3.355 5.399 44.82 164.82 165.54 170.56 0.0394
0 0 0 0 0 0 0
0.375 -0.258 41.39 8.47 0.54 9.0 0.0
4.898 4.045 46.26 155.17 168.81 183.21 0.0372
0 0 0 0 0 0 0
0.908 0.606 43.67 8.43 -18.77 7.87 0.0
4.77 4.197 47.84 154.25 163.96 161.77 0.0341
0 0 0 0 0 0 0
-0.2 1.518 40.71 8.23 -0.29 -2.84 0.0
3.25 5.462 45.05 155.04 158.91 173.55 0.0348
0 0 0 0 0 0 0
1.416 -0.142 40.0 0.5 -2.6 8.45 0.0
5.338 3.451 44.52 149.95 148.36 176.82 0.037
0 0 0 0 0 0 0
-1.433 -1.062 39.55 7.01 4.02 6.59 0.0
4.259 4.711 46.41 157.18 182.41 182.84 0.0459
0 0 0 0 0 0 0
0.512 0.028 37.83 0.39 -17.82 -15.17 0.0
4.623 4.361 42.59 181.59 175.02 174.97 0.0368
0 0 0 0 0 0 0
0.614 -0.128 44.97 -5.83 -8.24 -0.29 0.0
4.839 4.125 49.04 172.66 172.7 168.36 0.0339
0 0 0 0 0 0 0
-0.694 -0.007 41.13 9.45 -6.93 -13.11 0.0
4.139 4.825 46.34 173.23 164.77 161.77 0.0395
0 0 0 0 0 0 0
-0.373 0.303 38.04 6.52 10.96 -13.66 0.0
3.832 5.072 42.82 151.15 170.26 181.56 0.0404
0 0 0 0 0 0 0
-0.086 -0.249 35.59 -19.85 -3.38 -2.52 0.0
4.368 4.611 40.89 169.17 156.05 178.04 0.0398
0 0 0 0 0 0 0
0.196 -0.968 38.69 1.38 8.45 14.16 0.0
5.151 3.718 43.94 176.17 161.78 171.42 0.0386
0 0 0 0 0 0 0
-0.504 -1.248 40.15 24.53 14.71 -25.56 0.0
4.743 4.224 44.89 155.51 158.63 185.91 0.0421
0 0 0 0 0 0 0
0.234 1.172 39.96 -4.95 6.04 -1.83 0.0
3.659 5.2 43.8 167.04 168.34 172.84 0.034
0 0 0 0 0 0 0
0.064 -0.014 35.86 -2.5 14.09 -19.43 0.0
4.213 4.753 40.1 160.1 190.81 173.19 0.0358
0 0 0 0 0 0 0
-0.932 0.214 40.22 -12.42 11.2 3.22 0.0
3.648 5.202 45.42 181.11 160.49 181.44 0.0414
0 0 0 0 0 0 0
-0.899 -1.497 42.22 16.36 2.19 5.87 0.0
4.525 4.458 48.76 164.92 178.05 195.77 0.0449
0 0 0 0 0 0 0
0.402 1.248 44.34 -23.03 -24.59 13.66 0.0
3.841 5.06 48.94 149.67 154.23 174.27 0.0345
0 0 0 0 0 0 0
-0.059 -1.322 39.38 6.63 -1.76 -8.85 0.0
5.092 3.799 44.98 169.74 172.33 166.09 0.0447
0 0 0 0 0 0 0
-0.158 0.84 43.44 -12.01 -10.94 -3.59 0.0
3.945 4.978 48.15 169.04 164.64 178.8 0.0369
0 0 0 0 0 0 0
-1.659 -0.583 42.56 -3.77 7.21 3.83 0.0
3.877 5.031 48.43 166.9 170.39 168.65 0.042
0 0 0 0 0 0 0
0.366 -0.352 38.16 -6.28 10.04 5.7 0.0
4.998 3.926 43.2 184.16 173.5 163.67 0.0393
0 0 0 0 0 0 0
0.304 -0.879 39.24 28.8 -3.08 -6.98 0.0
5.293 3.508 44.01 162.86 157.03 169.24 0.035
0 0 0 0 0 0 0
0.793 -0.038 36.78 -6.95 2.96 0.19 0.0
4.985 3.94 41.83 159.62 169.68 199.1 0.0361
0 0 0 0 0 0 0
-0.649 -0.155 44.85 22.7 -5.59 22.28 0.0
4.634 4.346 50.0 182.55 150.98 176.48 0.0408
0 0 0 0 0 0 0
0.06 0.207 36.64 16.06 1.74 6.44 0.0
4.646 4.338 41.18 155.93 153.46 175.33 0.0381
0 0 0 0 0 0 0
-1.031 0.127 36.76 -15.11 -19.76 4.27 0.0
3.927 4.996 43.3 158.97 162.65 181.65 0.0433
0 0 0 0 0 0 0
-0.914 1.43 36.22 -6.58 -4.11 -5.12 0.0
3.196 5.495 40.57 145.0 158.04 166.69 0.0362
0 0 0 0 0 0 0
1.406 0.779 40.02 -0.49 8.54 0.06 0.0
4.959 3.968 43.68 166.3 151.28 163.62 0.031
0 0 0 0 0 0 0
0.356 0.281 45.0 -25.34 8.33 -2.36 0.0
4.404 4.576 49.89 164.19 156.24 189.05 0.0382
0 0 0 0 0 0 0
0.638 1.491 41.85 11.43 9.45 -10.2 0.0
4.194 4.773 45.18 166.04 169.95 167.56 0.031
0 0 0 0 0 0 0
-0.64 -1.751 35.91 -14.62 0.49 3.13 0.0
4.847 4.109 42.08 157.26 178.98 180.89 0.0427
0 0 0 0 0 0 0
1.356 -0.917 38.11 -13.81 -3.86 14.47 0.0
5.574 3.055 42.94 169.78 167.49 169.34 0.0351
0 0 0 0 0 0 0
-0.596 -0.845 35.13 -4.78 6.3 5.1 0.0
4.73 4.248 40.55 166.87 167.21 183.0 0.0439
0 0 0 0 0 0 0
-0.308 0.356 40.78 -9.11 11.93 15.42 0.0
4.011 4.927 45.74 163.02 166.87 172.87 0.0356
0 0 0 0 0 0 0
-0.209 -0.503 40.79 20.75 0.86 -0.39 0.0
4.53 4.454 45.82 178.27 180.43 168.28 0.0399
0 0 0 0 0 0 0
1.501 -0.422 38.17 -7.48 4.39 -20.5 0.0
5.402 3.352 42.05 168.05 172.48 161.82 0.0334
0 0 0 0 0 0 0
-0.506 1.57 40.59 3.36 -8.47 -2.32 0.0
3.39 5.373 44.02 165.28 166.42 153.65 0.0335
0 0 0 0 0 0 0
1.078 -0.635 42.28 -9.59 -9.84 3.26 0.0
5.29 3.514 46.51 178.04 171.08 168.12 0.0386
0 0 0 0 0 0 0
-1.228 -0.251 38.02 -1.42 27.29 1.02 0.0
3.532 5.287 43.81 167.77 184.01 184.47 0.0383
0 0 0 0 0 0 0
0.183 0.301 38.6 -25.76 1.52 -23.62 0.0
4.444 4.537 43.47 163.42 166.23 157.33 0.0382
0 0 0 0 0 0 0
-0.371 1.292 44.81 -11.8 -2.72 -15.19 0.0
3.761 5.118 49.27 174.64 143.41 179.42 0.0383
0 0 0 0 0 0 0
-1.637 0.061 39.32 2.24 -8.54 -33.27 0.0
3.935 4.985 45.2 179.57 159.41 170.22 0.0454
0 0 0 0 0 0 0
-1.953 -0.107 42.21 21.38 -4.11 13.03 0.0
3.604 5.232 48.03 176.8 169.89 163.4 0.0422
0 0 0 0 0 0 0
1.877 0.339 39.26 -6.09 -2.02 2.58 0.0
4.773 4.19 42.73 148.79 168.3 165.5 0.0308
0 0 0 0 0 0 0
-0.394 -1.048 41.31 -8.31 -2.28 -1.39 0.0
4.87 4.078 46.69 183.57 147.94 183.64 0.0396
0 0 0 0 0 0 0
-0.304 0.025 35.49 3.61 37.98 -2.81 0.0
4.047 4.899 40.13 153.55 167.85 185.47 0.0383
0 0 0 0 0 0 0
-0.409 -0.903 39.63 11.39 19.57 -40.19 0.0
4.849 4.105 45.32 171.49 154.25 201.73 0.0403
0 0 0 0 0 0 0
-0.927 -0.4 35.47 9.13 -19.56 -12.79 0.0
4.414 4.568 41.08 174.13 167.55 172.61 0.0433
0 0 0 0 0 0 0
-0.545 0.868 38.56 0.91 23.28 1.8 0.0
3.466 5.326 43.48 152.98 168.94 170.87 0.0408
0 0 0 0 0 0 0
-1.13 1.599 36.08 5.67 -1.33 -1.57 0.0
3.116 5.536 40.85 158.25 165.83 169.74 0.0387
0 0 0 0 0 0 0
-0.96 1.471 40.65 -1.72 -3.13 10.83 0.0
3.157 5.512 45.3 165.24 161.58 174.17 0.0342
0 0 0 0 0 0 0
0.355 0.228 37.08 6.3 9.53 -14.54 0.0
4.508 4.483 41.12 167.79 164.66 190.87 0.0351
0 0 0 0 0 0 0
1.13 -1.449 38.22 1.11 -8.83 17.4 0.0
5.591 3.016 43.49 191.62 170.66 171.82 0.0389
0 0 0 0 0 0 0
0.169 -0.485 38.37 -3.15 13.45 -20.84 0.0
4.551 4.434 43.26 170.83 163.83 183.07 0.0387
0 0 0 0 0 0 0
-0.26 -1.054 41.43 32.64 10.95 -17.37 0.0
5.123 3.762 46.98 155.91 157.82 182.31 0.0433
0 0 0 0 0 0 0
-0.882 -1.204 39.27 -8.33 -4.67 -7.72 0.0
4.724 4.248 45.46 171.74 169.63 185.64 0.0429
0 0 0 0 0 0 0
0.277 -0.061 39.32 5.19 7.0 10.11 0.0
4.791 4.169 44.53 160.28 174.92 198.93 0.0373
0 0 0 0 0 0 0
-0.123 -0.446 43.36 -5.49 4.83 3.61 0.0
4.04 4.902 48.06 153.86 178.48 180.3 0.0392
0 0 0 0 0 0 0
-0.889 -0.38 39.36 -0.63 -0.33 4.71 0.0
3.938 4.99 44.6 171.47 169.7 169.88 0.0429
0 0 0 0 0 0 0
-0.221 0.908 43.47 -5.8 9.49 9.35 0.0
3.615 5.225 48.25 159.6 161.78 158.73 0.0387
0 0 0 0 0 0 0
-0.425 0.686 41.21 -12.59 29.76 32.83 0.0
3.282 5.441 46.23 162.49 155.74 155.24 0.0375
0 0 0 0 0 0 0
-1.256 -1.372 39.71 -7.35 31.32 -1.51 0.0
4.621 4.362 45.62 180.82 170.04 196.08 0.0438
0 0 0 0 0 0 0
-0.168 -0.199 39.58 7.03 13.59 10.64 0.0
4.755 4.219 45.09 174.25 161.98 180.77 0.0395
0 0 0 0 0 0 0
0.247 -0.197 35.08 4.52 -7.61 -13.33 0.0
4.652 4.324 40.49 168.24 168.62 174.25 0.0367
0 0 0 0 0 0 0
-1.388 -0.642 40.62 8.29 -2.26 11.58 0.0
4.433 4.555 47.02 175.25 161.9 180.17 0.0442
0 0 0 0 0 0 0
0.191 0.086 44.59 10.36 5.34 11.43 0.0
4.388 4.598 49.77 144.72 161.76 168.29 0.0389
0 0 0 0 0 0 0
0.624 0.925 44.57 -37.17 18.53 2.72 0.0
3.996 4.938 48.72 145.9 177.28 152.15 0.0351
0 0 0 0 0 0 0
0.079 -0.039 37.3 26.38 10.67 14.74 0.0
4.881 4.063 41.85 164.92 156.27 166.53 0.036
0 0 0 0 0 0 0
-0.361 -0.783 43.19 22.87 6.74 7.8 0.0
4.897 4.051 48.5 190.8 161.17 183.86 0.04
0 0 0 0 0 0 0
-0.902 0.353 40.68 2.07 -1.95 5.24 0.0
3.69 5.173 46.03 161.03 170.14 169.65 0.0397
0 0 0 0 0 0 0
0.17 0.354 42.42 -4.99 -29.54 -10.1 0.0
4.67 4.308 47.89 150.49 151.1 180.36 0.042
0 0 0 0 0 0 0
1.13 -0.036 36.97 -15.08 2.07 5.53 0.0
5.0 3.921 41.23 160.1 176.97 191.95 0.0347
0 0 0 0 0 0 0
-0.599 0.822 44.23 5.58 27.98 1.18 0.0
3.67 5.184 48.77 178.1 150.82 160.46 0.0379
0 0 0 0 0 0 0
-0.573 -0.438 35.24 -22.64 20.86 1.86 0.0
3.734 5.141 40.79 173.26 176.01 172.36 0.0397
0 0 0 0 0 0 0
0.311 0.177 35.06 -15.97 -7.75 9.07 0.0
4.483 4.502 39.62 172.49 167.15 159.21 0.036
0 0 0 0 0 0 0
-0.873 0.606 41.37 14.85 -2.06 -14.04 0.0
3.29 5.438 46.28 153.57 177.18 184.1 0.0367
0 0 0 0 0 0 0
-0.657 -0.753 40.94 -5.84 7.56 13.65 0.0
4.435 4.553 46.7 176.08 167.38 183.83 0.0428
0 0 0 0 0 0 0
1.54 0.427 43.3 -0.16 -10.76 17.98 0.0
5.17 3.695 47.6 156.94 159.49 188.11 0.0321
0 0 0 0 0 0 0
-1.109 0.261 44.0 8.92 -4.05 1.09 0.0
3.663 5.188 49.3 152.73 173.06 172.67 0.0373
0 0 0 0 0 0 0
0.575 -0.658 44.76 13.36 3.13 -0.06 0.0
4.968 3.956 49.43 163.06 166.22 182.08 0.0361
0 0 0 0 0 0 0
0.367 0.649 36.68 26.73 -0.52 -4.34 0.0
4.553 4.429 41.32 176.51 157.85 182.41 0.0333
0 0 0 0 0 0 0
-0.161 0.09 39.18 -8.74 -6.34 27.88 0.0
4.621 4.364 44.67 175.13 157.22 177.46 0.0413
0 0 0 0 0 0 0
1.294 -1.384 42.91 27.43 -5.92 -13.22 0.0
5.659 2.894 47.12 165.04 163.96 167.34 0.0331
0 0 0 0 0 0 0
1.504 1.253 39.35 -6.84 11.83 -14.23 0.0
4.784 4.18 42.59 165.76 152.19 171.51 0.0286
0 0 0 0 0 0 0
1.272 1.109 35.51 -7.6 -1.3 -11.59 0.0
4.353 4.633 38.86 150.61 169.58 167.28 0.0332
0 0 0 0 0 0 0
0.75 1.455 37.86 -10.13 -3.2 10.3 0.0
3.841 5.059 42.11 161.01 159.22 174.91 0.032
0 0 0 0 0 0 0
0.43 0.047 43.84 1.49 12.51 -9.24 0.0
4.873 4.083 48.46 182.27 158.06 169.23 0.0372
0 0 0 0 0 0 0
-0.583 -0.956 39.44 -6.83 -2.91 10.05 0.0
4.42 4.56 45.07 161.03 175.64 174.08 0.042
0 0 0 0 0 0 0
0.023 -0.001 35.66 19.28 1.79 13.69 0.0
4.404 4.575 40.69 174.84 173.79 177.21 0.0376
0 0 0 0 0 0 0
-1.915 -0.164 37.06 -11.41 4.75 -10.78 0.0
2.994 5.604 42.83 157.08 176.57 165.28 0.0444
0 0 0 0 0 0 0
0.289 -0.061 44.43 -15.87 -13.37 -5.38 0.0
4.53 4.452 49.52 168.2 167.94 172.7 0.0397
0 0 0 0 0 0 0
0.05 -0.339 41.63 -3.78 3.14 -17.02 0.0
4.336 4.646 47.35 148.52 174.34 182.85 0.0407
0 0 0 0 0 0 0
-1.537 -1.135 41.07 7.31 -2.46 8.73 0.0
4.069 4.878 47.22 177.6 186.25 166.79 0.048
0 0 0 0 0 0 0
0.992 -0.366 41.89 18.46 -14.34 -0.79 0.0
5.428 3.298 46.03 178.89 157.26 179.65 0.0345
0 0 0 0 0 0 0
1.609 -0.954 36.85 -4.14 0.42 13.55 0.0
5.655 2.899 41.76 165.59 153.38 170.5 0.0361
0 0 0 0 0 0 0
-0.224 0.156 39.12 -0.75 -9.04 -2.04 0.0
3.934 4.99 44.54 143.56 182.97 188.43 0.0421
0 0 0 0 0 0 0
0.679 -1.622 43.38 -8.9 -0.78 -11.1 0.0
5.195 3.657 48.96 162.31 154.21 168.85 0.0449
0 0 0 0 0 0 0
0.404 0.453 36.75 -10.78 18.18 2.04 0.0
4.271 4.71 41.25 169.58 170.33 192.04 0.0355
0 0 0 0 0 0 0
-1.218 -0.26 44.33 12.15 14.41 -2.03 0.0
4.052 4.894 50.11 164.37 181.61 179.59 0.04
0 0 0 0 0 0 0
0.538 -0.125 36.4 12.77 -0.18 3.39 0.0
4.83 4.133 40.95 170.59 162.47 168.49 0.0358
0 0 0 0 0 0 0
-0.902 0.88 36.48 -20.03 -13.69 -12.02 0.0
3.133 5.529 40.78 153.91 165.13 166.57 0.0376
0 0 0 0 0 0 0
-0.192 -0.057 38.38 -6.18 -7.41 -7.35 0.0
4.18 4.78 43.31 161.91 162.7 171.88 0.0421
0 0 0 0 0 0 0
0.445 0.073 36.75 2.59 -9.02 17.04 0.0
4.916 4.03 41.83 168.4 161.04 176.41 0.0364
0 0 0 0 0 0 0
0.341 1.679 42.13 -6.78 -9.21 7.05 0.0
4.061 4.889 45.42 169.27 150.78 149.42 0.031
0 0 0 0 0 0 0
-0.037 -0.031 41.91 -1.86 -32.7 -18.84 0.0
4.745 4.231 46.68 174.96 159.32 159.55 0.0414
0 0 0 0 0 0 0
0.061 -0.198 44.4 -8.74 17.86 9.18 0.0
4.489 4.499 49.68 151.71 169.85 172.39 0.0386
0 0 0 0 0 0 0
0.662 1.612 35.98 -12.13 0.58 2.68 0.0
3.873 5.034 40.46 148.72 157.95 186.42 0.0343
0 0 0 0 0 0 0
0.033 -0.91 42.49 1.93 2.22 -3.55 0.0
4.813 4.147 47.64 168.65 171.65 159.13 0.0437
0 0 0 0 0 0 0
-0.12 0.128 35.27 -5.59 0.26 -5.8 0.0
4.497 4.484 39.83 174.76 181.32 173.5 0.0401
0 0 0 0 0 0 0
-0.638 -1.049 40.2 -27.29 -22.84 -0.2 0.0
4.533 4.456 46.58 168.22 173.32 187.08 0.0469
0 0 0 0 0 0 0
-0.126 -0.315 38.56 21.89 -0.58 3.31 0.0
4.713 4.261 43.3 158.67 167.76 161.58 0.0388
0 0 0 0 0 0 0
-1.74 0.147 38.65 5.67 11.68 -32.15 0.0
3.445 5.344 43.14 183.84 161.79 175.53 0.0376
0 0 0 0 0 0 0
-0.19 0.121 40.52 12.22 -9.38 -10.94 0.0
4.901 4.047 45.28 183.57 157.99 176.14 0.04
0 0 0 0 0 0 0
0.804 -0.039 39.43 -17.49 19.32 8.48 0.0
4.515 4.467 43.89 165.28 176.91 173.26 0.0337
0 0 0 0 0 0 0
-0.387 -1.844 36.01 -10.23 8.7 11.68 0.0
5.406 3.341 42.44 162.13 169.16 189.7 0.0437
0 0 0 0 0 0 0
0.045 -0.574 38.06 10.4 -1.1 9.32 0.0
4.691 4.287 43.83 155.27 166.25 188.29 0.0415
0 0 0 0 0 0 0
-1.31 -0.447 39.74 19.65 23.45 -15.3 0.0
3.811 5.087 45.14 174.48 165.43 171.93 0.0414
0 0 0 0 0 0 0
0.342 0.454 40.84 31.5 -6.46 -12.88 0.0
4.727 4.245 44.6 163.82 148.82 152.25 0.0364
0 0 0 0 0 0 0
0.123 -0.212 37.44 17.73 -5.36 27.96 0.0
4.772 4.193 42.78 162.61 165.27 187.44 0.0373
0 0 0 0 0 0 0
0.925 0.033 44.93 -15.95 5.78 -9.12 0.0
4.834 4.118 49.55 173.45 160.15 191.61 0.0361
0 0 0 0 0 0 0
0.164 -0.1 40.41 -14.12 -10.4 8.85 0.0
4.573 4.406 45.47 160.99 162.81 164.71 0.0366
0 0 0 0 0 0 0
0.293 -1.672 42.66 -10.61 -40.71 6.63 0.0
5.341 3.443 48.71 164.38 166.19 172.94 0.0446
0 0 0 0 0 0 0
0.818 -0.193 43.65 6.89 -10.1 3.06 0.0
5.16 3.706 48.45 159.52 158.88 183.92 0.0357
0 0 0 0 0 0 0
1.433 -1.141 37.99 16.91 -1.37 -9.28 0.0
5.82 2.541 42.37 168.51 170.67 190.5 0.0371
0 0 0 0 0 0 0
0.493 -0.283 35.92 5.15 1.18 -6.75 0.0
4.582 4.404 40.87 154.16 153.2 177.02 0.0389
0 0 0 0 0 0 0
1.626 -0.146 42.84 -4.46 -0.68 8.1 0.0
5.324 3.468 47.1 166.63 184.34 187.44 0.0315
0 0 0 0 0 0 0
-0.666 0.083 42.64 9.99 -5.07 -23.49 0.0
4.389 4.599 47.88 142.95 171.31 191.67 0.042
0 0 0 0 0 0 0
1.08 -0.459 37.32 -19.99 -9.1 -11.82 0.0
5.041 3.871 42.01 170.91 164.44 180.14 0.0358
0 0 0 0 0 0 0
-0.336 0.559 41.72 10.56 -10.22 -14.52 0.0
4.139 4.816 46.36 180.13 168.2 170.58 0.0365
0 0 0 0 0 0 0
0.348 -0.907 38.74 -14.1 -17.04 -5.96 0.0
5.047 3.863 43.01 162.89 154.37 170.15 0.0401
0 0 0 0 0 0 0
1.179 -0.332 42.59 9.21 -5.31 16.65 0.0
4.98 3.948 47.27 155.03 167.99 182.89 0.0363
0 0 0 0 0 0 0
-0.724 0.169 36.62 -16.89 4.11 1.85 0.0
3.562 5.26 42.26 162.55 157.9 175.91 0.043
0 0 0 0 0 0 0
-1.071 0.007 43.01 -9.42 -18.77 -7.37 0.0
3.747 5.134 48.79 162.87 177.14 168.94 0.045
0 0 0 0 0 0 0
0.055 -0.18 42.76 -11.82 11.41 -2.38 0.0
4.315 4.659 47.22 158.1 167.68 162.88 0.0369
0 0 0 0 0 0 0
1.782 -0.45 38.85 10.36 11.27 -19.62 0.0
5.456 3.249 42.7 159.2 158.67 169.48 0.0361
0 0 0 0 0 0 0
0.439 -0.184 38.89 12.77 4.7 7.88 0.0
4.963 3.962 43.56 165.49 171.52 174.39 0.0396
0 0 0 0 0 0 0
-0.437 -0.223 39.35 -12.33 6.72 -9.62 0.0
4.225 4.746 44.65 171.42 166.79 186.48 0.0389
0 0 0 0 0 0 0
-0.049 -0.115 42.35 -23.62 12.71 15.09 0.0
3.958 4.973 48.19 153.64 163.63 188.59 0.0432
0 0 0 0 0 0 0
-0.059 0.133 40.95 24.03 11.23 7.16 0.0
4.754 4.221 45.34 157.74 142.52 176.97 0.0398
0 0 0 0 0 0 0
0.339 -0.657 44.3 4.5 -6.59 -14.56 0.0
5.285 3.527 48.72 168.04 161.08 167.84 0.0387
0 0 0 0 0 0 0
-0.484 0.73 44.4 17.17 -5.5 7.04 0.0
4.008 4.932 48.78 159.98 160.0 167.92 0.0371
0 0 0 0 0 0 0
0.054 0.202 36.13 -11.45 -10.01 5.57 0.0
4.241 4.73 41.35 155.78 169.13 171.88 0.0367
0 0 0 0 0 0 0
-0.34 0.12 35.73 8.56 19.18 2.47 0.0
4.273 4.704 40.94 170.85 164.94 197.27 0.0369
0 0 0 0 0 0 0
-0.206 0.144 38.24 -20.63 7.23 -14.97 0.0
3.99 4.949 43.42 170.83 152.66 177.5 0.0413
0 0 0 0 0 0 0
0.554 -0.521 38.86 -16.2 16.66 -5.33 0.0
4.904 4.036 43.41 170.35 160.39 166.93 0.0367
0 0 0 0 0 0 0
0.486 -0.505 35.29 19.39 -20.43 24.13 0.0
5.532 3.128 40.28 165.84 146.64 168.55 0.0375
0 0 0 0 0 0 0
0.02 0.021 40.67 17.06 6.87 3.99 0.0
4.623 4.354 45.52 174.54 162.23 179.4 0.0379
0 0 0 0 0 0 0
0.054 0.562 42.69 -3.59 2.36 -7.79 0.0
4.054 4.889 46.95 156.66 166.26 162.0 0.0352
0 0 0 0 0 0 0
1.372 1.052 39.05 7.11 -6.66 5.44 0.0
4.668 4.315 42.57 155.45 160.8 175.51 0.0287
0 0 0 0 0 0 0
-0.018 0.458 37.98 -0.52 9.15 10.06 0.0
4.464 4.524 42.96 168.41 155.53 174.36 0.0393
0 0 0 0 0 0 0
0.18 0.094 35.59 -28.51 30.17 13.14 0.0
4.012 4.927 39.86 171.28 171.77 167.42 0.0359
0 0 0 0 0 0 0
-0.408 -1.112 43.23 -0.01 15.94 19.33 0.0
5.067 3.828 49.26 158.26 139.3 174.71 0.043
0 0 0 0 0 0 0
0.722 1.019 37.52 5.97 4.37 2.2 0.0
4.596 4.384 41.84 166.92 141.58 170.95 0.036
0 0 0 0 0 0 0
1.34 0.915 42.48 25.8 -1.38 4.16 0.0
4.914 4.023 45.97 159.3 164.98 167.52 0.0321
0 0 0 0 0 0 0
-0.797 1.829 40.32 18.84 -14.1 6.57 0.0
3.355 5.397 44.58 166.62 159.02 177.72 0.0335
0 0 0 0 0 0 0
0.066 -0.352 41.46 -11.35 14.83 14.34 0.0
4.422 4.56 46.51 142.32 162.72 182.9 0.0392
0 0 0 0 0 0 0
0.873 -0.301 35.88 -26.61 -12.74 4.86 0.0
5.328 3.468 40.85 169.9 153.52 165.66 0.0373
0 0 0 0 0 0 0
-0.457 -0.13 35.11 20.48 14.66 -12.79 0.0
4.349 4.635 40.3 171.51 176.23 183.46 0.0394
0 0 0 0 0 0 0
0.401 0.329 38.35 0.15 12.34 9.07 0.0
4.717 4.258 42.65 169.54 160.54 183.49 0.0359
0 0 0 0 0 0 0
-0.864 -0.492 38.3 9.88 18.78 14.06 0.0
4.541 4.447 44.07 172.3 162.96 168.76 0.0407
0 0 0 0 0 0 0
-0.408 0.165 41.19 13.37 -7.0 -16.3 0.0
4.487 4.5 46.25 164.75 173.16 163.92 0.0376
0 0 0 0 0 0 0
1.541 -1.211 43.16 -11.77 -26.91 13.08 0.0
5.587 3.03 48.03 152.67 169.72 169.54 0.0403
0 0 0 0 0 0 0
0.741 -0.498 41.15 -20.04 -10.07 -2.33 0.0
5.256 3.575 45.81 171.1 162.46 165.55 0.0386
0 0 0 0 0 0 0
-0.1 0.036 43.58 -0.23 11.84 11.04 0.0
4.533 4.457 48.94 172.48 161.71 173.7 0.0375
0 0 0 0 0 0 0
-0.367 1.619 35.9 -10.5 -20.73 21.22 0.0
3.696 5.173 40.85 170.28 161.37 191.02 0.0351
0 0 0 0 0 0 0
1.006 -0.923 44.76 0.31 7.97 16.96 0.0
5.426 3.307 50.0 171.28 150.27 191.14 0.0366
0 0 0 0 0 0 0
0.288 0.282 35.39 -10.08 -10.76 18.7 0.0
4.251 4.725 40.46 160.04 165.99 165.59 0.0372
0 0 0 0 0 0 0
0.513 0.499 40.43 7.6 12.99 2.78 0.0
4.481 4.503 45.2 164.2 158.68 166.02 0.0355
0 0 0 0 0 0 0
0.511 -0.73 38.36 2.54 -8.35 -11.33 0.0
4.816 4.151 43.95 160.89 162.7 165.14 0.043
0 0 0 0 0 0 0
-1.394 0.321 35.4 -13.77 -5.41 -6.27 0.0
3.439 5.347 40.86 168.32 174.57 186.35 0.0414
0 0 0 0 0 0 0
0.708 -0.819 44.25 4.69 -4.04 -19.54 0.0
5.214 3.63 48.71 156.86 166.49 164.12 0.0377
0 0 0 0 0 0 0
-1.511 0.534 39.27 -7.0 24.5 -9.53 0.0
2.897 5.657 43.82 161.99 164.84 168.61 0.0392
0 0 0 0 0 0 0
0.794 -0.062 43.59 8.37 11.5 -7.91 0.0
4.994 3.927 47.75 170.71 164.43 164.44 0.0329
0 0 0 0 0 0 0
0.983 1.239 40.22 -14.5 3.09 3.07 0.0
4.244 4.731 43.82 153.8 162.36 165.2 0.0314
0 0 0 0 0 0 0
0.935 1.747 40.41 7.49 0.83 -20.24 0.0
4.257 4.719 44.04 169.48 161.63 179.31 0.0279
0 0 0 0 0 0 0
0.273 -1.757 39.0 -9.86 -10.98 7.07 0.0
5.648 2.916 44.32 159.63 162.91 159.35 0.041
0 0 0 0 0 0 0
1.258 -1.387 37.34 -11.27 1.66 0.59 0.0
5.699 2.818 42.28 166.67 164.73 169.24 0.0368
0 0 0 0 0 0 0
1.68 0.261 36.16 -12.21 -25.04 6.33 0.0
5.147 3.725 40.0 172.38 172.78 162.76 0.0337
0 0 0 0 0 0 0
0.265 0.443 39.79 -17.99 -8.29 2.93 0.0
3.649 5.201 44.59 157.5 177.77 166.26 0.0377
0 0 0 0 0 0 0
-0.293 0.437 43.3 -17.33 4.47 -13.19 0.0
3.769 5.117 47.63 165.8 176.76 172.26 0.0351
0 0 0 0 0 0 0
-0.044 0.014 38.18 -1.48 0.17 23.57 0.0
4.119 4.834 43.04 163.15 174.36 163.56 0.037
0 0 0 0 0 0 0
-0.494 -1.128 38.98 18.78 -9.1 -5.57 0.0
5.203 3.642 44.29 179.51 167.94 170.77 0.0432
0 0 0 0 0 0 0
-0.654 -0.37 42.77 1.86 -4.58 -7.27 0.0
4.226 4.746 48.37 169.41 160.08 171.0 0.0449
0 0 0 0 0 0 0
0.486 0.34 43.61 -29.06 12.67 -7.1 0.0
4.179 4.791 48.61 145.22 154.21 178.36 0.0396
0 0 0 0 0 0 0
-1.147 0.897 35.54 -7.71 28.41 -15.25 0.0
2.997 5.6 40.46 181.22 157.42 177.82 0.0369
0 0 0 0 0 0 0
-0.354 1.249 41.23 14.52 7.41 -3.03 0.0
3.953 4.974 45.45 170.7 160.69 177.33 0.0335
0 0 0 0 0 0 0
-0.165 0.5 35.3 8.33 -5.1 -16.08 0.0
4.21 4.757 40.42 164.47 154.05 174.91 0.0378
0 0 0 0 0 0 0
0.406 0.111 37.84 15.22 -6.83 -33.99 0.0
4.817 4.14 42.32 173.44 165.35 172.92 0.0389
0 0 0 0 0 0 0
-0.002 0.005 39.28 -8.02 -9.98 -10.02 0.0
4.488 4.502 44.5 158.51 168.36 184.17 0.038
0 0 0 0 0 0 0
0.14 -0.382 41.93 -2.6 8.78 12.5 0.0
4.994 3.929 46.93 178.58 165.92 178.28 0.0398
0 0 0 0 0 0 0
-1.052 1.063 37.65 -9.07 -0.23 -8.08 0.0
3.411 5.359 42.74 157.45 168.2 184.58 0.0368
0 0 0 0 0 0 0
0.697 1.361 39.57 -19.82 12.84 -12.38 0.0
3.728 5.143 43.15 152.46 170.72 169.74 0.0298
0 0 0 0 0 0 0
1.036 0.026 35.09 -0.63 6.64 14.52 0.0
5.226 3.622 39.22 191.47 146.42 174.6 0.0329
0 0 0 0 0 0 0
1.036 0.862 44.73 -27.0 -0.7 0.53 0.0
4.66 4.324 48.83 162.15 159.63 179.7 0.034
0 0 0 0 0 0 0
-0.399 -0.688 44.94 15.03 -0.82 -10.71 0.0
4.718 4.252 49.65 168.66 169.79 176.1 0.0413
0 0 0 0 0 0 0
1.491 -0.43 41.39 -2.88 -10.6 27.23 0.0
5.51 3.161 46.61 168.47 135.89 184.11 0.0378
0 0 0 0 0 0 0
0.314 0.11 35.8 16.03 6.96 4.77 0.0
4.78 4.185 40.26 164.23 170.04 167.61 0.0369
0 0 0 0 0 0 0
0.904 0.726 44.06 -2.29 -4.11 15.2 0.0
4.624 4.362 48.47 175.09 173.69 186.52 0.0343
0 0 0 0 0 0 0
0.29 -1.484 35.25 -33.06 -2.82 19.24 0.0
5.1 3.792 41.84 151.02 158.01 165.0 0.0452
0 0 0 0 0 0 0
-1.193 0.577 42.17 -5.34 -14.15 2.84 0.0
3.575 5.252 47.81 160.91 168.96 177.03 0.0426
0 0 0 0 0 0 0
-0.03 -0.635 38.73 1.91 -2.39 10.09 0.0
4.511 4.476 44.32 157.27 183.12 181.52 0.0399
0 0 0 0 0 0 0
1.012 -0.713 44.45 2.67 -14.08 -4.02 0.0
5.315 3.478 49.3 164.99 155.58 174.27 0.0412
0 0 0 0 0 0 0
-1.757 0.756 41.83 -7.16 -13.0 -1.39 0.0
3.196 5.496 46.87 162.1 159.35 164.79 0.0414
0 0 0 0 0 0 0
0.512 0.224 39.18 -9.75 3.54 -6.72 0.0
4.771 4.196 43.49 165.73 145.75 164.32 0.0369
0 0 0 0 0 0 0
-1.85 -0.066 40.02 -10.54 2.86 1.2 0.0
3.275 5.446 45.91 177.93 164.45 178.28 0.0414
0 0 0 0 0 0 0
0.53 -0.653 41.05 17.16 6.0 -7.55 0.0
5.001 3.924 45.8 164.23 164.55 181.45 0.0355
0 0 0 0 0 0 0
-0.089 -0.071 44.04 6.2 14.57 -6.22 0.0
4.322 4.659 49.11 167.9 177.72 173.17 0.0378
0 0 0 0 0 0 0
0.249 0.581 36.77 -2.86 35.06 -6.12 0.0
4.298 4.68 40.5 174.32 166.59 150.82 0.0358
0 0 0 0 0 0 0
-0.245 0.751 42.42 -3.28 -1.37 -8.87 0.0
4.076 4.879 47.39 169.86 168.43 173.28 0.0355
0 0 0 0 0 0 0
-1.406 0.383 44.81 -3.13 6.46 2.71 0.0
3.598 5.238 49.96 172.71 170.72 173.96 0.0407
0 0 0 0 0 0 0
-0.058 -0.292 36.1 -8.33 -35.94 -9.66 0.0
4.857 4.096 41.71 137.11 160.22 175.99 0.0444
0 0 0 0 0 0 0
-1.128 1.419 43.98 11.5 -12.03 3.72 0.0
3.378 5.381 48.66 155.52 164.96 165.28 0.0371
0 0 0 0 0 0 0
-0.102 1.701 39.07 5.72 22.56 -9.04 0.0
3.71 5.16 42.59 171.45 164.61 182.17 0.03
0 0 0 0 0 0 0
-1.942 -0.355 42.84 41.38 -2.28 -18.58 0.0
4.317 4.658 48.28 180.16 160.39 176.79 0.0459
0 0 0 0 0 0 0
-0.113 0.721 44.42 -10.37 -17.49 1.62 0.0
4.149 4.815 49.36 162.24 137.94 165.95 0.0385
0 0 0 0 0 0 0
1.142 -0.232 40.29 18.74 3.57 3.11 0.0
5.082 3.81 44.67 170.76 174.19 180.04 0.0343
0 0 0 0 0 0 0
0.565 -0.054 41.67 -3.07 6.96 -4.67 0.0
4.631 4.356 46.67 152.2 157.89 166.45 0.0372
0 0 0 0 0 0 0
0.014 -0.141 39.73 24.67 10.36 -16.47 0.0
4.44 4.546 43.76 161.81 173.65 177.34 0.0354
0 0 0 0 0 0 0
-0.024 0.16 38.84 -0.84 -1.17 -10.18 0.0
4.467 4.514 43.23 162.95 157.53 173.18 0.0399
0 0 0 0 0 0 0
0.472 0.214 37.65 -18.06 8.82 6.61 0.0
4.507 4.477 42.62 141.92 175.33 175.42 0.0365
0 0 0 0 0 0 0
-0.439 -1.289 43.43 6.15 9.07 10.03 0.0
5.081 3.822 49.18 168.48 171.53 168.56 0.0446
0 0 0 0 0 0 0
0.461 0.225 40.76 6.97 16.64 -1.96 0.0
4.622 4.359 45.05 168.66 168.19 179.96 0.0356
0 0 0 0 0 0 0
-0.51 0.355 44.03 -9.17 20.3 23.63 0.0
3.815 5.079 49.34 162.0 166.64 189.31 0.0392
0 0 0 0 0 0 0
-0.87 -1.417 38.85 0.24 -16.79 -4.46 0.0
4.891 4.053 45.84 163.16 181.73 193.84 0.0468
0 0 0 0 0 0 0
-1.869 0.405 38.49 -1.48 -2.02 -2.97 0.0
3.026 5.584 43.02 166.29 188.43 148.75 0.0383
0 0 0 0 0 0 0
0.746 0.523 42.5 -9.08 -14.73 5.99 0.0
4.633 4.351 46.83 169.12 178.73 168.56 0.0364
0 0 0 0 0 0 0
0.682 0.716 41.87 -3.17 2.77 -1.58 0.0
4.52 4.471 46.36 161.44 175.08 183.06 0.0327
0 0 0 0 0 0 0
0.587 0.11 37.87 -25.89 -20.08 -4.35 0.0
5.071 3.832 42.03 155.22 163.4 152.82 0.0378
0 0 0 0 0 0 0
-0.141 -0.434 41.12 -14.08 21.6 2.22 0.0
4.749 4.222 46.43 172.39 159.1 186.58 0.0399
0 0 0 0 0 0 0
-1.818 -0.354 43.32 4.01 -33.18 -6.94 0.0
3.896 5.015 49.93 164.43 164.82 185.79 0.0439
0 0 0 0 0 0 0
-0.68 -0.035 35.75 4.36 -6.9 1.35 0.0
4.574 4.409 41.35 160.13 159.72 194.48 0.0416
0 0 0 0 0 0 0
-0.683 0.446 38.74 -4.23 20.86 -1.34 0.0
3.59 5.247 43.3 160.62 168.9 172.91 0.0394
0 0 0 0 0 0 0
-0.255 -1.577 44.27 8.02 -24.1 -3.68 0.0
5.149 3.721 50.17 176.1 148.89 176.31 0.044
0 0 0 0 0 0 0
-1.08 1.668 36.76 -21.5 -15.07 -3.16 0.0
3.006 5.594 41.59 165.72 171.65 174.01 0.0373
0 0 0 0 0 0 0
0.407 1.78 41.21 25.62 17.46 38.35 0.0
3.694 5.169 44.61 155.6 146.88 151.93 0.0297
0 0 0 0 0 0 0
0.038 0.147 39.52 -16.94 -3.32 -3.51 0.0
4.491 4.491 44.61 163.8 167.93 170.57 0.0399
0 0 0 0 0 0 0
0.86 0.419 42.22 7.81 -0.38 3.26 0.0
4.586 4.399 46.46 153.52 174.25 177.98 0.0352
0 0 0 0 0 0 0
0.403 0.585 42.88 31.66 6.68 -1.27 0.0
4.36 4.62 46.94 159.21 167.44 169.57 0.0344
0 0 0 0 0 0 0
0.261 -0.218 44.02 23.76 3.61 15.59 0.0
4.889 4.053 48.4 163.62 155.8 170.66 0.0355
0 0 0 0 0 0 0
0.18 0.034 41.72 -15.67 10.83 1.89 0.0
4.211 4.762 46.63 166.01 160.01 188.92 0.0402
0 0 0 0 0 0 0
-0.207 0.174 35.71 -7.34 -29.38 -20.13 0.0
4.493 4.496 40.61 173.93 167.76 178.77 0.0386
0 0 0 0 0 0 0
0.636 1.164 43.17 3.3 15.92 -8.7 0.0
4.203 4.765 46.32 146.7 165.87 148.48 0.0328
0 0 0 0 0 0 0
-0.066 0.043 35.0 -1.56 -11.88 8.32 0.0
4.31 4.674 39.25 171.21 176.79 168.38 0.0364
0 0 0 0 0 0 0
0.205 -0.727 36.56 0.39 -23.21 -14.06 0.0
5.022 3.888 41.61 178.26 171.43 175.35 0.0385
0 0 0 0 0 0 0
1.107 -0.673 44.17 -16.42 -5.96 -29.98 0.0
5.247 3.585 48.69 170.03 166.69 168.08 0.0356
0 0 0 0 0 0 0
-0.434 1.169 42.51 -16.66 14.44 1.41 0.0
3.224 5.473 47.12 156.87 168.59 156.13 0.0362
0 0 0 0 0 0 0
0.076 -0.409 41.37 13.79 12.12 11.27 0.0
4.907 4.031 45.97 181.34 150.19 161.52 0.0397
0 0 0 0 0 0 0
-1.672 0.071 43.09 -9.14 -2.04 -12.03 0.0
3.293 5.435 48.43 160.51 170.38 175.03 0.0419
0 0 0 0 0 0 0
1.066 -1.491 35.36 10.55 6.0 -4.26 0.0
5.509 3.172 40.23 173.36 170.65 172.92 0.0378
0 0 0 0 0 0 0
0.73 -0.512 36.42 -13.26 11.89 -10.66 0.0
4.665 4.308 41.49 171.57 168.3 191.1 0.0377
0 0 0 0 0 0 0
0.647 1.819 41.62 -21.17 -3.49 -3.48 0.0
3.589 5.24 44.83 166.86 165.16 163.82 0.0302
0 0 0 0 0 0 0
1.158 -1.276 36.46 -6.48 7.85 4.93 0.0
5.593 3.022 41.4 163.36 173.97 191.97 0.0371
0 0 0 0 0 0 0
-0.668 -1.324 41.96 -7.08 3.46 -1.4 0.0
4.64 4.339 48.22 175.37 171.47 184.09 0.045
0 0 0 0 0 0 0
0.553 1.235 42.48 -4.48 11.94 -11.75 0.0
4.172 4.797 46.09 165.41 169.12 171.35 0.0313
0 0 0 0 0 0 0
-1.178 1.439 38.56 -4.52 18.22 -7.22 0.0
3.084 5.556 43.01 168.13 167.67 176.57 0.0383
0 0 0 0 0 0 0
-0.502 -0.143 40.09 -23.26 4.2 -10.04 0.0
3.66 5.195 45.63 157.68 172.26 164.57 0.043
0 0 0 0 0 0 0
1.331 -0.571 36.39 -3.45 17.4 -22.53 0.0
5.197 3.662 40.55 169.13 171.43 177.13 0.0336
0 0 0 0 0 0 0
0.481 0.002 38.18 -3.26 -17.48 -5.77 0.0
4.966 3.967 42.99 172.82 176.82 173.41 0.0335
0 0 0 0 0 0 0
0.807 -0.807 36.2 3.72 -9.98 -11.68 0.0
5.141 3.738 40.77 171.36 169.73 166.01 0.0369
0 0 0 0 0 0 0
-1.864 0.067 39.01 1.46 44.43 -11.21 0.0
3.17 5.509 43.93 177.31 171.13 176.69 0.0396
0 0 0 0 0 0 0
0.298 0.146 35.25 7.29 -2.9 -11.38 0.0
4.649 4.333 40.12 151.02 158.13 164.58 0.0382
0 0 0 0 0 0 0
0.142 1.147 37.17 2.32 2.57 -9.73 0.0
3.985 4.95 41.42 162.48 171.82 169.5 0.0352
0 0 0 0 0 0 0
-1.041 -1.333 40.13 15.37 -6.62 3.6 0.0
4.689 4.283 45.86 169.18 162.62 173.26 0.0445
0 0 0 0 0 0 0
1.433 -0.687 35.29 -3.93 14.83 -6.93 0.0
5.346 3.437 39.48 160.86 171.02 175.84 0.0355
0 0 0 0 0 0 0
0.183 0.213 38.99 2.01 -7.36 -3.09 0.0
4.165 4.8 43.71 164.25 179.92 170.4 0.0336
0 0 0 0 0 0 0
-1.487 -0.008 44.94 24.12 -7.84 12.42 0.0
3.764 5.119 50.69 168.16 179.59 173.3 0.0432
0 0 0 0 0 0 0
-0.18 0.127 38.84 -3.39 11.57 4.21 0.0
4.52 4.465 44.36 151.69 158.31 178.52 0.04
0 0 0 0 0 0 0
0.115 -0.008 43.23 20.63 -6.7 4.43 0.0
4.764 4.2 48.2 158.22 153.84 161.83 0.0378
0 0 0 0 0 0 0
-0.443 1.79 35.61 5.61 -8.83 -18.8 0.0
3.41 5.365 39.18 176.12 174.73 181.93 0.031
0 0 0 0 0 0 0
-0.687 0.244 35.98 0.99 -28.34 -6.94 0.0
4.436 4.551 41.51 163.22 171.02 192.23 0.0417
0 0 0 0 0 0 0
0.308 -0.083 37.33 14.26 -1.04 -3.19 0.0
5.052 3.847 41.82 182.01 172.5 189.54 0.036
0 0 0 0 0 0 0
-0.322 -0.106 36.85 6.51 20.12 11.68 0.0
4.171 4.791 42.35 160.27 176.08 185.22 0.0383
0 0 0 0 0 0 0
0.055 0.13 38.17 -15.73 -0.46 9.07 0.0
4.272 4.703 42.66 170.68 173.57 166.79 0.0366
0 0 0 0 0 0 0
0.688 -1.178 36.0 7.01 -19.0 -12.51 0.0
5.417 3.326 41.41 146.3 177.73 165.41 0.043
0 0 0 0 0 0 0
-0.933 0.331 36.84 -2.07 -0.82 17.9 0.0
3.639 5.21 41.82 166.52 171.27 175.18 0.0392
0 0 0 0 0 0 0
0.14 -0.215 40.73 -12.73 -6.92 -6.91 0.0
4.601 4.38 45.68 176.66 168.72 187.95 0.0368
0 0 0 0 0 0 0
-0.694 0.05 43.81 8.75 -18.27 18.11 0.0
4.253 4.724 48.9 165.43 171.99 177.47 0.0412
0 0 0 0 0 0 0
-0.408 -0.211 39.73 0.21 -13.63 -9.04 0.0
4.397 4.582 45.1 170.34 174.0 181.05 0.0381
0 0 0 0 0 0 0
-1.103 -0.417 41.82 2.74 9.33 -10.52 0.0
4.149 4.816 47.38 172.4 166.3 170.67 0.0431
0 0 0 0 0 0 0
-0.62 -0.058 36.53 22.81 30.89 11.48 0.0
4.186 4.784 42.25 154.59 171.17 179.5 0.0393
0 0 0 0 0 0 0
1.069 1.067 42.57 4.82 2.68 5.07 0.0
4.677 4.305 46.23 177.7 164.09 176.47 0.0332
0 0 0 0 0 0 0
1.178 0.481 37.91 -10.62 -2.54 8.54 0.0
4.851 4.105 41.9 156.78 158.28 165.28 0.0343
0 0 0 0 0 0 0
-0.104 0.034 43.9 16.73 -2.09 21.33 0.0
4.751 4.217 48.5 184.87 174.32 164.9 0.0376
0 0 0 0 0 0 0
-0.354 -0.618 40.37 0.1 -6.14 -7.21 0.0
4.828 4.125 46.24 158.08 161.88 170.6 0.0424
0 0 0 0 0 0 0
-0.711 -1.208 39.3 -19.51 7.18 -7.74 0.0
4.784 4.185 45.13 168.14 157.97 192.65 0.0412
0 0 0 0 0 0 0
-1.081 1.598 42.77 13.28 -12.17 -2.6 0.0
3.435 5.346 47.75 167.34 145.07 183.2 0.0398
0 0 0 0 0 0 0
-0.483 1.931 40.04 6.72 -8.47 1.24 0.0
3.674 5.186 44.24 174.0 158.26 183.03 0.0338
0 0 0 0 0 0 0
0.575 -0.362 38.42 11.22 9.12 -12.15 0.0
4.959 3.972 42.85 176.74 163.81 168.88 0.0364
0 0 0 0 0 0 0
-0.742 0.692 38.27 20.02 -23.77 -12.65 0.0
3.685 5.175 42.9 165.75 180.91 182.23 0.0363
0 0 0 0 0 0 0
1.157 0.192 40.59 13.18 -13.29 0.03 0.0
4.892 4.061 45.18 156.4 186.54 169.74 0.0331
0 0 0 0 0 0 0
-0.421 -1.536 36.73 -30.58 6.51 24.59 0.0
5.056 3.848 43.39 184.53 162.17 177.03 0.0449
0 0 0 0 0 0 0
1.287 -0.924 36.13 19.15 -22.71 14.28 0.0
5.636 2.932 41.06 161.19 169.1 186.8 0.0359
0 0 0 0 0 0 0
-0.142 0.071 36.54 8.52 13.27 9.7 0.0
4.018 4.92 41.73 160.14 179.84 170.22 0.0377
0 0 0 0 0 0 0
-0.634 -0.032 40.7 5.84 2.77 0.21 0.0
3.87 5.041 45.88 164.03 152.35 170.68 0.0416
0 0 0 0 0 0 0
0.895 0.78 41.23 -26.33 -0.82 -11.11 0.0
4.555 4.431 45.46 177.2 154.83 182.08 0.0345
0 0 0 0 0 0 0
1.438 1.338 37.31 -7.51 12.48 10.61 0.0
4.729 4.239 40.51 180.83 161.76 163.24 0.0264
0 0 0 0 0 0 0
-1.0 -1.399 36.91 -19.49 -3.66 -21.64 0.0
4.747 4.229 42.48 170.05 172.91 173.75 0.0482
0 0 0 0 0 0 0
0.043 -0.703 35.36 7.79 -6.53 20.61 0.0
5.011 3.9 41.41 169.87 146.1 194.34 0.0441
0 0 0 0 0 0 0
1.738 0.96 43.31 15.81 1.38 1.42 0.0
4.837 4.125 46.36 140.7 154.54 148.86 0.0306
0 0 0 0 0 0 0
0.394 1.672 42.27 0.28 -8.46 -1.31 0.0
3.821 5.077 45.42 159.53 158.62 147.2 0.0296
0 0 0 0 0 0 0
-1.194 -0.435 40.63 30.35 8.21 -10.54 0.0
4.267 4.71 45.67 165.09 163.37 164.19 0.0411
0 0 0 0 0 0 0
0.462 -0.728 38.05 -0.24 -2.86 36.69 0.0
4.846 4.106 43.78 161.6 160.58 190.04 0.0402
0 0 0 0 0 0 0
0.715 1.438 44.29 -6.38 1.3 2.68 0.0
4.057 4.891 48.27 170.26 157.3 170.78 0.0315
0 0 0 0 0 0 0
1.302 -0.344 39.97 -12.61 6.18 -15.85 0.0
5.086 3.811 44.06 157.79 156.24 174.85 0.0345
0 0 0 0 0 0 0
-0.338 0.25 43.57 27.07 4.71 6.56 0.0
4.922 4.023 47.86 191.76 159.59 186.04 0.0374
0 0 0 0 0 0 0
-0.553 -1.289 35.2 10.55 8.75 22.44 0.0
4.942 4.0 41.49 171.25 156.59 164.15 0.0424
0 0 0 0 0 0 0
-0.839 -1.028 44.56 21.06 -12.35 4.93 0.0
4.865 4.087 50.53 170.0 170.05 184.4 0.0449
0 0 0 0 0 0 0
-0.015 -1.141 41.36 -9.07 19.27 14.92 0.0
4.679 4.302 46.79 153.89 165.85 172.71 0.0407
0 0 0 0 0 0 0
-1.506 0.677 38.5 6.82 2.24 0.25 0.0
3.325 5.414 43.81 165.49 145.96 173.05 0.0408
0 0 0 0 0 0 0
0.713 0.043 38.96 -28.97 18.46 31.88 0.0
4.644 4.334 43.24 170.74 162.34 166.59 0.0347
0 0 0 0 0 0 0
1.784 0.666 43.38 11.44 17.36 -12.47 0.0
4.867 4.091 46.65 166.78 157.61 160.1 0.0309
0 0 0 0 0 0 0
1.075 1.173 44.9 18.54 12.16 20.3 0.0
4.581 4.405 48.77 175.53 149.94 170.57 0.0312
0 0 0 0 0 0 0
0.054 0.008 43.53 -7.91 20.29 9.77 0.0
4.387 4.599 47.59 175.21 153.34 156.09 0.0375
0 0 0 0 0 0 0
-0.206 0.726 43.1 19.16 -1.31 11.13 0.0
4.215 4.76 47.86 165.51 168.1 186.22 0.0354
0 0 0 0 0 0 0
-0.148 0.181 41.73 28.86 -1.07 -7.05 0.0
4.434 4.549 46.4 177.33 180.54 164.96 0.0338
0 0 0 0 0 0 0
-0.235 0.979 42.71 -15.62 -5.65 6.54 0.0
3.275 5.442 47.28 153.41 167.02 175.39 0.036
0 0 0 0 0 0 0
-0.364 -0.009 40.91 -1.76 -14.91 14.78 0.0
4.574 4.407 46.62 155.48 158.45 179.63 0.0417
0 0 0 0 0 0 0
-1.328 -0.987 35.47 2.55 -4.18 -17.95 0.0
4.22 4.748 41.65 174.33 185.36 180.19 0.0434
0 0 0 0 0 0 0
0.695 0.899 37.86 -24.52 -4.87 -30.62 0.0
4.126 4.835 42.37 159.94 171.89 181.92 0.0364
0 0 0 0 0 0 0
-0.238 0.043 41.43 -13.41 -0.32 -8.78 0.0
4.517 4.47 46.49 179.89 163.7 186.37 0.0389
0 0 0 0 0 0 0
0.481 0.046 42.28 15.96 11.55 24.61 0.0
4.58 4.401 47.31 149.32 147.93 175.26 0.0371
0 0 0 0 0 0 0
0.185 1.727 39.56 7.3 7.59 -5.55 0.0
3.746 5.132 42.49 157.52 158.91 152.07 0.0306
0 0 0 0 0 0 0
0.97 0.625 35.98 -11.37 -3.15 13.58 0.0
4.388 4.601 40.27 165.83 171.79 173.37 0.0325
0 0 0 0 0 0 0
1.003 -0.43 41.31 -6.45 1.29 7.54 0.0
4.919 4.024 46.36 166.24 164.1 177.67 0.0388
0 0 0 0 0 0 0
0.88 0.707 44.43 -0.0 9.48 10.3 0.0
4.243 4.735 48.83 152.14 169.67 175.12 0.0341
0 0 0 0 0 0 0
-0.671 0.167 43.67 -12.01 9.3 -8.88 0.0
3.952 4.98 48.93 169.08 178.09 183.29 0.0383
0 0 0 0 0 0 0
-1.156 -0.024 38.25 18.41 -2.88 9.3 0.0
4.285 4.695 43.44 182.53 166.62 169.74 0.0419
0 0 0 0 0 0 0
1.339 0.831 40.32 -4.84 -5.48 15.34 0.0
4.833 4.127 44.54 166.21 174.36 162.38 0.0329
0 0 0 0 0 0 0
-0.361 -1.249 37.56 3.56 -17.12 -0.48 0.0
4.905 4.043 43.67 166.95 178.32 174.16 0.0426
0 0 0 0 0 0 0
-1.04 -0.423 40.88 5.93 20.93 -23.4 0.0
4.143 4.824 46.18 178.57 176.92 196.81 0.0432
0 0 0 0 0 0 0
-1.729 0.994 40.95 2.9 7.23 -19.22 0.0
2.897 5.655 45.62 166.59 167.38 173.5 0.0396
0 0 0 0 0 0 0
-0.618 1.562 35.04 -7.67 6.76 -0.92 0.0
3.277 5.442 39.23 175.4 172.91 158.24 0.0319
0 0 0 0 0 0 0
-0.253 0.088 41.13 0.18 -13.39 -7.23 0.0
4.262 4.714 45.4 164.57 164.69 168.42 0.0378
0 0 0 0 0 0 0
1.682 -0.441 40.35 -20.26 13.49 4.97 0.0
5.337 3.455 44.34 178.58 145.2 181.37 0.0339
0 0 0 0 0 0 0
-0.084 0.03 37.56 8.24 -0.91 -15.25 0.0
4.461 4.524 42.83 164.07 167.59 181.41 0.0364
0 0 0 0 0 0 0
-1.138 1.172 42.65 10.38 1.72 10.52 0.0
3.47 5.319 47.75 158.59 184.3 189.77 0.0377
0 0 0 0 0 0 0
0.142 -0.474 43.54 27.05 -14.34 -6.92 0.0
5.317 3.473 48.47 170.46 160.28 167.47 0.0394
0 0 0 0 0 0 0
0.111 -0.297 35.42 -7.55 -2.53 5.31 0.0
4.884 4.059 40.55 167.98 168.65 181.9 0.0385
0 0 0 0 0 0 0
1.042 -1.058 36.2 4.27 -12.02 25.96 0.0
5.481 3.213 41.02 166.7 160.78 151.2 0.0379
0 0 0 0 0 0 0
-0.176 -0.423 41.97 -7.31 3.35 -10.06 0.0
4.702 4.273 46.86 187.93 168.84 183.82 0.0382
0 0 0 0 0 0 0
-1.434 -0.492 38.04 -1.09 2.71 9.65 0.0
4.22 4.749 43.92 172.4 173.68 161.47 0.0456
0 0 0 0 0 0 0
1.346 0.107 40.99 -1.63 22.49 -1.38 0.0
4.907 4.039 45.09 181.89 159.95 175.83 0.0339
0 0 0 0 0 0 0
-0.137 -1.159 44.0 14.65 -11.57 -6.53 0.0
5.068 3.837 49.27 180.17 185.51 169.61 0.0423
0 0 0 0 0 0 0
-0.046 0.915 36.47 21.74 -6.84 16.94 0.0
4.336 4.643 41.7 161.82 177.71 183.69 0.0384
0 0 0 0 0 0 0
-0.782 0.54 38.32 -9.99 -0.72 -7.33 0.0
4.115 4.841 43.21 175.11 152.97 191.63 0.0376
0 0 0 0 0 0 0
-0.974 -0.344 40.17 -4.8 -6.66 -7.64 0.0
4.33 4.656 45.94 184.21 163.76 173.67 0.0449
0 0 0 0 0 0 0
0.051 0.299 40.09 -18.96 -20.26 3.44 0.0
4.086 4.869 45.35 166.9 152.3 186.14 0.0377
0 0 0 0 0 0 0
-0.256 -1.551 41.86 17.71 6.91 9.53 0.0
5.212 3.636 47.22 172.5 174.9 186.17 0.0413
0 0 0 0 0 0 0
0.222 -1.667 37.34 -21.28 14.57 -19.14 0.0
4.983 3.936 43.3 161.05 175.41 173.79 0.0428
0 0 0 0 0 0 0
1.721 -0.228 42.87 -7.99 2.03 -22.17 0.0
5.421 3.311 46.21 179.72 154.2 156.96 0.0324
0 0 0 0 0 0 0
0.938 -1.208 35.13 14.75 -2.12 -9.38 0.0
5.413 3.329 39.89 173.43 172.86 159.59 0.036
0 0 0 0 0 0 0
0.356 1.145 35.04 33.09 -7.68 0.53 0.0
4.36 4.623 39.13 165.12 154.19 181.27 0.0321
0 0 0 0 0 0 0
1.799 0.167 38.19 -4.63 -8.2 -16.27 0.0
5.442 3.276 41.59 167.32 153.89 156.67 0.0301
0 0 0 0 0 0 0
-1.5 -0.294 35.74 18.69 -21.27 -20.16 0.0
4.458 4.529 41.29 167.88 169.69 173.07 0.0444
0 0 0 0 0 0 0
-0.492 -0.879 38.32 -8.22 3.06 -6.2 0.0
4.891 4.06 44.29 168.32 176.43 193.03 0.0436
0 0 0 0 0 0 0
0.63 -0.413 39.63 8.38 26.54 31.03 0.0
4.672 4.307 44.19 163.55 171.62 160.84 0.0353
0 0 0 0 0 0 0
-0.041 -0.294 36.92 -6.31 17.28 6.87 0.0
4.372 4.61 42.21 155.75 172.29 185.62 0.0393
0 0 0 0 0 0 0
-0.202 0.213 41.5 -14.77 -3.44 -14.77 0.0
4.09 4.863 46.88 160.52 156.25 169.35 0.0398
0 0 0 0 0 0 0
1.336 0.259 42.41 -22.24 20.06 14.43 0.0
4.426 4.558 46.35 148.61 172.24 159.72 0.0327
0 0 0 0 0 0 0
-0.192 0.421 40.5 -2.11 -12.97 -15.44 0.0
4.371 4.617 44.97 166.17 157.59 164.01 0.0365
0 0 0 0 0 0 0
-0.948 0.297 39.51 -14.05 -6.08 16.68 0.0
3.584 5.242 46.21 153.49 171.28 170.18 0.0464
0 0 0 0 0 0 0
1.415 0.879 37.25 7.4 3.38 -8.98 0.0
5.012 3.91 41.03 157.78 156.4 179.01 0.0311
0 0 0 0 0 0 0
-0.718 -0.387 42.21 -4.63 -15.96 11.86 0.0
4.365 4.612 48.23 167.15 169.51 179.13 0.0437
0 0 0 0 0 0 0
-0.086 1.244 35.53 3.81 0.42 1.39 0.0
3.887 5.025 39.96 168.58 166.26 164.12 0.0344
0 0 0 0 0 0 0
-1.661 -0.211 44.28 19.34 -16.18 3.55 0.0
4.012 4.929 49.75 161.59 184.15 172.46 0.0461
0 0 0 0 0 0 0
0.075 1.037 35.16 -6.8 25.14 -18.11 0.0
3.789 5.099 38.94 156.95 171.34 176.59 0.0315
0 0 0 0 0 0 0
-0.823 0.778 36.02 9.81 4.51 -5.97 0.0
3.847 5.053 41.02 165.13 169.24 186.39 0.0381
0 0 0 0 0 0 0
1.47 1.065 39.37 -35.03 -11.36 -18.28 0.0
4.341 4.635 43.01 160.54 176.78 162.73 0.0333
0 0 0 0 0 0 0
1.175 1.523 41.88 8.28 -4.08 1.35 0.0
4.707 4.272 45.72 154.4 138.65 164.5 0.0308
0 0 0 0 0 0 0
0.001 0.283 38.26 4.59 21.24 -9.88 0.0
4.077 4.869 42.29 171.26 165.89 165.24 0.0337
0 0 0 0 0 0 0
1.511 -0.189 39.89 -6.17 -18.08 -20.91 0.0
5.272 3.547 43.94 164.41 169.0 184.34 0.034
0 0 0 0 0 0 0
-0.787 0.694 37.41 0.62 -0.96 1.47 0.0
3.795 5.097 41.83 172.24 165.08 174.57 0.0361
0 0 0 0 0 0 0
-0.218 0.28 41.21 8.67 1.13 -5.48 0.0
4.112 4.849 45.51 170.41 173.85 168.61 0.0378
0 0 0 0 0 0 0
-0.901 0.782 43.54 -12.88 10.33 -0.78 0.0
3.814 5.08 48.01 157.17 157.79 162.51 0.0381
0 0 0 0 0 0 0
-1.423 0.748 41.12 25.54 16.15 -13.77 0.0
3.092 5.548 45.63 165.96 161.45 169.87 0.0384
0 0 0 0 0 0 0
1.682 0.369 36.0 -29.68 -29.85 -3.94 0.0
5.063 3.837 39.9 164.72 156.11 163.59 0.0328
0 0 0 0 0 0 0
1.223 0.929 44.22 -0.26 4.01 2.38 0.0
4.721 4.257 47.46 168.41 145.91 175.83 0.029
0 0 0 0 0 0 0
0.595 0.595 44.35 1.94 2.45 7.34 0.0
4.651 4.332 48.62 166.48 148.17 152.5 0.0344
0 0 0 0 0 0 0
1.073 -0.505 41.56 -10.7 -21.36 11.46 0.0
5.444 3.282 46.28 169.16 148.42 173.93 0.0383
0 0 0 0 0 0 0
-0.518 -0.632 43.59 -17.15 -7.39 4.74 0.0
4.267 4.713 49.53 159.35 179.53 162.72 0.0446
0 0 0 0 0 0 0
-0.208 0.879 36.57 -7.88 11.14 -9.8 0.0
3.796 5.095 41.04 161.26 174.96 176.17 0.0365
0 0 0 0 0 0 0
-0.101 -0.277 37.42 -5.45 5.2 -9.15 0.0
4.792 4.174 42.19 180.31 157.09 180.29 0.038
0 0 0 0 0 0 0
0.952 0.634 40.93 3.45 4.89 6.93 0.0
4.911 4.028 44.62 166.76 150.56 166.74 0.0342
0 0 0 0 0 0 0
-0.116 0.138 37.51 13.65 14.71 4.24 0.0
4.439 4.545 42.26 183.68 172.16 178.68 0.0359
0 0 0 0 0 0 0
0.619 -0.049 40.96 5.64 -0.42 2.47 0.0
4.809 4.158 45.71 158.06 164.95 161.94 0.0375
0 0 0 0 0 0 0
0.284 -0.936 38.13 8.77 7.33 -7.46 0.0
5.023 3.896 43.09 172.43 166.92 153.73 0.0393
0 0 0 0 0 0 0
0.119 -0.382 37.71 3.46 -2.59 9.08 0.0
4.722 4.247 43.8 166.09 165.92 190.48 0.0418
0 0 0 0 0 0 0
0.741 1.104 42.76 -9.34 1.56 5.67 0.0
3.906 5.009 46.83 151.79 160.92 174.18 0.0344
0 0 0 0 0 0 0
-1.568 -1.092 38.71 -3.97 22.34 -17.97 0.0
3.836 5.069 44.33 160.97 190.68 177.78 0.0431
0 0 0 0 0 0 0
-0.987 -0.726 39.64 16.46 -13.05 -6.47 0.0
4.743 4.223 45.02 182.24 173.54 163.46 0.0451
0 0 0 0 0 0 0
1.757 -0.566 36.04 2.96 -0.95 -8.95 0.0
5.649 2.914 39.82 170.28 151.84 160.92 0.0355
0 0 0 0 0 0 0
-0.882 -0.322 41.91 -10.68 -4.31 8.56 0.0
4.166 4.798 47.87 161.19 159.19 171.29 0.0415
0 0 0 0 0 0 0
-0.633 -0.498 38.08 -2.59 -11.9 -15.33 0.0
4.74 4.23 43.57 164.84 160.01 186.91 0.0436
0 0 0 0 0 0 0
-1.016 -1.313 43.75 -5.14 -0.5 21.93 0.0
4.764 4.206 50.3 180.11 171.44 160.79 0.0456
0 0 0 0 0 0 0
-0.393 0.889 35.07 3.52 -0.18 -2.56 0.0
3.332 5.407 39.13 158.6 170.41 165.1 0.0366
0 0 0 0 0 0 0
1.289 -1.124 35.65 9.11 0.73 -0.75 0.0
5.593 3.021 39.93 165.14 163.68 172.21 0.0352
0 0 0 0 0 0 0
0.81 -0.966 44.79 -12.14 -24.9 -10.49 0.0
5.357 3.418 49.39 164.93 150.07 166.26 0.0389
0 0 0 0 0 0 0
1.489 1.279 40.12 -4.16 -5.93 3.04 0.0
4.704 4.269 42.66 178.4 153.11 129.35 0.0305
0 0 0 0 0 0 0
1.518 -0.447 43.03 -11.26 -19.21 13.98 0.0
5.428 3.298 47.81 170.71 161.28 179.32 0.0398
0 0 0 0 0 0 0
0.41 -0.8 43.1 -8.15 1.11 2.5 0.0
4.997 3.926 48.75 175.44 154.11 191.13 0.0376
0 0 0 0 0 0 0
-0.151 0.45 43.21 -12.72 1.73 -8.65 0.0
4.358 4.623 48.42 169.11 171.73 177.72 0.038
0 0 0 0 0 0 0
1.218 1.398 39.7 -15.82 -2.01 1.55 0.0
4.575 4.408 43.51 163.63 158.1 177.24 0.0318
0 0 0 0 0 0 0
0.118 -1.492 43.39 -14.28 5.45 -6.63 0.0
5.33 3.456 48.81 157.02 171.16 169.23 0.0435
0 0 0 0 0 0 0
-0.185 0.333 40.28 23.09 -4.02 23.8 0.0
4.509 4.478 45.17 185.36 162.79 178.81 0.037
0 0 0 0 0 0 0
-1.863 0.388 41.47 27.45 -29.79 -3.34 0.0
3.717 5.151 47.21 149.62 146.67 165.99 0.0448
0 0 0 0 0 0 0
1.675 0.904 37.24 27.49 7.14 -2.77 0.0
5.104 3.78 40.58 159.31 161.52 170.77 0.0287
0 0 0 0 0 0 0
0.258 -0.896 42.39 17.35 -13.38 -5.36 0.0
5.045 3.859 47.93 162.36 160.66 182.34 0.0386
0 0 0 0 0 0 0
-0.173 -1.114 43.68 -16.59 -4.02 9.96 0.0
5.183 3.672 49.47 163.01 171.02 191.8 0.0414
0 0 0 0 0 0 0
-0.29 0.396 41.16 -28.7 18.86 22.07 0.0
3.879 5.031 46.28 176.14 174.33 178.41 0.0374
0 0 0 0 0 0 0
-1.43 -1.174 39.01 2.86 -0.88 -2.73 0.0
4.632 4.354 45.88 170.33 171.84 202.08 0.0465
0 0 0 0 0 0 0
-0.348 -1.95 39.74 -7.02 19.02 3.4 0.0
5.121 3.76 45.89 162.72 176.36 159.68 0.0467
0 0 0 0 0 0 0
-0.472 0.259 39.2 38.82 -6.82 2.47 0.0
4.561 4.426 44.34 161.87 160.67 169.61 0.0367
0 0 0 0 0 0 0
0.016 0.009 38.37 -4.89 7.18 -7.02 0.0
4.291 4.685 42.79 172.15 167.13 158.31 0.0387
0 0 0 0 0 0 0
0.202 0.108 42.48 -18.3 6.35 6.86 0.0
4.048 4.898 47.15 161.14 176.09 156.47 0.0378
0 0 0 0 0 0 0
0.486 -1.262 35.95 6.12 -0.2 -8.23 0.0
5.109 3.784 41.51 164.19 162.15 187.06 0.0395
0 0 0 0 0 0 0
1.4 0.177 40.37 -3.92 20.82 -27.94 0.0
5.016 3.905 43.96 161.71 141.29 170.81 0.0324
0 0 0 0 0 0 0
0.739 -0.315 43.71 -7.15 -7.9 -5.73 0.0
5.119 3.758 47.93 175.41 152.65 167.75 0.0396
0 0 0 0 0 0 0
1.488 -1.223 37.63 -6.01 3.32 -5.55 0.0
5.658 2.895 42.45 158.91 167.12 179.07 0.036
0 0 0 0 0 0 0
-0.113 -1.37 36.16 21.22 5.07 5.93 0.0
5.186 3.665 41.55 167.95 160.96 182.59 0.0413
0 0 0 0 0 0 0
1.866 0.38 39.73 14.46 -1.48 -0.87 0.0
5.182 3.67 42.6 162.15 146.16 136.24 0.0314
0 0 0 0 0 0 0
-1.473 0.889 42.45 9.13 -19.78 10.22 0.0
2.899 5.651 47.52 161.87 178.2 184.32 0.0401
0 0 0 0 0 0 0
-0.353 0.561 35.39 -2.99 -14.55 7.21 0.0
4.377 4.603 40.41 170.35 155.68 180.77 0.0367
0 0 0 0 0 0 0
-0.082 -0.353 39.85 13.65 7.61 -14.68 0.0
4.552 4.432 44.17 165.11 174.9 176.92 0.0378
0 0 0 0 0 0 0
0.789 1.555 41.67 -12.19 -19.14 3.38 0.0
4.389 4.589 45.39 155.02 154.56 152.83 0.0319
0 0 0 0 0 0 0
0.166 0.056 39.6 -5.06 3.05 -5.67 0.0
4.653 4.333 44.49 163.1 157.22 174.61 0.0355
0 0 0 0 0 0 0
-1.26 0.139 39.34 12.98 -18.29 -4.49 0.0
4.026 4.921 45.23 171.79 167.41 176.65 0.0423
0 0 0 0 0 0 0
-0.491 -0.434 35.62 0.08 -2.14 -1.29 0.0
4.595 4.384 41.48 158.25 154.03 175.27 0.0428
0 0 0 0 0 0 0
0.301 -0.106 43.37 -8.86 -4.57 -15.51 0.0
4.428 4.552 47.71 169.76 160.47 182.69 0.0367
0 0 0 0 0 0 0
0.086 0.336 38.49 -8.9 -15.19 1.53 0.0
4.291 4.691 43.43 154.94 153.29 181.58 0.0372
0 0 0 0 0 0 0
-0.45 0.211 36.99 13.47 11.02 23.71 0.0
4.025 4.914 42.04 171.79 153.53 177.12 0.0364
0 0 0 0 0 0 0
-1.046 1.433 40.13 5.26 17.92 -32.36 0.0
3.143 5.521 44.82 147.31 159.54 186.12 0.0358
0 0 0 0 0 0 0
-0.059 -0.357 43.45 11.9 15.05 12.65 0.0
4.589 4.398 48.52 166.48 162.18 185.77 0.0404
0 0 0 0 0 0 0
-0.385 1.582 40.37 -12.86 0.6 12.74 0.0
3.056 5.569 44.62 147.32 175.78 166.74 0.0327
0 0 0 0 0 0 0
0.448 0.495 39.82 -9.96 6.52 1.37 0.0
4.835 4.127 44.62 164.89 144.88 171.7 0.034
0 0 0 0 0 0 0
0.152 1.591 42.14 9.42 18.1 -5.55 0.0
3.643 5.208 45.42 164.3 172.78 177.92 0.0304
0 0 0 0 0 0 0
-1.734 -0.527 37.06 17.3 -8.28 10.02 0.0
3.922 5.0 43.36 163.12 163.27 184.47 0.0444
0 0 0 0 0 0 0
0.228 -0.099 43.09 -12.74 15.34 -17.7 0.0
4.767 4.198 47.52 167.04 150.54 175.51 0.04
0 0 0 0 0 0 0
0.68 -0.853 44.29 -1.64 -25.01 -1.81 0.0
5.154 3.716 49.09 163.13 176.89 178.97 0.0394
0 0 0 0 0 0 0
0.704 -0.574 39.8 -22.8 17.27 -5.89 0.0
4.676 4.302 44.87 156.28 159.57 185.41 0.0362
0 0 0 0 0 0 0
-0.629 -0.702 42.83 20.02 -18.95 -4.21 0.0
4.751 4.214 47.84 169.47 173.01 167.54 0.0396
0 0 0 0 0 0 0
1.103 -0.056 41.82 -2.04 19.97 0.5 0.0
5.143 3.735 46.07 176.68 159.08 184.18 0.0336
0 0 0 0 0 0 0
-0.011 -0.019 38.09 -20.96 6.45 -6.37 0.0
4.487 4.503 42.98 176.19 169.54 165.65 0.0378
0 0 0 0 0 0 0
0.158 -0.451 42.07 -21.14 21.63 4.05 0.0
4.562 4.42 46.73 155.23 174.95 167.54 0.0386
0 0 0 0 0 0 0
1.089 -0.239 36.56 1.82 -26.68 -1.39 0.0
5.153 3.716 40.65 164.18 170.51 170.42 0.0344
0 0 0 0 0 0 0
0.69 0.097 36.55 -11.19 14.26 2.22 0.0
4.905 4.043 40.96 170.42 155.81 183.89 0.0342
0 0 0 0 0 0 0
0.72 -0.552 38.98 -21.83 26.28 16.41 0.0
4.983 3.948 44.16 164.73 168.71 187.37 0.0386
0 0 0 0 0 0 0
-1.023 1.018 41.43 17.2 2.15 5.84 0.0
3.13 5.533 46.04 169.14 177.54 170.09 0.0371
0 0 0 0 0 0 0
0.004 0.455 42.81 6.76 -5.47 10.51 0.0
4.218 4.758 47.92 172.4 170.88 179.22 0.0367
0 0 0 0 0 0 0
0.83 -0.509 36.47 16.9 -8.46 -1.5 0.0
5.202 3.642 41.28 152.75 161.77 160.77 0.0371
0 0 0 0 0 0 0
-0.375 -0.508 38.07 -3.74 17.22 -7.25 0.0
4.377 4.609 43.34 172.34 163.36 156.8 0.0417
0 0 0 0 0 0 0
0.033 -0.208 41.13 -26.86 5.19 3.43 0.0
4.136 4.825 46.1 169.39 177.87 189.37 0.0389
0 0 0 0 0 0 0
0.158 1.057 38.05 -19.09 -6.76 -22.85 0.0
3.975 4.953 42.0 173.69 155.44 157.29 0.0361
0 0 0 0 0 0 0
0.124 0.053 36.21 4.36 3.61 7.33 0.0
4.486 4.503 41.13 174.8 171.88 180.42 0.0329
0 0 0 0 0 0 0
-0.834 -1.726 36.8 10.23 16.12 -16.46 0.0
4.852 4.102 42.95 164.8 169.88 178.19 0.045
0 0 0 0 0 0 0
-0.051 -0.178 40.82 6.66 -4.13 3.24 0.0
4.604 4.377 46.16 167.09 168.88 175.14 0.0369
0 0 0 0 0 0 0
-0.63 -1.106 40.89 12.75 -1.69 11.56 0.0
4.736 4.231 46.66 148.22 177.29 156.59 0.0449
0 0 0 0 0 0 0
-0.053 -0.791 41.4 21.51 3.96 6.4 0.0
5.077 3.823 46.62 179.02 157.46 175.38 0.0393
0 0 0 0 0 0 0
0.179 0.03 43.7 17.47 25.56 13.96 0.0
4.774 4.197 48.41 174.64 168.9 175.64 0.0341
0 0 0 0 0 0 0
0.557 -1.264 43.79 -2.08 10.33 7.61 0.0
5.05 3.852 48.85 163.51 164.33 194.05 0.0381
0 0 0 0 0 0 0
0.098 0.144 41.96 -16.55 -16.61 -7.45 0.0
5.08 3.82 46.63 177.97 151.19 169.38 0.0391
0 0 0 0 0 0 0
0.974 -0.736 37.04 -6.27 -8.76 22.42 0.0
5.556 3.086 41.7 176.23 150.54 161.28 0.0382
0 0 0 0 0 0 0
0.016 0.454 37.24 22.47 -30.08 5.65 0.0
4.546 4.444 41.6 175.1 175.8 171.73 0.0335
0 0 0 0 0 0 0
-0.393 0.034 38.06 -6.97 7.12 2.58 0.0
4.12 4.838 43.54 155.44 176.49 176.99 0.0407
0 0 0 0 0 0 0
0.557 -0.61 35.36 31.64 2.03 10.67 0.0
5.159 3.706 40.98 159.05 168.53 177.41 0.0386
0 0 0 0 0 0 0
-0.104 0.021 43.2 8.38 8.61 21.73 0.0
4.691 4.291 48.61 179.6 167.83 187.08 0.038
0 0 0 0 0 0 0
-0.138 -0.68 35.64 22.74 16.46 0.17 0.0
4.889 4.054 40.94 184.58 160.38 192.91 0.0369
0 0 0 0 0 0 0
-1.642 0.551 38.51 -11.5 -17.72 -7.54 0.0
2.744 5.727 44.48 139.32 167.58 173.76 0.0429
0 0 0 0 0 0 0
1.045 -0.183 40.91 -0.78 -5.64 24.95 0.0
5.19 3.659 46.02 178.44 165.51 176.02 0.0376
0 0 0 0 0 0 0
-1.904 -0.529 35.44 -11.97 -9.82 13.9 0.0
3.771 5.116 42.46 179.54 177.56 184.93 0.0442
0 0 0 0 0 0 0
-0.853 -1.226 39.55 19.7 -3.33 2.41 0.0
4.978 3.948 44.96 161.51 176.31 185.32 0.041
0 0 0 0 0 0 0
0.472 -0.064 41.59 -2.59 -20.93 8.78 0.0
4.819 4.142 45.92 183.06 164.34 174.37 0.0378
0 0 0 0 0 0 0
0.531 0.143 40.86 1.24 4.87 8.32 0.0
4.609 4.374 45.21 175.74 167.93 151.17 0.0357
0 0 0 0 0 0 0
0.189 -0.041 35.64 9.85 -9.32 4.73 0.0
4.948 3.991 40.55 180.4 164.88 168.69 0.0363
0 0 0 0 0 0 0
-0.298 0.928 44.61 -17.77 -2.07 -18.22 0.0
3.496 5.305 48.86 154.72 157.91 168.74 0.0404
0 0 0 0 0 0 0
-0.74 -0.565 40.37 9.94 17.93 18.71 0.0
4.442 4.539 46.2 176.34 176.18 172.62 0.0418
0 0 0 0 0 0 0
-0.139 0.213 44.43 15.89 1.58 -16.87 0.0
4.267 4.706 48.64 160.58 157.76 165.95 0.0352
0 0 0 0 0 0 0
-0.593 -1.065 39.23 -9.86 7.33 -10.62 0.0
4.692 4.292 44.83 166.64 180.35 169.98 0.0433
0 0 0 0 0 0 0
-1.435 -0.638 36.61 10.08 -4.63 10.33 0.0
3.691 5.175 42.6 164.95 181.9 165.49 0.0422
0 0 0 0 0 0 0
1.702 -1.001 39.59 -11.67 3.17 -15.04 0.0
5.547 3.103 43.86 158.34 156.47 165.4 0.0344
0 0 0 0 0 0 0
1.841 0.725 36.96 4.15 -0.54 16.14 0.0
5.027 3.884 40.45 145.69 167.39 165.15 0.03
0 0 0 0 0 0 0
0.541 0.805 39.9 23.98 10.46 -2.36 0.0
4.167 4.802 43.19 151.0 174.34 158.16 0.0329
0 0 0 0 0 0 0
1.845 -0.237 37.33 3.83 -6.71 7.2 0.0
5.378 3.391 40.97 158.76 173.41 156.5 0.0323
0 0 0 0 0 0 0
1.627 -0.431 44.22 9.54 15.08 -10.42 0.0
5.299 3.5 48.16 159.25 164.0 156.43 0.0343
0 0 0 0 0 0 0
0.002 0.004 38.59 -5.42 -5.68 -9.21 0.0
4.226 4.748 43.73 174.83 171.71 180.13 0.0378
0 0 0 0 0 0 0
-0.844 0.317 43.13 -4.09 38.32 -14.02 0.0
3.507 5.296 47.71 173.11 164.39 163.81 0.0371
0 0 0 0 0 0 0
1.787 -0.665 37.03 0.23 6.76 12.95 0.0
5.506 3.177 40.99 157.39 160.33 167.45 0.0322
0 0 0 0 0 0 0
0.036 -0.005 40.44 -7.41 -15.03 25.98 0.0
4.537 4.454 45.64 164.42 170.01 171.42 0.0395
0 0 0 0 0 0 0
-0.083 -0.109 37.19 2.74 11.21 -3.88 0.0
4.456 4.528 42.43 162.84 172.65 185.62 0.0399
0 0 0 0 0 0 0
-0.14 -1.636 39.7 3.64 -1.61 -18.08 0.0
5.481 3.216 44.75 184.27 160.55 163.68 0.0414
0 0 0 0 0 0 0
0.019 0.013 36.72 1.26 16.66 3.5 0.0
4.456 4.528 41.76 168.54 161.21 169.96 0.0393
0 0 0 0 0 0 0
0.011 0.006 38.38 -3.06 21.32 0.82 0.0
4.296 4.687 43.09 173.47 178.4 187.14 0.0369
0 0 0 0 0 0 0
0.931 0.795 35.26 23.96 29.1 12.91 0.0
4.599 4.387 39.36 148.64 153.34 190.09 0.0308
0 0 0 0 0 0 0
0.564 0.921 38.37 22.33 9.4 5.22 0.0
4.466 4.519 42.1 177.17 170.55 176.66 0.0326
0 0 0 0 0 0 0
0.376 -0.841 41.83 -0.64 -24.76 3.99 0.0
5.331 3.464 46.75 179.82 152.92 176.5 0.0402
0 0 0 0 0 0 0
-0.994 -1.294 37.37 -0.99 11.28 17.84 0.0
4.37 4.616 44.69 159.14 156.2 171.7 0.0488
0 0 0 0 0 0 0
-0.935 0.329 41.51 9.1 -0.48 9.51 0.0
3.948 4.976 46.46 162.84 176.53 171.78 0.0389
0 0 0 0 0 0 0
0.119 -0.159 38.93 -21.7 4.89 -12.46 0.0
4.11 4.841 43.04 168.55 193.04 164.73 0.0371
0 0 0 0 0 0 0
0.915 -1.646 40.08 -17.17 -5.95 -21.56 0.0
5.504 3.17 45.47 165.25 171.29 176.17 0.0424
0 0 0 0 0 0 0
-0.061 0.222 39.05 -11.09 -0.25 16.63 0.0
4.098 4.859 43.83 159.68 164.2 161.38 0.0367
0 0 0 0 0 0 0
-1.21 1.238 44.69 -6.1 -1.75 -9.29 0.0
3.003 5.601 49.28 166.94 167.46 158.96 0.0392
0 0 0 0 0 0 0
-1.39 -0.702 42.57 11.4 -4.84 -1.58 0.0
4.003 4.931 48.57 170.23 180.34 176.35 0.043
0 0 0 0 0 0 0
1.706 0.47 41.11 -2.14 13.75 10.64 0.0
5.046 3.863 44.47 162.44 161.91 163.48 0.0308
0 0 0 0 0 0 0
0.947 0.068 37.13 -0.09 -13.63 -2.94 0.0
4.785 4.179 41.64 170.92 167.65 184.62 0.0347
0 0 0 0 0 0 0
1.336 -0.129 41.54 -15.98 7.08 -0.95 0.0
5.114 3.769 45.67 161.91 158.39 161.36 0.0335
0 0 0 0 0 0 0
-0.498 -0.222 37.42 12.57 -6.87 -8.07 0.0
4.579 4.407 42.69 171.76 167.65 169.99 0.0391
0 0 0 0 0 0 0
0.567 0.123 42.08 -4.17 26.96 -1.96 0.0
4.646 4.339 46.25 151.25 167.55 168.48 0.035
0 0 0 0 0 0 0
0.744 0.465 37.88 -3.51 11.58 -13.2 0.0
4.046 4.895 41.61 142.36 173.29 158.48 0.0347
0 0 0 0 0 0 0
-0.914 0.836 37.84 7.32 13.77 -4.59 0.0
3.787 5.1 42.77 178.84 164.29 187.81 0.0386
0 0 0 0 0 0 0
-1.618 0.074 41.49 -6.89 14.1 6.32 0.0
3.127 5.536 46.6 178.59 166.27 162.1 0.0429
0 0 0 0 0 0 0
-0.322 -0.34 43.03 9.24 22.75 13.89 0.0
4.437 4.549 48.71 160.29 148.97 171.12 0.041
0 0 0 0 0 0 0
0.052 -0.15 35.04 10.51 -7.14 -12.79 0.0
4.767 4.196 40.41 161.65 166.83 181.21 0.0394
0 0 0 0 0 0 0
1.504 -0.029 40.57 -24.11 -16.13 -24.01 0.0
5.36 3.417 44.66 160.65 147.87 169.16 0.0328
0 0 0 0 0 0 0
-0.186 -0.101 38.98 13.88 4.49 -2.44 0.0
4.856 4.097 43.95 180.53 168.28 172.37 0.0368
0 0 0 0 0 0 0
0.953 1.403 37.35 -27.98 -6.37 7.69 0.0
3.936 4.993 41.13 152.26 168.6 173.92 0.0316
0 0 0 0 0 0 0
0.036 0.073 41.21 15.71 -6.68 1.92 0.0
4.535 4.456 46.22 180.83 176.81 190.77 0.0363
0 0 0 0 0 0 0
-0.896 1.713 39.05 2.73 1.68 4.06 0.0
3.396 5.37 43.57 164.14 163.36 174.89 0.0364
0 0 0 0 0 0 0
-0.217 -1.036 36.59 9.8 -16.65 -10.78 0.0
4.735 4.234 42.19 165.26 167.25 182.62 0.0445
0 0 0 0 0 0 0
0.049 -0.013 40.13 -7.61 10.0 -7.55 0.0
4.436 4.546 44.62 173.57 165.93 180.71 0.0393
0 0 0 0 0 0 0
-0.033 -1.413 40.12 5.67 -1.76 -7.32 0.0
5.088 3.802 46.1 157.62 163.69 187.17 0.0432
0 0 0 0 0 0 0
-0.676 -1.868 37.58 13.5 3.45 -14.26 0.0
5.25 3.576 43.48 170.88 164.72 188.17 0.0441
0 0 0 0 0 0 0
0.099 1.188 38.04 -0.59 8.72 -7.24 0.0
3.823 5.077 41.46 156.69 176.14 146.51 0.0353
0 0 0 0 0 0 0
0.083 -0.447 41.65 -25.66 -12.87 9.56 0.0
4.477 4.511 47.06 167.25 168.17 179.55 0.0395
0 0 0 0 0 0 0
0.549 0.564 37.59 -4.19 19.76 17.52 0.0
4.157 4.811 41.95 179.49 178.12 170.34 0.0341
0 0 0 0 0 0 0
-0.386 0.598 36.48 -9.91 0.36 8.5 0.0
4.184 4.782 41.66 163.39 157.52 170.68 0.0384
0 0 0 0 0 0 0
-0.897 1.385 37.64 -9.68 12.14 10.66 0.0
2.614 5.792 41.95 167.24 161.47 184.26 0.0384
0 0 0 0 0 0 0
-1.354 -1.117 38.1 -5.14 -17.2 11.84 0.0
4.543 4.444 44.38 179.96 162.58 168.3 0.0416
0 0 0 0 0 0 0
0.955 0.752 37.63 -11.64 12.1 3.62 0.0
4.245 4.726 41.87 162.35 172.55 166.91 0.0335
0 0 0 0 0 0 0
-0.54 -0.15 35.2 -6.54 -8.89 28.88 0.0
4.239 4.729 41.65 158.31 196.89 188.07 0.0411
0 0 0 0 0 0 0
0.259 0.147 42.44 11.94 6.19 4.01 0.0
4.77 4.2 46.59 164.25 155.96 161.67 0.0358
0 0 0 0 0 0 0
-0.337 -0.139 35.24 4.38 1.42 -15.23 0.0
4.686 4.29 40.22 172.69 169.28 194.15 0.0382
0 0 0 0 0 0 0
0.601 0.816 36.36 -4.07 -19.37 -2.63 0.0
4.266 4.707 40.59 183.22 167.89 168.88 0.0326
0 0 0 0 0 0 0
-0.133 -0.644 37.58 -9.52 23.22 -27.5 0.0
4.645 4.333 42.66 164.14 159.35 178.23 0.0409
0 0 0 0 0 0 0
1.59 -0.522 38.61 -11.79 5.0 -17.47 0.0
5.487 3.197 42.48 167.47 168.69 166.0 0.0333
0 0 0 0 0 0 0
0.884 0.426 41.83 -6.94 -3.39 -11.75 0.0
4.442 4.545 46.13 143.94 162.38 161.99 0.0377
0 0 0 0 0 0 0
-1.414 -1.4 36.08 27.27 -5.29 -1.83 0.0
5.019 3.901 43.28 166.78 165.48 185.67 0.0487
0 0 0 0 0 0 0
0.61 1.327 44.41 -11.82 1.16 -1.83 0.0
4.073 4.876 49.02 157.08 160.82 189.32 0.0349
0 0 0 0 0 0 0
-0.468 -0.442 41.7 19.57 -6.07 11.14 0.0
4.401 4.589 46.89 180.91 177.18 182.35 0.0402
0 0 0 0 0 0 0
-0.086 -0.283 37.77 -1.96 11.52 -10.65 0.0
4.438 4.55 42.84 180.45 162.66 163.49 0.0386
0 0 0 0 0 0 0
0.137 0.078 36.36 -5.06 0.63 8.36 0.0
4.261 4.715 41.36 157.4 181.22 186.74 0.0354
0 0 0 0 0 0 0
-0.591 -1.532 44.03 6.65 15.37 -8.71 0.0
5.016 3.9 50.36 167.61 173.86 181.1 0.044
0 0 0 0 0 0 0
0.4 0.202 43.55 3.66 1.05 -4.63 0.0
4.65 4.329 48.59 165.91 159.24 180.38 0.0366
0 0 0 0 0 0 0
-1.928 0.477 35.45 7.52 26.79 -15.75 0.0
2.751 5.731 40.49 178.16 181.21 177.36 0.0415
0 0 0 0 0 0 0
-0.249 -0.203 40.51 -7.9 6.4 -6.98 0.0
4.179 4.788 44.68 166.52 166.91 166.49 0.04
0 0 0 0 0 0 0
0.137 0.726 42.4 10.89 1.27 -15.43 0.0
4.122 4.834 45.94 166.67 177.87 167.22 0.036
0 0 0 0 0 0 0
0.074 0.444 39.29 -14.26 2.47 9.54 0.0
4.43 4.559 44.32 165.51 167.51 197.17 0.0367
0 0 0 0 0 0 0
-0.121 -0.175 44.15 -15.19 -30.46 -2.51 0.0
4.41 4.575 49.49 162.58 160.56 199.02 0.042
0 0 0 0 0 0 0
-0.418 -1.37 36.75 -13.31 -9.12 3.55 0.0
5.003 3.919 43.0 161.84 161.23 161.46 0.0454
0 0 0 0 0 0 0
0.047 0.185 36.83 28.55 -26.26 -11.36 0.0
4.819 4.14 41.53 162.74 146.55 169.83 0.0378
0 0 0 0 0 0 0
0.011 -0.684 36.02 9.41 -0.05 -26.69 0.0
4.65 4.334 40.72 164.26 162.49 171.15 0.0379
0 0 0 0 0 0 0
1.466 -0.559 36.25 -21.3 15.01 -13.36 0.0
5.129 3.743 40.02 144.75 157.78 164.29 0.0348
0 0 0 0 0 0 0
0.639 -0.652 42.36 -29.04 -22.46 -1.87 0.0
5.225 3.621 47.91 156.41 169.18 170.17 0.0427
0 0 0 0 0 0 0
-0.228 0.101 40.6 -3.35 15.21 -12.91 0.0
3.86 5.045 45.17 156.03 157.99 170.49 0.0382
0 0 0 0 0 0 0
-1.583 -0.573 37.33 -27.53 -2.93 -13.69 0.0
3.89 5.023 44.25 164.46 152.66 185.25 0.0465
0 0 0 0 0 0 0
-1.94 -0.233 37.66 9.41 17.78 20.5 0.0
3.449 5.333 43.7 156.87 163.86 168.78 0.0423
0 0 0 0 0 0 0
0.654 -0.081 39.08 -11.59 17.28 -3.27 0.0
4.96 3.972 43.18 170.46 153.29 176.9 0.0355
0 0 0 0 0 0 0
-0.808 -0.152 40.15 -6.0 -0.27 -28.04 0.0
4.029 4.919 45.25 164.56 185.9 179.1 0.0409
0 0 0 0 0 0 0
-0.189 -1.977 42.44 -8.98 -3.17 17.6 0.0
5.401 3.354 48.91 170.41 175.26 173.99 0.0455
0 0 0 0 0 0 0
0.293 -1.488 35.05 -18.73 6.35 2.06 0.0
5.515 3.161 40.9 170.93 154.21 189.55 0.0421
0 0 0 0 0 0 0
-1.832 -0.675 36.92 8.86 2.73 -6.04 0.0
4.143 4.813 43.29 170.1 168.09 185.52 0.0452
0 0 0 0 0 0 0
-1.558 0.628 43.83 4.46 -14.84 -16.7 0.0
3.203 5.484 47.86 165.15 174.54 164.99 0.0421
0 0 0 0 0 0 0
-0.926 0.809 38.9 -1.28 12.15 0.96 0.0
3.68 5.179 43.75 165.66 167.95 169.62 0.0397
0 0 0 0 0 0 0
0.106 -0.518 42.17 12.54 1.68 -18.8 0.0
4.729 4.246 46.9 147.23 156.08 180.66 0.0403
0 0 0 0 0 0 0
-0.186 -0.535 42.84 -11.35 18.63 1.14 0.0
4.417 4.57 48.14 159.86 165.61 175.77 0.0413
0 0 0 0 0 0 0
1.609 0.575 37.43 -18.17 2.19 -20.05 0.0
4.721 4.251 41.05 158.89 162.0 165.03 0.0319
0 0 0 0 0 0 0
0.307 0.672 44.5 -7.9 11.5 -0.79 0.0
3.902 5.011 48.87 157.36 183.33 170.03 0.0349
0 0 0 0 0 0 0
1.259 -0.476 37.55 -12.15 5.62 10.68 0.0
5.255 3.568 42.3 159.41 170.98 175.8 0.0344
0 0 0 0 0 0 0
-0.053 0.398 41.0 19.86 -3.93 -4.89 0.0
4.649 4.326 45.59 167.81 147.23 183.0 0.0362
0 0 0 0 0 0 0
1.143 1.15 42.89 3.06 7.55 11.6 0.0
4.316 4.66 46.39 163.69 161.77 167.26 0.0316
0 0 0 0 0 0 0
-0.951 -1.729 38.79 -8.9 -20.62 24.49 0.0
4.916 4.032 45.0 174.35 177.47 166.91 0.0452
0 0 0 0 0 0 0
-1.099 0.967 44.94 6.07 -4.09 14.34 0.0
3.641 5.209 49.62 162.06 169.28 161.06 0.036
0 0 0 0 0 0 0
1.226 0.615 40.21 16.77 38.66 -19.54 0.0
4.518 4.465 43.16 156.93 161.45 149.76 0.0317
0 0 0 0 0 0 0
0.465 -0.392 43.89 9.36 -8.41 -16.63 0.0
4.797 4.165 48.68 145.79 179.92 170.79 0.0377
0 0 0 0 0 0 0
1.403 0.26 44.42 -2.96 -6.12 -8.97 0.0
5.093 3.804 48.53 162.95 165.63 172.27 0.0321
0 0 0 0 0 0 0
0.554 0.264 35.88 26.63 5.61 0.76 0.0
4.695 4.285 40.54 174.04 184.11 183.4 0.033
0 0 0 0 0 0 0
-0.456 -0.591 36.72 8.84 7.34 8.38 0.0
4.34 4.644 42.37 164.29 183.16 163.73 0.0417
0 0 0 0 0 0 0
-1.649 0.97 41.14 4.36 -6.78 8.63 0.0
3.43 5.353 46.82 175.28 165.98 184.6 0.038
0 0 0 0 0 0 0
0.163 -0.493 36.76 1.6 7.18 17.87 0.0
4.775 4.195 42.74 152.91 147.86 186.93 0.0411
0 0 0 0 0 0 0
-0.603 0.674 36.73 -7.24 -5.16 -8.53 0.0
3.9 5.021 40.8 176.45 173.04 181.71 0.0371
0 0 0 0 0 0 0
0.331 -0.446 41.13 0.45 4.52 2.54 0.0
4.621 4.361 46.24 150.09 158.55 182.88 0.0399
0 0 0 0 0 0 0
-0.269 0.213 42.16 -0.69 -4.69 0.46 0.0
4.349 4.628 46.73 156.42 161.24 167.91 0.0393
0 0 0 0 0 0 0
-1.542 -0.164 42.68 7.86 -11.06 17.19 0.0
4.157 4.808 49.02 200.27 175.76 188.55 0.0413
0 0 0 0 0 0 0
-0.892 -1.569 38.79 -2.33 -12.76 -11.45 0.0
4.581 4.405 44.93 180.71 182.46 175.85 0.0464
0 0 0 0 0 0 0
-0.973 1.729 35.77 13.43 -21.46 15.85 0.0
2.754 5.728 40.01 154.57 164.66 175.83 0.0361
0 0 0 0 0 0 0
-0.964 -0.363 39.91 -8.03 -14.81 13.06 0.0
4.648 4.337 45.32 178.31 163.07 177.27 0.0439
0 0 0 0 0 0 0
-0.404 0.602 35.69 -14.95 -13.22 -1.33 0.0
3.738 5.135 40.76 178.07 169.03 202.34 0.0366
0 0 0 0 0 0 0
0.77 0.276 37.62 4.73 3.72 18.91 0.0
4.855 4.1 41.84 172.39 163.28 166.44 0.0329
0 0 0 0 0 0 0
0.467 0.134 35.36 14.45 -6.28 12.41 0.0
4.655 4.323 39.31 165.54 166.33 166.8 0.0354
0 0 0 0 0 0 0
-1.341 0.738 40.5 32.29 -16.97 3.51 0.0
3.673 5.18 45.79 163.93 172.28 174.55 0.039
0 0 0 0 0 0 0
0.836 -0.097 38.26 -11.05 -7.21 21.37 0.0
4.766 4.203 43.19 169.22 170.41 182.65 0.0359
0 0 0 0 0 0 0
0.009 -1.242 35.08 -6.13 9.03 25.32 0.0
4.992 3.926 40.76 172.57 178.93 201.26 0.0409
0 0 0 0 0 0 0
0.741 -0.023 37.59 8.34 -3.85 17.66 0.0
4.999 3.92 41.89 170.24 162.35 162.96 0.0372
0 0 0 0 0 0 0
0.599 1.555 36.41 4.37 -8.39 2.45 0.0
4.337 4.642 40.3 173.98 166.17 174.08 0.0302
0 0 0 0 0 0 0
-0.802 -0.732 36.39 -14.39 -3.53 -16.39 0.0
4.307 4.675 41.68 168.8 169.66 172.13 0.0445
0 0 0 0 0 0 0
1.249 0.098 42.54 11.35 -12.92 -2.55 0.0
5.517 3.152 46.52 170.62 144.86 163.13 0.0329
0 0 0 0 0 0 0
1.137 0.494 37.99 -16.37 17.38 -2.66 0.0
4.523 4.466 41.64 168.72 166.9 163.19 0.0312
0 0 0 0 0 0 0
1.419 0.421 35.5 -4.3 -3.44 13.89 0.0
4.726 4.245 39.53 153.66 163.77 168.95 0.0362
0 0 0 0 0 0 0
0.044 -0.472 41.66 -18.88 6.84 33.97 0.0
4.914 4.031 47.69 152.21 164.98 185.61 0.0415
0 0 0 0 0 0 0
0.503 -0.558 42.07 5.45 -0.71 -0.33 0.0
5.2 3.647 47.18 169.11 149.18 155.48 0.0383
0 0 0 0 0 0 0
0.989 0.94 44.82 4.8 27.11 -18.61 0.0
4.226 4.746 48.01 139.13 149.3 170.19 0.0335
0 0 0 0 0 0 0
0.255 0.065 36.31 11.38 -12.7 18.14 0.0
4.663 4.318 41.4 157.63 159.04 170.06 0.0401
0 0 0 0 0 0 0
1.14 1.014 35.37 -4.62 9.31 20.49 0.0
4.498 4.486 39.68 168.72 155.94 183.69 0.0321
0 0 0 0 0 0 0
-0.135 0.424 44.61 9.94 6.0 15.33 0.0
4.169 4.799 48.66 174.09 165.34 168.9 0.0348
0 0 0 0 0 0 0
1.924 0.449 39.1 28.73 -0.97 13.8 0.0
5.125 3.761 42.77 147.59 165.85 158.63 0.0311
0 0 0 0 0 0 0
-1.18 0.577 42.08 -7.37 8.98 -0.11 0.0
3.206 5.489 47.18 166.51 174.96 171.57 0.037
0 0 0 0 0 0 0
0.0 0.001 37.56 -8.78 5.89 -2.09 0.0
4.155 4.805 42.79 144.34 164.03 177.31 0.0411
0 0 0 0 0 0 0
-0.658 -0.813 36.13 29.67 2.65 -28.0 0.0
4.811 4.152 40.34 171.6 154.95 153.69 0.0431
0 0 0 0 0 0 0
1.252 1.142 42.26 11.54 -14.3 4.4 0.0
4.792 4.174 45.81 159.15 161.56 151.26 0.0308
0 0 0 0 0 0 0
0.109 -1.571 36.4 6.94 -2.86 -3.94 0.0
5.202 3.644 42.0 160.17 170.64 190.67 0.0431
0 0 0 0 0 0 0
-0.046 -0.991 41.23 -16.56 -6.42 -8.73 0.0
5.189 3.671 46.54 175.04 169.1 172.55 0.0397
0 0 0 0 0 0 0
-0.277 1.573 40.95 7.29 21.81 -6.37 0.0
3.473 5.318 44.11 153.44 162.16 152.93 0.0346
0 0 0 0 0 0 0
0.5 0.225 44.83 11.39 -19.67 -4.11 0.0
4.63 4.347 48.92 162.34 162.74 175.59 0.041
0 0 0 0 0 0 0
1.158 0.17 41.22 4.05 -2.99 -22.09 0.0
5.021 3.895 45.35 156.76 165.17 173.03 0.0341
0 0 0 0 0 0 0
-1.009 -1.383 36.75 13.63 -5.08 -9.84 0.0
4.469 4.512 42.22 191.32 172.2 167.88 0.0444
0 0 0 0 0 0 0
0.375 -0.278 36.52 -29.71 0.32 -13.85 0.0
4.695 4.28 41.92 161.01 171.48 167.56 0.04
0 0 0 0 0 0 0
0.954 0.07 42.51 26.42 -20.02 0.45 0.0
5.256 3.577 46.87 164.75 169.53 172.33 0.0335
0 0 0 0 0 0 0
-0.329 -0.484 38.82 -6.31 11.45 -23.83 0.0
4.498 4.483 43.54 168.19 167.23 181.89 0.0439
0 0 0 0 0 0 0
-0.905 -1.441 35.16 7.74 -8.84 20.85 0.0
4.757 4.208 41.31 172.08 164.21 175.67 0.0438
0 0 0 0 0 0 0
0.479 -0.006 35.67 -4.5 -12.85 0.77 0.0
4.812 4.144 40.53 165.67 175.86 179.84 0.0392
0 0 0 0 0 0 0
-1.684 -0.508 43.83 12.12 20.54 -10.33 0.0
3.786 5.105 49.6 167.8 172.14 177.34 0.0432
0 0 0 0 0 0 0
-0.1 1.359 43.62 -5.75 -4.07 -3.89 0.0
3.623 5.219 48.13 161.49 149.65 165.62 0.0393
0 0 0 0 0 0 0
0.567 -0.144 40.36 4.47 -21.87 3.39 0.0
5.024 3.887 45.42 166.57 164.64 165.51 0.0367
0 0 0 0 0 0 0
0.729 1.757 38.42 -7.36 -8.5 -5.5 0.0
3.541 5.278 42.16 147.59 161.28 163.95 0.0314
0 0 0 0 0 0 0
-0.898 0.598 40.67 2.6 -4.8 0.09 0.0
3.835 5.064 45.84 165.57 168.01 184.37 0.0372
0 0 0 0 0 0 0
-1.416 0.7 35.66 0.54 4.55 -25.91 0.0
3.834 5.066 41.13 172.74 173.91 164.77 0.0438
0 0 0 0 0 0 0
0.596 0.634 41.33 11.6 0.94 2.09 0.0
4.401 4.581 45.1 171.04 172.88 160.8 0.0325
0 0 0 0 0 0 0
0.891 1.647 37.95 10.18 6.85 9.29 0.0
4.314 4.664 41.22 164.78 136.6 162.46 0.0292
0 0 0 0 0 0 0
1.874 -0.323 43.7 8.22 -8.87 3.54 0.0
5.672 2.859 47.78 155.63 160.71 163.73 0.0364
0 0 0 0 0 0 0
-1.371 0.498 37.96 7.21 -13.5 13.44 0.0
3.716 5.155 43.44 157.96 156.76 190.59 0.0389
0 0 0 0 0 0 0
-0.429 1.942 35.89 -12.56 -22.21 1.66 0.0
3.734 5.14 40.51 163.32 163.31 175.87 0.0366
0 0 0 0 0 0 0
-0.089 0.682 44.6 -13.19 -5.41 -17.64 0.0
4.088 4.864 48.52 167.39 170.37 163.8 0.04
0 0 0 0 0 0 0
0.396 0.837 42.09 0.97 -8.88 -2.15 0.0
4.223 4.748 46.55 181.78 162.48 176.13 0.0345
0 0 0 0 0 0 0
0.128 0.468 44.25 5.28 14.74 -10.52 0.0
4.184 4.784 48.55 146.0 168.4 180.28 0.037
0 0 0 0 0 0 0
-0.439 -0.576 43.4 11.3 -8.16 0.36 0.0
4.366 4.616 49.03 160.97 176.83 185.72 0.0407
0 0 0 0 0 0 0
-0.315 -1.356 41.01 -8.84 -10.53 -9.69 0.0
4.95 3.991 46.14 177.72 175.34 175.58 0.0431
0 0 0 0 0 0 0
-0.344 -1.201 42.65 -25.86 -11.38 -1.32 0.0
5.033 3.884 48.64 166.94 159.25 172.34 0.0466
0 0 0 0 0 0 0
-0.68 1.467 42.72 7.73 2.01 0.68 0.0
3.46 5.332 46.99 170.9 166.52 183.65 0.0356
0 0 0 0 0 0 0
-0.789 -1.547 44.59 1.3 -13.62 30.53 0.0
4.909 4.032 51.44 166.69 159.17 178.43 0.0486
0 0 0 0 0 0 0
0.717 -0.068 40.7 -19.28 2.5 0.35 0.0
4.699 4.281 45.86 157.23 164.96 181.73 0.0375
0 0 0 0 0 0 0
-0.679 -0.575 42.27 -5.98 34.02 -18.69 0.0
3.961 4.966 47.29 175.05 161.14 170.43 0.0414
0 0 0 0 0 0 0
-0.919 -0.972 44.33 -14.27 31.49 -14.82 0.0
4.067 4.882 50.39 170.93 190.13 180.01 0.0457
0 0 0 0 0 0 0
0.678 -0.488 39.32 0.0 1.85 0.88 0.0
4.839 4.115 43.9 165.1 171.41 184.83 0.0389
0 0 0 0 0 0 0
1.202 0.828 36.8 -12.93 2.8 -2.68 0.0
4.725 4.247 40.1 157.44 150.8 172.44 0.0322
0 0 0 0 0 0 0
-1.575 -0.689 35.68 1.91 -16.94 4.42 0.0
4.577 4.407 42.48 177.49 151.95 193.11 0.0463
0 0 0 0 0 0 0
0.197 0.208 38.8 -3.36 -5.06 -27.32 0.0
4.139 4.823 43.26 146.91 158.46 175.83 0.0391
0 0 0 0 0 0 0
-0.732 0.726 44.21 -7.89 -6.46 -6.68 0.0
3.26 5.454 48.75 163.08 172.3 177.61 0.0399
0 0 0 0 0 0 0
1.103 -0.97 40.72 -34.98 -10.5 25.26 0.0
5.505 3.171 46.47 170.38 166.36 178.46 0.0382
0 0 0 0 0 0 0
-0.383 -0.252 38.62 -6.66 -8.27 1.46 0.0
4.547 4.434 43.72 169.27 176.3 180.57 0.0389
0 0 0 0 0 0 0
-0.416 0.844 44.28 4.98 -17.89 -11.03 0.0
3.729 5.143 48.94 174.9 158.38 168.88 0.0393
0 0 0 0 0 0 0
-0.763 -0.874 36.2 7.16 -13.59 -21.94 0.0
4.167 4.798 42.51 159.36 172.07 180.03 0.0462
0 0 0 0 0 0 0
0.992 -0.792 37.9 6.61 -25.57 -9.96 0.0
5.409 3.331 43.13 158.89 174.06 183.2 0.0365
0 0 0 0 0 0 0
0.372 1.001 37.96 -9.83 14.81 -5.87 0.0
3.626 5.219 41.9 145.95 151.57 162.9 0.0371
0 0 0 0 0 0 0
-0.075 -0.059 36.3 -7.69 -25.56 -12.56 0.0
4.604 4.383 40.71 180.9 139.26 177.85 0.04
0 0 0 0 0 0 0
1.125 0.049 39.02 10.58 -9.88 6.18 0.0
5.06 3.844 42.98 173.46 165.55 162.35 0.0318
0 0 0 0 0 0 0
0.299 -0.135 40.45 -24.95 13.41 6.95 0.0
3.871 5.039 45.45 150.53 176.05 160.52 0.0391
0 0 0 0 0 0 0
-0.251 0.081 39.21 -7.81 -7.2 -22.04 0.0
4.137 4.818 43.54 165.42 172.76 170.84 0.0389
0 0 0 0 0 0 0
-0.234 -0.934 36.82 -16.93 -2.63 2.9 0.0
4.492 4.497 42.54 170.74 190.7 161.71 0.044
0 0 0 0 0 0 0
1.21 0.769 41.08 -29.19 -3.26 -11.13 0.0
4.508 4.473 44.85 155.4 162.52 169.56 0.0329
0 0 0 0 0 0 0
0.001 -0.0 41.27 24.86 1.59 -0.05 0.0
4.461 4.529 45.89 174.27 183.28 167.68 0.0368
0 0 0 0 0 0 0
1.06 -0.054 37.58 17.31 12.49 14.4 0.0
4.877 4.078 41.87 167.7 172.0 171.51 0.0335
0 0 0 0 0 0 0
0.054 0.186 39.36 -14.1 15.02 14.24 0.0
4.215 4.758 43.96 155.63 178.68 164.72 0.0405
0 0 0 0 0 0 0
-1.209 -0.01 38.63 2.32 -4.47 12.17 0.0
4.012 4.925 44.64 167.51 158.65 192.85 0.0428
0 0 0 0 0 0 0
0.033 0.05 40.94 5.35 0.66 42.11 0.0
4.593 4.396 45.93 172.96 169.14 171.38 0.042
0 0 0 0 0 0 0
0.444 1.464 39.0 -36.86 6.76 -0.6 0.0
3.624 5.22 43.56 168.98 160.75 173.54 0.0361
0 0 0 0 0 0 0
-1.204 0.281 38.34 10.43 -10.25 -15.57 0.0
3.868 5.045 43.98 168.0 166.5 193.89 0.0431
0 0 0 0 0 0 0
0.15 -0.068 39.87 -0.71 -8.46 -4.5 0.0
4.55 4.44 45.04 160.66 174.07 172.94 0.0394
0 0 0 0 0 0 0
-1.588 -0.089 35.35 32.63 -14.08 14.17 0.0
3.83 5.073 41.64 164.55 181.47 187.21 0.0434
0 0 0 0 0 0 0
-1.672 -0.959 37.62 11.98 5.98 29.79 0.0
4.047 4.898 43.96 182.91 176.69 167.32 0.047
0 0 0 0 0 0 0
0.155 0.95 36.47 -14.14 -9.27 15.22 0.0
3.977 4.951 41.17 176.77 157.63 173.06 0.0362
0 0 0 0 0 0 0
-1.096 -0.36 36.89 -2.89 0.56 19.55 0.0
4.285 4.691 43.32 154.41 181.28 176.36 0.0428
0 0 0 0 0 0 0
-0.017 0.706 38.38 -7.03 -5.26 -0.43 0.0
4.358 4.626 42.84 159.1 162.84 171.94 0.0358
0 0 0 0 0 0 0
0.902 -0.396 42.53 2.9 6.08 23.58 0.0
5.08 3.814 47.38 157.88 170.56 176.27 0.0344
0 0 0 0 0 0 0
1.504 1.256 39.81 -2.69 -0.49 0.67 0.0
4.516 4.469 43.45 159.56 155.89 184.19 0.03
0 0 0 0 0 0 0
-0.75 -0.347 39.05 -23.31 -15.65 2.32 0.0
4.155 4.811 45.54 164.9 171.71 180.63 0.0454
0 0 0 0 0 0 0
-1.382 -0.574 42.55 -9.51 7.15 -12.91 0.0
4.274 4.698 48.66 179.46 157.61 179.73 0.044
0 0 0 0 0 0 0
1.115 -1.218 38.67 -20.43 19.57 3.95 0.0
5.598 3.004 43.67 159.09 143.34 187.58 0.0377
0 0 0 0 0 0 0
0.879 -0.263 42.49 4.38 -12.38 14.17 0.0
4.865 4.082 47.77 157.71 165.11 184.83 0.0407
0 0 0 0 0 0 0
0.193 0.361 42.72 -0.31 -9.21 -2.72 0.0
4.476 4.515 47.06 166.66 186.36 180.74 0.0352
0 0 0 0 0 0 0
-0.545 -0.882 38.02 -7.7 -1.28 6.63 0.0
4.77 4.199 43.65 184.59 173.25 180.29 0.0427
0 0 0 0 0 0 0
1.627 -0.829 36.3 28.58 3.59 -4.22 0.0
5.766 2.674 40.0 174.63 158.21 157.09 0.0317
0 0 0 0 0 0 0
-0.098 -0.535 38.44 0.37 -14.53 15.42 0.0
4.883 4.06 44.02 169.05 173.02 160.48 0.0441
0 0 0 0 0 0 0
-0.13 0.949 38.42 6.24 -11.52 6.06 0.0
3.928 4.99 42.96 162.65 161.99 174.61 0.0367
0 0 0 0 0 0 0
0.139 0.433 36.51 -8.02 2.59 -27.13 0.0
4.46 4.52 41.06 178.78 167.32 166.43 0.0386
0 0 0 0 0 0 0
-0.23 1.192 39.11 13.28 -22.1 -9.35 0.0
3.725 5.147 42.83 177.51 156.62 149.38 0.0348
0 0 0 0 0 0 0
-0.003 0.26 35.86 14.79 -4.42 5.83 0.0
4.402 4.584 40.79 156.68 179.77 171.28 0.0374
0 0 0 0 0 0 0
-0.38 1.018 37.08 -13.15 -21.73 13.32 0.0
4.049 4.898 41.71 171.49 168.61 174.21 0.0352
0 0 0 0 0 0 0
-1.337 -0.658 43.23 -4.66 1.31 -4.87 0.0
4.204 4.765 49.43 175.39 147.77 168.1 0.0439
0 0 0 0 0 0 0
-0.129 1.807 40.72 5.87 -12.06 0.47 0.0
3.473 5.321 44.45 173.24 160.39 154.86 0.0316
0 0 0 0 0 0 0
-0.699 -0.063 40.2 -4.3 21.34 3.46 0.0
4.012 4.93 46.03 171.5 176.06 163.4 0.0435
0 0 0 0 0 0 0
1.097 -0.704 39.39 21.44 32.12 -8.97 0.0
5.376 3.392 43.23 168.12 142.9 167.58 0.0351
0 0 0 0 0 0 0
-0.951 -0.198 43.44 17.12 4.61 -0.18 0.0
4.247 4.722 48.18 166.93 160.15 167.5 0.0437
0 0 0 0 0 0 0
0.192 0.112 37.17 -1.06 6.59 12.46 0.0
4.569 4.415 41.9 173.92 148.89 180.39 0.0375
0 0 0 0 0 0 0
-0.235 0.095 38.98 6.09 5.21 23.84 0.0
4.292 4.688 43.73 176.57 168.48 169.43 0.0388
0 0 0 0 0 0 0
-0.332 1.014 43.23 -21.96 -11.19 -7.6 0.0
3.97 4.964 47.34 173.74 167.27 159.27 0.0352
0 0 0 0 0 0 0
-0.182 -0.915 42.91 8.45 6.39 -22.26 0.0
4.88 4.064 48.27 175.44 179.19 182.38 0.0388
0 0 0 0 0 0 0
-0.886 -1.01 44.49 -13.91 2.66 -6.04 0.0
4.64 4.344 50.19 167.97 154.5 177.6 0.0447
0 0 0 0 0 0 0
-0.766 -1.184 43.1 8.21 7.44 -26.18 0.0
4.747 4.227 48.15 173.3 171.72 171.02 0.0432
0 0 0 0 0 0 0
0.036 -0.454 36.18 -4.85 8.8 10.6 0.0
4.891 4.06 41.24 197.45 166.52 176.97 0.0381
0 0 0 0 0 0 0
-0.707 -1.325 36.29 -15.61 -11.06 11.55 0.0
4.29 4.69 43.41 156.38 168.53 181.45 0.0492
0 0 0 0 0 0 0
0.348 -0.533 36.25 -17.27 -10.01 -2.34 0.0
4.924 4.016 41.11 170.28 162.57 169.36 0.0403
0 0 0 0 0 0 0
-0.712 -0.951 44.83 -24.89 -18.24 13.76 0.0
4.279 4.693 50.54 158.61 177.32 178.48 0.0436
0 0 0 0 0 0 0
-0.172 0.259 37.34 1.94 15.61 12.82 0.0
4.301 4.681 42.3 163.86 167.47 178.6 0.0395
0 0 0 0 0 0 0
1.348 -1.213 44.3 24.64 8.04 17.49 0.0
5.563 3.076 49.25 161.59 155.54 172.16 0.0393
0 0 0 0 0 0 0
0.49 0.267 35.5 -15.48 1.56 39.92 0.0
4.218 4.754 40.49 173.16 194.4 191.56 0.0369
0 0 0 0 0 0 0
0.391 0.254 39.98 -13.88 -8.39 6.59 0.0
4.545 4.444 45.21 153.56 174.56 171.67 0.0399
0 0 0 0 0 0 0
0.566 -0.024 39.25 -2.41 -4.57 -3.04 0.0
5.026 3.891 43.68 178.68 164.42 168.86 0.0354
0 0 0 0 0 0 0
-0.075 0.033 44.75 26.59 -11.83 4.4 0.0
4.906 4.039 49.6 169.33 154.4 164.62 0.0371
0 0 0 0 0 0 0
0.124 -0.168 38.76 -18.66 21.48 -4.64 0.0
4.423 4.559 43.57 182.55 167.15 179.31 0.036
0 0 0 0 0 0 0
0.144 -0.145 35.33 -13.01 2.1 -4.55 0.0
4.624 4.356 39.99 168.36 165.38 175.93 0.0398
0 0 0 0 0 0 0
-0.127 -0.034 44.41 5.76 -17.3 6.16 0.0
4.315 4.67 48.82 167.85 182.43 163.35 0.0378
0 0 0 0 0 0 0
-0.43 -1.837 41.15 4.98 3.79 3.62 0.0
5.28 3.53 46.78 175.35 177.14 168.91 0.0463
0 0 0 0 0 0 0
0.652 -0.229 39.32 6.73 5.28 -12.99 0.0
4.855 4.102 44.13 169.1 169.85 170.55 0.0382
0 0 0 0 0 0 0
0.137 -0.958 41.04 8.26 -5.07 14.35 0.0
4.926 4.015 46.26 161.39 147.43 174.73 0.0409
0 0 0 0 0 0 0
0.318 -0.718 36.85 8.95 1.64 -21.85 0.0
5.216 3.625 41.53 176.08 160.58 183.21 0.0373
0 0 0 0 0 0 0
-0.143 -1.473 41.63 9.89 -3.99 -7.73 0.0
5.256 3.565 47.28 173.16 163.12 179.02 0.044
0 0 0 0 0 0 0
0.652 1.788 38.66 -5.42 4.33 6.29 0.0
3.666 5.189 42.43 157.14 143.72 162.08 0.0315
0 0 0 0 0 0 0
0.58 0.351 41.33 13.01 -9.03 17.77 0.0
4.788 4.176 45.52 164.27 169.33 164.08 0.0355
0 0 0 0 0 0 0
0.071 -0.31 37.58 9.35 14.74 -4.55 0.0
4.694 4.288 42.73 164.77 163.33 180.75 0.0401
0 0 0 0 0 0 0
-1.048 1.071 40.92 32.92 -2.56 2.06 0.0
3.266 5.454 45.38 158.4 169.15 156.51 0.0377
0 0 0 0 0 0 0
-0.013 0.002 41.5 6.5 4.5 7.97 0.0
4.832 4.131 46.11 168.29 162.21 170.67 0.0374
0 0 0 0 0 0 0
-0.212 0.418 44.04 -5.21 10.38 2.7 0.0
3.976 4.958 48.76 149.44 170.08 185.22 0.0376
0 0 0 0 0 0 0
-0.004 0.255 39.19 -14.9 -1.52 9.57 0.0
4.3 4.683 43.86 172.95 166.47 161.92 0.0398
0 0 0 0 0 0 0
1.038 -0.29 35.98 -18.96 6.99 -1.47 0.0
4.985 3.935 40.13 171.62 169.75 163.96 0.0358
0 0 0 0 0 0 0
-1.548 1.137 41.06 2.5 -14.06 -1.62 0.0
2.48 5.85 45.02 155.75 151.36 170.99 0.0368
0 0 0 0 0 0 0
-0.001 -0.002 41.74 -3.68 15.82 3.69 0.0
4.055 4.895 46.56 159.7 167.86 175.69 0.0376
0 0 0 0 0 0 0
1.382 0.967 43.4 -0.35 0.75 4.34 0.0
4.681 4.295 47.3 144.26 153.83 165.87 0.0337
0 0 0 0 0 0 0
-0.788 -0.535 35.28 9.7 2.19 -2.65 0.0
4.292 4.691 40.49 160.71 179.04 173.73 0.042
0 0 0 0 0 0 0
0.471 -1.406 35.81 0.37 10.04 8.85 0.0
5.288 3.524 41.03 168.37 166.67 183.01 0.0384
0 0 0 0 0 0 0
0.497 0.482 42.11 1.56 2.8 -9.02 0.0
4.656 4.322 46.15 170.6 163.63 153.19 0.0352
0 0 0 0 0 0 0
0.442 1.816 44.9 0.55 20.45 3.2 0.0
3.344 5.406 48.27 143.33 164.84 161.25 0.0296
0 0 0 0 0 0 0
0.146 0.314 37.6 5.12 6.02 24.69 0.0
4.317 4.665 42.39 161.36 169.08 183.55 0.0362
0 0 0 0 0 0 0
-1.838 0.63 40.16 7.13 20.33 -14.15 0.0
3.257 5.46 44.65 174.11 178.64 159.43 0.0408
0 0 0 0 0 0 0
-0.738 -1.454 40.31 -43.96 34.11 4.49 0.0
4.105 4.851 47.0 165.21 185.96 188.92 0.042
0 0 0 0 0 0 0
0.23 -1.049 40.72 -19.0 -11.56 -18.46 0.0
4.591 4.388 46.13 153.35 180.52 182.09 0.0413
0 0 0 0 0 0 0
0.167 0.013 38.67 6.21 -23.1 7.92 0.0
5.015 3.899 43.91 170.66 159.15 168.42 0.04
0 0 0 0 0 0 0
-0.198 -0.296 40.69 11.05 8.24 -2.19 0.0
4.484 4.498 45.82 157.03 186.8 176.45 0.0383
0 0 0 0 0 0 0
-0.038 0.678 38.37 1.04 -17.88 -25.52 0.0
4.135 4.829 42.97 158.7 160.6 169.06 0.0387
0 0 0 0 0 0 0
0.053 -0.582 40.22 17.26 1.94 -22.15 0.0
4.975 3.959 44.71 168.99 172.26 172.41 0.038
0 0 0 0 0 0 0
0.275 0.98 38.32 10.48 -2.18 -15.35 0.0
4.552 4.436 42.0 174.23 165.85 171.42 0.0335
0 0 0 0 0 0 0
0.198 -0.147 35.85 11.51 17.98 7.72 0.0
4.434 4.555 40.61 162.17 156.53 163.4 0.0386
0 0 0 0 0 0 0
0.681 -1.256 35.83 -8.71 4.42 13.48 0.0
5.301 3.507 40.56 163.9 174.93 178.16 0.0387
0 0 0 0 0 0 0
-0.337 -0.898 41.77 1.91 -17.83 -38.36 0.0
4.835 4.116 46.6 165.93 173.62 173.08 0.0434
0 0 0 0 0 0 0
-0.291 -1.135 37.63 -26.12 -15.5 -22.35 0.0
5.03 3.888 43.16 169.87 156.65 183.31 0.0436
0 0 0 0 0 0 0
-0.359 -0.05 35.58 15.86 -17.07 5.15 0.0
4.596 4.393 41.14 171.51 173.54 169.07 0.0385
0 0 0 0 0 0 0
-0.567 -1.731 44.69 -7.21 -2.22 0.25 0.0
5.19 3.659 51.31 175.66 154.64 185.64 0.0452
0 0 0 0 0 0 0
-0.874 0.321 41.09 0.21 11.15 -14.91 0.0
3.722 5.146 45.4 168.16 179.28 175.74 0.0348
0 0 0 0 0 0 0
-0.319 -0.66 44.36 14.72 16.84 18.27 0.0
4.734 4.236 50.05 162.14 169.27 184.62 0.0392
0 0 0 0 0 0 0
1.104 -1.208 43.07 4.55 -11.59 7.81 0.0
5.538 3.109 47.49 175.96 163.17 185.85 0.0369
0 0 0 0 0 0 0
0.296 0.174 40.24 -26.1 13.75 13.58 0.0
4.315 4.659 44.81 152.81 166.67 192.32 0.0369
0 0 0 0 0 0 0
-0.964 -0.81 44.79 -17.3 5.01 -10.19 0.0
3.95 4.972 50.41 164.92 182.59 186.99 0.0438
0 0 0 0 0 0 0
-0.622 -1.044 43.79 14.46 0.33 14.61 0.0
4.758 4.209 49.77 177.27 174.25 171.89 0.0416
0 0 0 0 0 0 0
-0.329 -0.159 37.74 4.74 -6.87 7.79 0.0
4.436 4.552 42.02 173.48 163.7 169.91 0.0373
0 0 0 0 0 0 0
0.348 -1.357 38.6 -4.08 25.04 -6.25 0.0
4.967 3.96 44.22 175.3 158.97 172.41 0.0422
0 0 0 0 0 0 0
1.578 0.327 41.77 10.15 -0.98 3.95 0.0
5.092 3.799 45.2 153.22 166.52 166.62 0.0331
0 0 0 0 0 0 0
0.131 0.939 36.62 0.9 13.03 -11.19 0.0
3.692 5.173 41.04 149.75 168.84 183.75 0.0337
0 0 0 0 0 0 0
-0.779 1.643 37.06 26.76 -6.26 -0.75 0.0
3.725 5.148 40.69 180.89 157.02 170.91 0.0348
0 0 0 0 0 0 0
-1.01 -0.474 43.42 7.74 9.56 -7.66 0.0
4.298 4.681 48.95 159.87 151.45 166.34 0.0428
0 0 0 0 0 0 0
0.311 -1.129 36.28 -19.21 7.68 -6.42 0.0
4.673 4.308 41.6 152.58 166.74 172.73 0.0418
0 0 0 0 0 0 0
-0.252 -1.248 39.34 7.58 2.2 -16.45 0.0
5.184 3.669 44.56 175.01 171.54 173.3 0.0408
0 0 0 0 0 0 0
0.026 0.072 37.4 7.73 -12.07 -12.77 0.0
4.87 4.084 42.37 175.76 156.73 199.49 0.0373
0 0 0 0 0 0 0
-0.51 -0.176 38.53 -23.17 6.56 2.24 0.0
3.889 5.03 43.11 178.41 179.93 175.84 0.0385
0 0 0 0 0 0 0
-1.701 -0.865 39.05 8.46 5.69 4.48 0.0
4.123 4.834 45.58 176.7 165.24 197.24 0.0446
0 0 0 0 0 0 0
-0.8 1.288 40.66 -5.72 -4.58 6.07 0.0
3.316 5.423 45.24 151.28 157.12 173.13 0.0389
0 0 0 0 0 0 0
-0.254 -0.705 37.3 4.66 31.04 -2.49 0.0
4.806 4.152 41.99 173.16 145.68 153.51 0.0413
0 0 0 0 0 0 0
-0.336 0.596 41.91 12.95 -7.46 -0.37 0.0
4.155 4.806 46.72 163.32 168.48 176.18 0.0384
0 0 0 0 0 0 0
1.217 0.777 44.66 -10.52 -21.3 -11.71 0.0
4.567 4.412 48.58 152.52 158.39 175.91 0.033
0 0 0 0 0 0 0
-1.525 0.394 43.56 3.08 -0.2 0.3 0.0
3.234 5.472 49.27 160.81 194.96 177.88 0.0419
0 0 0 0 0 0 0
0.843 0.576 44.09 -11.18 22.8 13.83 0.0
4.602 4.382 48.07 151.78 156.82 162.85 0.0326
0 0 0 0 0 0 0
-0.431 -0.294 37.79 -18.45 -7.09 2.36 0.0
3.922 5.001 43.63 163.13 174.55 190.52 0.0411
0 0 0 0 0 0 0
1.124 -1.123 41.35 15.17 11.76 -4.02 0.0
5.545 3.109 45.87 170.96 162.47 193.74 0.0347
0 0 0 0 0 0 0
-1.063 -0.565 41.86 8.16 9.23 -0.35 0.0
4.264 4.707 46.81 172.09 154.02 176.65 0.0426
0 0 0 0 0 0 0
0.817 0.875 35.72 12.11 6.7 5.49 0.0
4.469 4.511 39.67 160.61 163.15 164.06 0.0343
0 0 0 0 0 0 0
-0.154 -1.525 37.23 5.44 -23.12 7.14 0.0
5.178 3.685 43.28 177.42 163.88 169.4 0.0462
0 0 0 0 0 0 0
-1.222 1.311 40.92 9.77 -17.75 -27.13 0.0
3.122 5.533 44.95 159.51 170.34 188.54 0.0384
0 0 0 0 0 0 0
-0.124 -0.904 37.63 20.36 6.06 24.5 0.0
4.958 3.979 43.6 167.13 160.89 193.53 0.0429
0 0 0 0 0 0 0
-0.012 0.428 40.74 3.79 -1.07 -28.85 0.0
4.475 4.506 44.77 159.67 171.99 171.61 0.0382
0 0 0 0 0 0 0
-0.716 -1.616 37.67 17.93 -13.14 -20.4 0.0
5.599 3.009 43.37 194.32 151.35 172.66 0.0457
0 0 0 0 0 0 0
0.41 -0.259 44.95 -6.41 5.3 19.41 0.0
4.858 4.096 49.96 166.0 157.53 169.32 0.0371
0 0 0 0 0 0 0
-0.321 1.556 38.21 11.79 7.94 -1.21 0.0
3.623 5.218 42.26 153.43 153.37 194.78 0.0334
0 0 0 0 0 0 0
-0.969 -0.974 39.0 5.07 1.36 -6.79 0.0
4.344 4.635 44.36 159.04 174.47 173.1 0.0426
0 0 0 0 0 0 0
-0.048 -0.332 35.19 15.23 -18.85 -2.18 0.0
4.749 4.217 41.16 174.37 152.47 172.62 0.0433
0 0 0 0 0 0 0
-1.377 -1.344 40.57 -5.74 -29.38 17.11 0.0
4.802 4.164 47.7 155.89 175.21 166.97 0.0494
0 0 0 0 0 0 0
-1.11 -1.109 41.05 -4.96 5.44 0.92 0.0
4.48 4.505 47.48 171.5 169.38 191.18 0.0459
0 0 0 0 0 0 0
0.582 0.377 36.81 -1.82 -6.21 -0.76 0.0
4.604 4.376 40.74 167.84 186.96 182.18 0.0319
0 0 0 0 0 0 0
-0.039 0.078 43.28 -3.6 2.46 -0.07 0.0
4.25 4.722 48.0 156.58 153.51 184.1 0.0393
0 0 0 0 0 0 0
0.655 -1.323 42.8 12.95 2.87 3.7 0.0
5.422 3.314 47.62 169.92 165.74 175.22 0.0391
0 0 0 0 0 0 0
0.443 -0.074 39.96 -21.96 0.9 -33.5 0.0
4.511 4.478 44.45 158.39 168.94 174.11 0.038
0 0 0 0 0 0 0
0.334 0.494 40.61 -24.18 -17.59 13.07 0.0
4.013 4.924 45.61 156.81 168.37 179.61 0.0397
0 0 0 0 0 0 0
1.591 -0.394 40.32 -23.75 2.96 -0.97 0.0
5.295 3.517 44.61 148.86 175.23 166.83 0.0359
0 0 0 0 0 0 0
-0.993 1.638 40.39 13.34 -15.17 -1.73 0.0
3.611 5.23 44.39 183.62 150.41 188.09 0.0365
0 0 0 0 0 0 0
1.228 -0.334 37.01 -14.85 9.5 -0.49 0.0
5.024 3.884 41.7 173.66 164.41 159.34 0.039
0 0 0 0 0 0 0
0.922 0.981 42.54 18.38 9.13 -26.12 0.0
4.573 4.412 45.99 143.7 174.57 164.38 0.0309
0 0 0 0 0 0 0
0.27 -0.045 44.57 13.46 -19.35 14.42 0.0
4.915 4.03 50.13 162.51 156.58 180.21 0.0409
0 0 0 0 0 0 0
0.262 0.551 41.07 -2.58 7.19 8.66 0.0
4.474 4.514 45.46 180.66 159.18 176.83 0.0346
0 0 0 0 0 0 0
-0.13 0.418 37.91 16.37 6.33 -13.66 0.0
4.357 4.623 42.06 169.51 153.66 168.01 0.035
0 0 0 0 0 0 0
-0.743 1.348 35.63 -24.46 -14.17 -9.23 0.0
3.389 5.375 39.48 176.21 176.93 170.98 0.0351
0 0 0 0 0 0 0
0.581 0.368 40.16 -8.92 11.07 -0.84 0.0
4.781 4.19 44.57 168.13 142.9 176.43 0.0353
0 0 0 0 0 0 0
0.006 -1.19 37.61 -2.89 2.52 -11.98 0.0
5.105 3.781 43.41 166.23 168.09 164.61 0.0402
0 0 0 0 0 0 0
-0.079 -0.165 41.35 -14.87 6.24 1.8 0.0
4.136 4.825 46.52 164.0 174.62 181.89 0.0423
0 0 0 0 0 0 0
-0.43 -0.944 44.76 -15.74 9.99 -20.19 0.0
4.529 4.462 49.85 177.37 168.49 181.37 0.0413
0 0 0 0 0 0 0
-0.04 -0.009 40.3 0.34 -0.55 4.06 0.0
4.31 4.665 45.29 143.81 162.16 184.38 0.0426
0 0 0 0 0 0 0
0.044 0.692 40.6 2.43 -22.58 10.88 0.0
4.174 4.788 45.33 165.42 165.87 173.32 0.0366
0 0 0 0 0 0 0
-1.275 -1.275 38.55 -8.24 -21.63 7.75 0.0
4.577 4.411 44.77 181.58 169.38 176.98 0.0467
0 0 0 0 0 0 0
-0.261 1.774 35.8 3.41 1.21 -4.49 0.0
3.504 5.302 39.46 160.15 153.99 175.19 0.0324
0 0 0 0 0 0 0
-0.757 -1.33 39.62 -3.65 10.82 12.64 0.0
4.692 4.291 45.21 164.62 164.74 173.87 0.0448
0 0 0 0 0 0 0
0.076 -0.392 44.24 -4.15 -10.19 -13.08 0.0
4.952 3.976 48.93 179.54 157.35 178.05 0.0396
0 0 0 0 0 0 0
1.205 -0.24 35.25 11.69 -10.9 10.4 0.0
5.239 3.601 39.84 161.08 168.17 162.23 0.0358
0 0 0 0 0 0 0
-0.031 -0.049 42.62 -15.55 9.59 3.44 0.0
4.385 4.602 47.07 166.52 179.06 163.67 0.0354
0 0 0 0 0 0 0
0.785 -0.103 36.05 -14.01 -5.75 7.78 0.0
5.005 3.914 41.19 166.06 171.25 182.99 0.0344
0 0 0 0 0 0 0
-0.305 0.152 41.83 2.84 4.42 3.21 0.0
4.313 4.664 46.91 168.47 162.37 179.29 0.0396
0 0 0 0 0 0 0
-0.981 -1.129 39.67 -15.86 8.8 -8.88 0.0
4.826 4.13 44.98 178.13 168.72 168.22 0.0444
0 0 0 0 0 0 0
-1.252 1.148 35.36 32.93 -5.62 4.41 0.0
3.439 5.339 40.32 179.45 156.94 180.67 0.0382
0 0 0 0 0 0 0
-1.288 1.174 36.95 -5.75 0.73 0.76 0.0
3.066 5.569 41.79 173.11 166.32 187.21 0.0393
0 0 0 0 0 0 0
-0.066 0.756 39.72 -4.22 11.38 7.47 0.0
3.859 5.049 43.78 165.17 174.67 163.25 0.0366
0 0 0 0 0 0 0
0.015 -1.438 37.28 1.38 -4.71 1.13 0.0
5.158 3.718 43.15 174.55 162.96 180.89 0.0425
0 0 0 0 0 0 0
0.124 0.058 38.07 2.99 -2.31 24.57 0.0
4.587 4.402 42.97 172.93 162.81 174.83 0.0369
0 0 0 0 0 0 0
-0.334 1.284 38.24 -20.44 19.53 -4.29 0.0
3.45 5.333 42.7 162.8 176.14 191.6 0.0322
0 0 0 0 0 0 0
1.683 0.572 40.52 -3.12 29.75 0.93 0.0
5.009 3.912 43.97 161.3 165.83 163.67 0.0306
0 0 0 0 0 0 0
0.256 -1.307 37.26 -3.41 -10.2 -13.35 0.0
5.264 3.558 42.37 159.07 171.12 177.9 0.0413
0 0 0 0 0 0 0
0.003 -0.754 40.39 -3.33 -23.97 -5.85 0.0
5.057 3.854 46.08 160.08 179.25 197.86 0.0417
0 0 0 0 0 0 0
1.021 0.216 39.05 -7.75 15.45 -16.18 0.0
4.833 4.122 42.48 173.32 176.14 163.8 0.0334
0 0 0 0 0 0 0
0.579 0.457 37.23 -6.23 0.07 21.09 0.0
4.555 4.432 41.64 169.56 161.26 172.61 0.0329
0 0 0 0 0 0 0
-0.272 -1.222 35.11 -5.07 -11.7 34.26 0.0
4.832 4.128 41.35 176.01 169.41 184.02 0.0416
0 0 0 0 0 0 0
0.026 -0.71 38.86 5.17 16.34 9.93 0.0
4.854 4.104 44.44 175.11 176.48 192.88 0.0395
0 0 0 0 0 0 0
0.574 -0.355 36.92 -0.19 -2.04 -21.06 0.0
5.075 3.824 41.33 164.56 174.57 164.48 0.0359
0 0 0 0 0 0 0
0.602 0.319 40.6 7.93 1.4 2.93 0.0
4.622 4.362 44.72 150.81 159.65 165.9 0.0346
0 0 0 0 0 0 0
-0.52 0.041 39.62 13.92 -0.92 -15.03 0.0
4.463 4.518 44.6 183.29 174.64 186.68 0.0398
0 0 0 0 0 0 0
-0.172 -1.363 44.13 -8.52 -10.42 18.33 0.0
5.339 3.44 50.21 172.71 166.86 180.73 0.0426
0 0 0 0 0 0 0
-1.733 -0.255 43.42 -13.36 5.26 -11.27 0.0
3.521 5.291 49.55 163.91 161.89 176.29 0.0457
0 0 0 0 0 0 0
0.926 1.147 41.0 11.77 7.23 20.83 0.0
4.256 4.72 45.0 164.43 174.55 162.29 0.0297
0 0 0 0 0 0 0
1.416 -0.553 37.89 -9.42 18.28 -4.77 0.0
5.374 3.394 42.24 162.56 153.48 168.83 0.0367
0 0 0 0 0 0 0
0.617 -0.984 36.11 14.07 14.34 -9.01 0.0
5.12 3.766 40.5 169.74 169.36 171.26 0.0375
0 0 0 0 0 0 0
-1.086 0.152 44.22 16.05 -7.89 10.69 0.0
4.003 4.936 49.81 158.57 174.28 170.32 0.0419
0 0 0 0 0 0 0
-0.69 -0.794 43.68 -5.86 -11.57 14.53 0.0
4.722 4.251 49.43 176.26 161.91 166.75 0.0432
0 0 0 0 0 0 0
0.809 -0.391 44.16 4.25 13.18 6.16 0.0
5.199 3.653 48.9 175.17 149.87 163.51 0.0354
0 0 0 0 0 0 0
-0.003 0.188 39.68 8.85 -9.09 -2.17 0.0
4.403 4.587 44.13 179.91 176.37 171.4 0.0359
0 0 0 0 0 0 0
0.4 -0.09 38.64 -3.35 8.18 4.58 0.0
4.693 4.289 43.79 156.69 166.67 172.86 0.0393
0 0 0 0 0 0 0
-0.843 -0.817 37.02 -6.11 -14.37 4.74 0.0
4.456 4.535 42.64 162.95 170.2 163.66 0.0412
0 0 0 0 0 0 0
-0.393 -1.496 37.46 1.2 16.85 19.67 0.0
4.854 4.099 44.09 168.3 174.19 197.55 0.0443
0 0 0 0 0 0 0
-0.752 -0.008 40.26 -12.41 -5.09 8.14 0.0
4.0 4.937 45.56 183.88 181.69 174.13 0.0399
0 0 0 0 0 0 0
0.633 -1.745 42.56 -2.61 -2.41 -12.38 0.0
5.517 3.153 48.01 166.31 175.01 171.88 0.0401
0 0 0 0 0 0 0
-0.043 -0.7 39.8 -25.34 -3.84 -1.43 0.0
4.627 4.356 45.74 160.97 161.16 191.22 0.04
0 0 0 0 0 0 0
-0.294 0.093 37.16 16.12 -8.77 -2.42 0.0
4.422 4.565 41.96 175.9 172.27 177.96 0.0381
0 0 0 0 0 0 0
-0.435 -1.455 40.83 -0.44 23.64 -5.75 0.0
4.811 4.15 46.84 161.84 161.66 192.37 0.044
0 0 0 0 0 0 0
1.284 -1.155 39.55 0.81 0.7 11.1 0.0
5.632 2.936 44.13 160.41 178.91 172.9 0.0346
0 0 0 0 0 0 0
0.41 1.004 39.64 -23.53 6.0 3.0 0.0
3.78 5.108 43.41 142.2 159.35 177.9 0.0351
0 0 0 0 0 0 0
-0.25 -0.239 43.64 17.38 -16.24 7.94 0.0
4.758 4.214 48.95 157.86 158.28 198.53 0.0404
0 0 0 0 0 0 0
0.869 -0.286 43.34 -8.82 7.98 32.69 0.0
5.091 3.801 49.41 160.41 153.75 193.56 0.0406
0 0 0 0 0 0 0
0.886 1.116 40.6 -4.25 -10.15 2.73 0.0
4.48 4.505 44.55 156.47 153.77 157.63 0.0348
0 0 0 0 0 0 0
-0.391 -1.495 35.31 29.06 -14.81 -4.93 0.0
5.21 3.632 40.39 173.82 172.29 168.83 0.0422
0 0 0 0 0 0 0
1.271 0.247 35.53 2.39 -7.65 5.64 0.0
4.931 4.01 39.47 153.45 169.88 171.81 0.0334
0 0 0 0 0 0 0
0.672 -0.311 43.77 2.72 19.61 -19.69 0.0
4.703 4.273 47.93 169.36 180.67 168.75 0.0356
0 0 0 0 0 0 0
0.628 -0.132 40.49 -4.1 -17.56 9.81 0.0
4.791 4.178 45.92 150.42 174.37 171.49 0.0396
0 0 0 0 0 0 0
-1.262 0.708 35.67 -5.03 5.89 -4.04 0.0
3.665 5.187 40.71 185.3 128.89 160.99 0.0406
0 0 0 0 0 0 0
-1.958 0.153 43.94 1.3 6.77 -16.6 0.0
2.458 5.863 48.92 154.51 161.52 178.11 0.0463
0 0 0 0 0 0 0
1.107 1.064 43.65 -7.58 -10.43 -3.18 0.0
4.655 4.329 47.33 168.17 174.95 165.58 0.0349
0 0 0 0 0 0 0
-0.089 1.537 38.41 3.5 -25.72 -7.33 0.0
3.61 5.228 42.28 159.57 167.62 176.99 0.0327
0 0 0 0 0 0 0
