x (mm)   y (mm)   z (mm)   vx (m/s)   vy (m/s)   vz (m/s)   time (ms)   dens
-0.968 -1.183 36.21 19.09 -12.22 15.71 0.0
4.813 4.145 42.29 172.8 172.56 166.5 0.0365
0 0 0 0 0 0 0
0.028 -1.596 38.77 12.49 -3.0 9.79 0.0
5.422 3.307 43.94 162.99 162.15 169.16 0.0344
0 0 0 0 0 0 0
-1.189 -0.5 42.95 -13.59 -2.96 -1.24 0.0
4.164 4.797 48.63 175.12 179.99 179.57 0.0344
0 0 0 0 0 0 0
-0.118 -0.166 39.53 -19.6 -4.76 -13.08 0.0
4.521 4.46 44.26 173.86 164.49 174.18 0.0312
0 0 0 0 0 0 0
1.407 -0.881 40.42 -12.89 -7.62 -5.44 0.0
5.648 2.905 44.23 183.42 173.67 168.01 0.0273
0 0 0 0 0 0 0
1.619 0.629 39.17 11.33 -1.07 8.17 0.0
4.927 4.011 42.7 185.51 186.9 174.27 0.0238
0 0 0 0 0 0 0
0.5 -1.247 44.41 -2.54 -7.1 -7.46 0.0
5.268 3.547 49.48 176.38 173.71 164.95 0.0322
0 0 0 0 0 0 0
-0.565 -1.042 39.38 3.31 8.41 -0.01 0.0
4.931 4.003 45.13 194.23 152.7 169.97 0.0358
0 0 0 0 0 0 0
-0.542 -1.408 37.11 -0.86 17.0 -10.06 0.0
4.841 4.111 42.68 181.57 176.46 181.22 0.0344
0 0 0 0 0 0 0
-0.525 -0.114 38.98 16.45 8.27 16.63 0.0
4.224 4.742 44.15 167.89 181.68 174.63 0.0324
0 0 0 0 0 0 0
-1.33 0.84 35.91 11.55 -17.03 1.82 0.0
3.451 5.333 40.66 172.4 180.81 178.25 0.0318
0 0 0 0 0 0 0
0.417 1.633 42.57 5.22 -5.72 15.91 0.0
3.994 4.938 46.23 171.14 171.94 174.66 0.0253
0 0 0 0 0 0 0
-0.489 1.546 40.73 -43.19 2.8 -4.17 0.0
3.231 5.469 44.84 165.31 172.35 182.08 0.0265
0 0 0 0 0 0 0
0.191 -0.526 44.33 12.81 -7.17 -19.74 0.0
4.978 3.943 49.04 183.7 168.96 181.39 0.0307
0 0 0 0 0 0 0
-0.229 -1.524 35.5 -8.94 -38.35 10.97 0.0
5.169 3.691 41.25 162.41 171.61 191.41 0.0349
0 0 0 0 0 0 0
0.026 0.091 35.4 -3.22 19.64 -7.43 0.0
4.526 4.457 39.92 183.76 175.17 181.98 0.029
0 0 0 0 0 0 0
-0.539 -0.275 37.63 -0.37 6.44 -5.69 0.0
4.345 4.634 42.78 178.39 171.06 160.13 0.0336
0 0 0 0 0 0 0
-0.232 0.576 36.02 12.42 3.29 -4.85 0.0
3.937 4.985 40.4 181.25 174.08 179.96 0.0282
0 0 0 0 0 0 0
1.212 -0.858 39.29 13.35 -3.43 14.74 0.0
5.34 3.437 43.82 183.1 170.98 182.17 0.0294
0 0 0 0 0 0 0
-0.182 0.142 41.2 -0.59 -21.07 -7.5 0.0
4.228 4.74 45.58 175.28 172.87 170.0 0.0299
0 0 0 0 0 0 0
0.03 -0.12 44.96 13.99 1.3 1.35 0.0
4.648 4.328 49.41 176.52 172.93 177.98 0.0299
0 0 0 0 0 0 0
-1.2 0.85 43.53 -8.82 0.27 4.63 0.0
3.252 5.457 48.33 166.64 177.73 184.3 0.0328
0 0 0 0 0 0 0
-1.804 -0.357 37.39 10.58 3.36 7.16 0.0
3.803 5.086 42.96 158.68 164.34 164.47 0.0362
0 0 0 0 0 0 0
1.6 -0.507 35.47 4.45 -7.8 6.84 0.0
5.506 3.165 39.42 171.81 178.54 178.56 0.0264
0 0 0 0 0 0 0
-0.692 1.335 40.29 12.36 0.79 15.73 0.0
3.438 5.34 44.32 182.44 160.8 165.66 0.0277
0 0 0 0 0 0 0
0.884 -1.144 35.02 19.13 -2.74 -9.83 0.0
5.339 3.44 39.65 178.02 170.04 196.21 0.0294
0 0 0 0 0 0 0
-0.046 -1.0 43.76 2.6 -4.07 28.62 0.0
4.824 4.132 48.88 180.78 180.69 176.98 0.0333
0 0 0 0 0 0 0
-0.678 0.967 42.55 28.44 3.9 5.12 0.0
3.511 5.294 46.9 181.78 178.82 160.52 0.0284
0 0 0 0 0 0 0
-0.528 -0.526 37.87 -10.5 -0.68 7.72 0.0
4.366 4.612 43.2 158.83 173.68 171.86 0.0337
0 0 0 0 0 0 0
0.29 -1.461 40.51 -4.88 -34.98 3.49 0.0
5.392 3.356 46.16 165.61 174.99 174.41 0.0354
0 0 0 0 0 0 0
-0.895 -0.548 43.24 -3.67 -27.54 8.68 0.0
4.441 4.539 48.68 168.11 164.01 177.27 0.0353
0 0 0 0 0 0 0
-0.53 -0.85 44.32 -4.81 4.13 24.21 0.0
4.591 4.391 49.69 178.32 190.78 179.38 0.0337
0 0 0 0 0 0 0
0.012 -0.892 42.63 6.74 2.42 -17.64 0.0
4.967 3.957 47.7 170.69 175.7 171.04 0.0337
0 0 0 0 0 0 0
-1.673 -0.455 37.59 -15.67 -5.49 -9.58 0.0
3.97 4.956 43.9 175.45 176.09 181.44 0.0375
0 0 0 0 0 0 0
-0.003 -0.336 36.57 6.44 4.56 1.33 0.0
4.611 4.367 41.05 173.78 186.7 175.64 0.0299
0 0 0 0 0 0 0
-0.593 -0.364 44.44 -16.88 32.59 -18.82 0.0
4.002 4.933 49.31 182.1 183.06 169.01 0.0329
0 0 0 0 0 0 0
-0.729 0.46 38.72 0.19 22.88 -20.62 0.0
3.8 5.09 43.18 164.92 171.2 192.94 0.0301
0 0 0 0 0 0 0
0.466 -1.353 40.2 3.46 31.32 10.67 0.0
5.334 3.451 44.8 183.69 177.8 179.19 0.0311
0 0 0 0 0 0 0
1.392 1.432 36.05 8.29 8.24 -1.41 0.0
4.462 4.52 39.0 164.28 184.39 178.52 0.0208
0 0 0 0 0 0 0
-0.018 -0.008 41.31 21.81 23.91 1.17 0.0
4.421 4.559 45.77 179.19 176.9 183.49 0.0294
0 0 0 0 0 0 0
-1.977 -0.149 44.67 -33.62 -2.83 3.57 0.0
3.483 5.311 50.2 179.11 169.25 180.45 0.0369
0 0 0 0 0 0 0
0.083 -0.982 35.66 -22.64 5.19 24.52 0.0
4.928 4.006 40.67 164.06 171.51 168.62 0.0335
0 0 0 0 0 0 0
-1.03 0.318 36.91 -15.41 10.08 7.96 0.0
3.61 5.225 42.17 168.74 163.91 165.96 0.0326
0 0 0 0 0 0 0
0.405 1.109 37.21 -13.29 8.51 -6.86 0.0
4.002 4.931 40.91 181.31 178.99 172.85 0.025
0 0 0 0 0 0 0
-0.026 -0.001 40.74 10.67 -1.85 -4.66 0.0
4.504 4.48 45.37 184.83 190.56 172.06 0.0284
0 0 0 0 0 0 0
-1.245 0.251 42.11 -6.1 8.57 -23.79 0.0
3.708 5.158 46.89 190.91 169.94 174.82 0.0335
0 0 0 0 0 0 0
0.218 0.408 37.39 16.42 -5.14 6.14 0.0
4.396 4.583 41.52 166.18 165.33 174.55 0.0272
0 0 0 0 0 0 0
0.276 1.266 35.12 -5.49 5.49 10.29 0.0
3.865 5.039 38.84 179.96 173.09 176.41 0.0247
0 0 0 0 0 0 0
-0.096 -0.08 36.48 1.27 5.92 -14.36 0.0
4.295 4.679 41.23 169.29 176.54 164.63 0.0303
0 0 0 0 0 0 0
0.648 0.28 36.67 -10.06 -5.68 2.53 0.0
4.758 4.209 40.91 171.7 167.84 191.27 0.0274
0 0 0 0 0 0 0
0.217 1.681 41.3 5.43 -1.78 6.5 0.0
3.705 5.16 44.97 165.34 190.38 172.14 0.0235
0 0 0 0 0 0 0
-0.14 -0.003 40.26 -10.69 -4.53 6.99 0.0
4.359 4.621 45.04 164.36 176.76 173.56 0.0304
0 0 0 0 0 0 0
-0.04 0.249 38.21 14.4 1.9 13.31 0.0
4.392 4.589 42.84 170.66 169.77 192.13 0.0296
0 0 0 0 0 0 0
0.753 0.632 35.45 -12.08 -21.32 10.17 0.0
4.553 4.427 39.59 190.18 156.75 178.97 0.0268
0 0 0 0 0 0 0
-1.339 -0.978 43.52 10.89 -8.29 -0.46 0.0
4.591 4.387 49.44 178.86 169.86 169.73 0.0365
0 0 0 0 0 0 0
0.677 1.718 40.8 -13.11 5.61 1.48 0.0
4.016 4.922 44.06 170.5 166.35 160.44 0.0233
0 0 0 0 0 0 0
-0.084 0.055 37.77 34.87 -7.04 -6.63 0.0
4.518 4.466 42.23 191.33 194.85 171.15 0.0296
0 0 0 0 0 0 0
-0.963 -0.439 43.72 -9.39 -12.67 3.8 0.0
4.208 4.759 49.26 187.1 168.62 163.29 0.0345
0 0 0 0 0 0 0
-0.296 0.374 40.26 -9.47 -17.23 14.01 0.0
4.326 4.65 45.05 170.16 164.41 182.26 0.0307
0 0 0 0 0 0 0
-1.304 0.419 39.09 9.03 8.52 8.48 0.0
3.615 5.221 44.26 177.3 173.6 176.34 0.0334
0 0 0 0 0 0 0
-0.637 -1.407 37.03 -1.79 -10.45 15.09 0.0
4.766 4.2 42.91 159.58 175.94 174.48 0.0354
0 0 0 0 0 0 0
-1.797 0.405 44.72 -4.33 -25.36 10.22 0.0
3.242 5.463 49.92 170.71 173.35 180.27 0.0337
0 0 0 0 0 0 0
0.742 -0.737 40.16 1.82 2.87 -8.22 0.0
5.16 3.704 44.39 182.77 176.65 185.6 0.0298
0 0 0 0 0 0 0
0.003 0.168 37.49 -17.33 -5.93 6.65 0.0
4.364 4.615 41.94 185.31 164.87 167.88 0.03
0 0 0 0 0 0 0
-0.469 1.377 39.34 7.82 11.22 10.27 0.0
3.537 5.275 43.48 173.15 176.33 199.68 0.0273
0 0 0 0 0 0 0
-0.239 -0.608 43.35 2.41 -6.27 -7.08 0.0
4.652 4.326 48.39 168.1 171.05 179.1 0.0325
0 0 0 0 0 0 0
-0.268 0.082 41.06 -9.72 14.01 6.71 0.0
4.307 4.67 45.77 167.3 175.22 178.92 0.0303
0 0 0 0 0 0 0
-1.037 -0.613 43.75 -1.51 28.22 -1.43 0.0
4.303 4.673 49.51 169.93 175.86 167.57 0.0363
0 0 0 0 0 0 0
0.183 0.248 42.13 6.52 -6.78 10.61 0.0
4.478 4.504 46.78 164.6 172.32 170.92 0.0302
0 0 0 0 0 0 0
0.179 -0.224 38.19 -17.98 1.9 -18.03 0.0
4.653 4.322 43.11 168.85 155.68 173.52 0.0313
0 0 0 0 0 0 0
0.124 -0.865 44.99 5.4 -7.71 -2.94 0.0
5.047 3.858 50.33 171.57 166.37 182.93 0.0332
0 0 0 0 0 0 0
-0.291 -1.863 36.97 7.55 -10.29 -3.36 0.0
5.216 3.626 42.63 183.25 169.6 170.67 0.0348
0 0 0 0 0 0 0
0.193 0.361 41.81 4.35 5.72 5.05 0.0
4.366 4.614 46.21 165.75 190.0 164.96 0.028
0 0 0 0 0 0 0
0.542 0.085 44.0 4.92 2.07 -7.61 0.0
4.787 4.175 48.17 174.81 171.15 198.17 0.0304
0 0 0 0 0 0 0
-0.061 -0.753 40.49 -15.0 19.91 -27.11 0.0
4.704 4.269 45.37 184.3 173.65 165.79 0.0333
0 0 0 0 0 0 0
-0.447 -0.096 39.76 -6.19 16.65 3.06 0.0
4.221 4.745 44.75 187.49 173.92 173.11 0.0322
0 0 0 0 0 0 0
-0.429 0.901 42.06 24.33 14.3 -31.27 0.0
3.875 5.032 46.14 180.12 172.91 167.52 0.0285
0 0 0 0 0 0 0
0.276 -0.1 38.21 16.95 20.1 11.07 0.0
4.789 4.173 42.79 166.79 173.42 169.53 0.0291
0 0 0 0 0 0 0
1.447 0.045 40.33 -14.09 -0.53 -21.73 0.0
5.196 3.654 44.14 170.59 181.66 170.74 0.0253
0 0 0 0 0 0 0
-0.029 -1.857 37.0 -1.42 -2.7 12.47 0.0
5.229 3.606 42.52 175.92 175.86 188.48 0.0345
0 0 0 0 0 0 0
0.596 -0.045 44.18 17.48 9.48 3.29 0.0
4.859 4.092 48.44 178.62 163.31 175.32 0.028
0 0 0 0 0 0 0
0.115 -0.143 39.06 -7.86 -24.72 -10.0 0.0
4.736 4.233 43.96 180.24 162.81 178.33 0.0327
0 0 0 0 0 0 0
-0.575 -0.719 36.58 6.76 -12.92 7.01 0.0
4.651 4.323 42.33 178.33 173.74 162.19 0.0346
0 0 0 0 0 0 0
0.438 0.681 41.84 -10.49 -11.73 -5.13 0.0
4.312 4.662 46.0 177.98 181.11 180.14 0.0277
0 0 0 0 0 0 0
0.056 -1.876 41.02 -6.26 7.97 -16.51 0.0
5.416 3.316 46.52 164.33 170.64 175.73 0.0354
0 0 0 0 0 0 0
1.619 1.12 43.9 4.72 -4.99 20.57 0.0
4.816 4.141 47.21 185.29 172.15 183.21 0.023
0 0 0 0 0 0 0
-0.571 1.658 42.58 -19.46 12.68 -9.39 0.0
3.075 5.556 46.44 168.65 173.46 177.0 0.0275
0 0 0 0 0 0 0
-0.016 -0.036 35.63 -11.23 12.39 1.61 0.0
4.653 4.325 40.17 176.59 154.86 182.4 0.0293
0 0 0 0 0 0 0
0.406 0.436 38.34 -0.52 -31.17 7.52 0.0
4.425 4.555 42.57 164.94 173.65 189.46 0.0279
0 0 0 0 0 0 0
0.261 -1.285 35.17 -15.81 -7.17 -16.08 0.0
5.143 3.73 40.11 170.47 188.8 185.31 0.0326
0 0 0 0 0 0 0
0.154 0.3 38.53 -7.25 -25.16 6.1 0.0
4.447 4.534 42.94 185.26 173.77 196.17 0.0284
0 0 0 0 0 0 0
-0.186 -1.878 40.58 -3.53 5.73 -8.44 0.0
5.411 3.325 46.16 161.05 179.7 183.69 0.0358
0 0 0 0 0 0 0
0.008 1.184 43.13 -2.96 16.43 4.91 0.0
3.981 4.949 47.0 178.98 179.83 183.81 0.0261
0 0 0 0 0 0 0
-0.049 -1.367 41.06 15.79 -5.44 2.05 0.0
5.089 3.799 46.15 182.72 162.65 172.66 0.0342
0 0 0 0 0 0 0
0.027 -0.065 43.31 -17.87 30.56 -10.24 0.0
4.54 4.44 47.95 174.61 173.59 177.79 0.0293
0 0 0 0 0 0 0
-0.878 0.437 36.37 -7.95 14.51 8.14 0.0
3.969 4.958 41.63 196.84 171.91 180.99 0.0312
0 0 0 0 0 0 0
-0.197 0.504 39.95 -3.03 4.22 -6.67 0.0
4.129 4.827 44.67 161.3 173.97 177.69 0.0305
0 0 0 0 0 0 0
-1.094 0.245 39.09 -13.97 -21.04 20.97 0.0
3.848 5.054 44.21 178.08 165.55 174.64 0.0329
0 0 0 0 0 0 0
-1.792 -0.479 42.82 21.49 -2.9 1.61 0.0
3.858 5.044 48.74 172.41 157.5 175.61 0.0368
0 0 0 0 0 0 0
0.393 1.151 42.39 -11.39 2.41 -1.59 0.0
4.015 4.92 46.24 178.44 176.48 172.76 0.0255
0 0 0 0 0 0 0
0.755 0.583 38.95 -6.65 14.23 23.04 0.0
4.556 4.425 43.2 170.86 171.62 172.09 0.027
0 0 0 0 0 0 0
-0.406 0.57 38.45 10.15 -0.97 -16.71 0.0
4.179 4.784 42.84 170.14 179.33 195.47 0.0291
0 0 0 0 0 0 0
1.102 -1.623 44.59 -4.58 -10.31 -3.29 0.0
5.69 2.82 49.26 184.93 169.27 183.92 0.0307
0 0 0 0 0 0 0
0.304 -0.961 37.28 -13.77 19.88 -9.46 0.0
5.107 3.777 42.05 176.2 171.75 176.19 0.0322
0 0 0 0 0 0 0
-1.882 0.647 42.35 -4.44 5.18 -9.48 0.0
3.104 5.543 47.03 162.85 178.98 175.12 0.0317
0 0 0 0 0 0 0
-0.135 -0.084 38.38 7.96 11.36 4.17 0.0
4.51 4.474 42.91 185.11 181.1 154.03 0.0305
0 0 0 0 0 0 0
0.86 0.062 39.51 6.08 8.38 -5.18 0.0
4.892 4.052 43.59 174.18 152.15 184.47 0.0279
0 0 0 0 0 0 0
1.334 0.118 44.17 -11.19 23.61 -8.82 0.0
4.987 3.934 47.97 163.23 178.15 162.45 0.0257
0 0 0 0 0 0 0
1.866 -0.485 43.75 6.28 -14.23 -24.78 0.0
5.531 3.125 47.47 177.03 157.09 168.8 0.0249
0 0 0 0 0 0 0
-0.768 0.975 35.41 19.88 -11.83 -9.89 0.0
3.79 5.096 40.19 161.21 148.69 177.93 0.0308
0 0 0 0 0 0 0
0.539 1.674 43.72 -8.84 8.42 -7.35 0.0
3.906 5.007 47.35 166.94 168.82 162.23 0.0237
0 0 0 0 0 0 0
1.058 -1.108 40.84 -14.99 -7.62 13.44 0.0
5.38 3.378 45.5 160.98 186.52 173.14 0.0295
0 0 0 0 0 0 0
0.129 1.076 38.8 -11.16 2.02 -11.19 0.0
3.911 5.005 42.86 175.59 179.45 190.4 0.0264
0 0 0 0 0 0 0
1.855 -0.137 39.16 -1.37 1.0 -8.06 0.0
5.256 3.564 42.7 159.91 165.64 181.74 0.0251
0 0 0 0 0 0 0
0.885 -0.472 35.03 -12.73 -7.0 -0.85 0.0
5.162 3.703 39.23 181.06 177.79 164.95 0.0282
0 0 0 0 0 0 0
0.379 0.155 43.29 0.57 -4.08 0.52 0.0
4.527 4.454 47.37 183.93 188.25 192.68 0.0284
0 0 0 0 0 0 0
-0.021 -0.055 36.3 6.29 -10.59 -15.35 0.0
4.276 4.697 41.16 166.46 169.04 203.68 0.0303
0 0 0 0 0 0 0
-1.182 -1.236 44.29 -13.61 -19.58 -19.54 0.0
4.66 4.317 50.61 174.56 183.91 170.02 0.039
0 0 0 0 0 0 0
1.934 -0.256 41.28 1.8 25.1 10.03 0.0
5.359 3.406 44.73 177.77 174.53 166.65 0.0245
0 0 0 0 0 0 0
-0.409 0.114 37.95 15.17 -2.41 15.37 0.0
4.395 4.584 42.9 180.84 179.66 178.4 0.0323
0 0 0 0 0 0 0
-0.091 0.263 36.69 18.37 -30.63 -3.18 0.0
4.486 4.496 41.12 172.69 175.23 172.43 0.0294
0 0 0 0 0 0 0
0.066 -0.616 37.5 -22.17 -3.24 -5.7 0.0
4.622 4.355 42.69 166.04 171.49 184.64 0.0324
0 0 0 0 0 0 0
0.814 0.474 41.71 20.03 17.04 3.92 0.0
4.666 4.309 45.59 184.27 157.97 181.16 0.0261
0 0 0 0 0 0 0
-0.244 -0.448 40.26 -7.05 -4.44 -13.3 0.0
4.678 4.296 45.07 170.66 182.18 175.31 0.0323
0 0 0 0 0 0 0
0.776 1.05 41.03 7.72 15.21 -8.03 0.0
4.106 4.847 44.7 170.04 175.26 170.41 0.0242
0 0 0 0 0 0 0
-0.883 0.694 42.8 -3.62 -9.73 4.06 0.0
3.521 5.287 47.55 169.57 180.95 166.63 0.0301
0 0 0 0 0 0 0
0.374 -0.321 43.08 -19.44 5.41 -19.84 0.0
4.763 4.203 47.88 169.76 162.21 195.07 0.0306
0 0 0 0 0 0 0
1.106 1.129 40.22 -9.39 -3.51 -18.07 0.0
4.456 4.526 43.77 171.53 144.16 169.5 0.0246
0 0 0 0 0 0 0
0.028 0.039 39.71 14.17 -6.58 -5.41 0.0
4.543 4.438 44.09 154.5 171.21 164.34 0.03
0 0 0 0 0 0 0
1.304 -0.164 44.63 -7.98 6.2 -4.39 0.0
5.031 3.877 48.63 164.56 171.23 167.07 0.0266
0 0 0 0 0 0 0
-0.634 -1.501 38.63 -32.11 -17.46 27.32 0.0
4.945 3.986 44.77 187.61 166.44 168.88 0.0371
0 0 0 0 0 0 0
1.176 0.595 44.97 -4.13 3.22 0.32 0.0
4.882 4.065 48.93 171.79 177.15 181.57 0.0261
0 0 0 0 0 0 0
-0.593 0.81 38.56 -8.86 34.12 -0.49 0.0
3.697 5.163 42.95 169.32 187.6 173.44 0.0292
0 0 0 0 0 0 0
-0.994 0.173 36.28 -28.25 10.04 -16.25 0.0
3.814 5.078 41.29 180.34 167.8 178.79 0.0324
0 0 0 0 0 0 0
-0.588 0.259 36.12 27.34 2.61 3.64 0.0
4.109 4.845 40.72 185.72 175.94 160.23 0.03
0 0 0 0 0 0 0
-1.823 0.19 44.79 5.95 -4.41 2.62 0.0
3.374 5.381 50.23 176.3 173.19 173.21 0.0355
0 0 0 0 0 0 0
1.346 -0.641 38.34 2.41 0.76 -10.37 0.0
5.323 3.466 42.76 176.95 183.45 193.66 0.0277
0 0 0 0 0 0 0
-0.166 0.368 36.71 14.28 -25.14 7.07 0.0
4.275 4.696 41.36 169.16 173.58 179.93 0.03
0 0 0 0 0 0 0
-0.103 -0.057 38.44 2.89 -1.57 7.29 0.0
4.421 4.561 42.93 170.31 201.36 173.78 0.0295
0 0 0 0 0 0 0
1.402 -0.827 37.61 12.29 -7.16 8.95 0.0
5.5 3.175 41.71 161.47 175.26 180.11 0.0274
0 0 0 0 0 0 0
-0.129 0.722 36.32 1.58 9.87 1.26 0.0
4.08 4.869 40.92 174.96 174.5 180.46 0.0278
0 0 0 0 0 0 0
0.159 0.092 40.77 0.29 -12.02 1.21 0.0
4.549 4.431 45.18 178.55 176.62 182.47 0.0299
0 0 0 0 0 0 0
-0.069 0.166 43.98 11.13 -1.18 23.95 0.0
4.47 4.512 48.7 184.05 174.28 189.42 0.03
0 0 0 0 0 0 0
0.002 0.009 44.81 -3.28 -11.29 -14.82 0.0
4.484 4.497 49.1 160.29 180.24 173.18 0.0291
0 0 0 0 0 0 0
-0.844 0.257 42.18 1.04 -17.22 -12.23 0.0
4.031 4.908 47.09 170.5 163.09 170.5 0.0333
0 0 0 0 0 0 0
-0.342 0.813 37.41 -1.85 -11.13 -16.33 0.0
4.0 4.933 41.89 164.83 156.72 168.55 0.029
0 0 0 0 0 0 0
0.798 -0.325 44.53 3.64 5.51 0.47 0.0
5.032 3.875 48.76 157.99 172.93 180.8 0.0286
0 0 0 0 0 0 0
1.273 0.354 40.31 -5.43 20.59 -12.43 0.0
4.936 3.997 43.98 152.08 177.96 165.32 0.0257
0 0 0 0 0 0 0
-0.398 0.335 43.68 25.45 6.94 -5.28 0.0
3.883 5.027 48.14 172.48 177.15 180.33 0.0297
0 0 0 0 0 0 0
1.142 0.819 36.91 -5.61 -8.17 -4.81 0.0
4.731 4.239 40.52 170.86 162.07 172.5 0.0253
0 0 0 0 0 0 0
-1.397 -0.286 38.58 10.78 -12.27 6.63 0.0
4.164 4.796 44.08 170.68 168.11 177.05 0.0356
0 0 0 0 0 0 0
0.046 -0.124 42.69 17.13 -0.12 22.05 0.0
4.584 4.395 47.5 165.6 174.33 182.34 0.0295
0 0 0 0 0 0 0
1.282 -0.053 40.07 1.53 -5.07 6.09 0.0
5.074 3.822 44.13 181.5 166.88 179.1 0.0263
0 0 0 0 0 0 0
-0.284 -1.306 41.47 8.44 19.55 -5.03 0.0
4.849 4.101 46.71 174.38 183.77 171.45 0.0338
0 0 0 0 0 0 0
-0.662 -0.598 35.83 -5.5 1.99 3.07 0.0
4.303 4.671 41.04 146.89 173.7 180.29 0.0337
0 0 0 0 0 0 0
-0.001 -0.007 41.74 -10.67 7.42 10.0 0.0
4.461 4.522 46.3 164.33 178.6 180.7 0.0307
0 0 0 0 0 0 0
1.277 -0.73 38.84 -7.05 0.46 5.98 0.0
5.423 3.305 43.19 169.93 157.43 178.8 0.0275
0 0 0 0 0 0 0
0.171 -0.528 41.24 5.17 -13.1 -8.26 0.0
4.891 4.053 46.14 166.65 184.87 165.19 0.0319
0 0 0 0 0 0 0
0.697 -0.106 41.07 19.93 42.37 9.5 0.0
4.84 4.115 45.21 162.01 174.42 179.67 0.029
0 0 0 0 0 0 0
1.223 0.932 37.33 5.91 16.47 -8.19 0.0
4.625 4.352 40.75 159.89 171.22 181.0 0.024
0 0 0 0 0 0 0
-0.478 1.545 35.56 12.94 -2.27 4.05 0.0
3.304 5.423 39.72 176.16 176.52 183.39 0.0267
0 0 0 0 0 0 0
-0.462 0.026 41.89 -5.57 -18.52 11.71 0.0
4.237 4.732 47.09 178.46 177.84 180.68 0.0324
0 0 0 0 0 0 0
-1.798 -0.201 37.61 -0.27 -0.19 -11.65 0.0
3.63 5.211 43.2 177.83 167.52 178.46 0.0351
0 0 0 0 0 0 0
0.351 -0.206 36.5 1.3 17.12 13.29 0.0
4.689 4.282 41.13 181.25 169.29 180.17 0.0295
0 0 0 0 0 0 0
-0.296 1.101 37.94 -0.97 20.69 5.24 0.0
3.799 5.09 42.1 163.74 171.38 182.16 0.0265
0 0 0 0 0 0 0
0.357 -0.276 37.99 12.32 -30.46 9.75 0.0
4.947 3.984 42.6 180.23 173.37 195.41 0.0306
0 0 0 0 0 0 0
0.532 -0.426 36.87 10.94 10.73 7.56 0.0
4.958 3.97 41.1 174.62 168.71 189.16 0.029
0 0 0 0 0 0 0
-0.288 0.917 35.25 6.17 21.68 -6.5 0.0
3.818 5.074 39.12 156.95 170.07 160.49 0.0272
0 0 0 0 0 0 0
-0.435 -0.501 43.85 21.9 6.95 -4.16 0.0
4.601 4.38 49.04 175.73 166.87 184.4 0.0319
0 0 0 0 0 0 0
-1.018 -0.606 42.27 -1.27 -1.42 2.31 0.0
4.229 4.738 48.0 178.8 181.21 181.17 0.0347
0 0 0 0 0 0 0
0.486 0.337 36.12 12.53 28.84 3.36 0.0
4.591 4.389 40.4 179.14 161.97 189.15 0.0279
0 0 0 0 0 0 0
0.1 0.129 37.64 -31.59 1.27 -2.02 0.0
4.218 4.748 41.94 172.52 175.82 163.3 0.0308
0 0 0 0 0 0 0
-0.304 -0.512 43.31 4.04 -1.06 -13.22 0.0
4.671 4.306 48.29 190.95 166.13 172.82 0.0336
0 0 0 0 0 0 0
-0.025 0.153 44.63 17.79 -4.51 4.21 0.0
4.655 4.322 49.5 155.85 173.54 181.91 0.0307
0 0 0 0 0 0 0
0.3 -0.656 38.46 -0.14 -0.42 11.87 0.0
5.008 3.904 43.87 164.65 163.28 199.71 0.0315
0 0 0 0 0 0 0
-0.801 0.618 35.87 -15.65 -20.27 -5.01 0.0
3.704 5.161 40.51 168.74 168.32 174.58 0.029
0 0 0 0 0 0 0
-1.024 0.434 44.76 15.1 -5.99 0.97 0.0
3.616 5.221 49.84 164.36 184.19 175.7 0.0316
0 0 0 0 0 0 0
-0.47 -1.252 43.14 5.58 27.09 -16.52 0.0
4.852 4.099 48.62 163.32 177.11 182.09 0.0361
0 0 0 0 0 0 0
1.159 -0.167 42.16 -28.27 -0.63 -23.1 0.0
5.062 3.834 46.29 177.09 155.83 174.84 0.0271
0 0 0 0 0 0 0
0.115 -0.568 41.29 -5.28 -0.34 -5.79 0.0
4.753 4.212 46.16 187.69 188.24 178.26 0.0313
0 0 0 0 0 0 0
-0.266 1.316 44.56 13.44 9.19 -15.05 0.0
3.85 5.051 48.6 164.0 170.9 165.32 0.0274
0 0 0 0 0 0 0
-0.072 0.112 41.69 -25.93 -0.27 -3.11 0.0
4.26 4.712 46.47 163.7 167.68 189.72 0.0306
0 0 0 0 0 0 0
-0.392 0.379 43.1 9.64 -4.43 7.84 0.0
4.199 4.765 47.92 176.08 164.76 178.71 0.0314
0 0 0 0 0 0 0
0.03 0.119 43.38 7.54 14.49 -8.08 0.0
4.401 4.579 48.05 168.1 175.04 174.29 0.03
0 0 0 0 0 0 0
1.24 -0.672 37.65 7.99 -8.17 8.65 0.0
5.419 3.315 42.16 164.35 172.64 180.6 0.0282
0 0 0 0 0 0 0
-0.117 -0.477 37.93 -4.95 29.14 -1.37 0.0
4.619 4.359 43.02 182.23 154.77 190.72 0.0306
0 0 0 0 0 0 0
0.015 -0.055 43.79 -5.88 -9.08 17.83 0.0
4.359 4.619 48.97 168.53 156.49 171.64 0.0328
0 0 0 0 0 0 0
1.65 -0.989 35.47 24.66 5.8 21.19 0.0
5.711 2.776 39.36 172.97 177.26 178.01 0.0256
0 0 0 0 0 0 0
-1.336 -0.242 37.5 -8.07 10.05 -23.03 0.0
3.935 4.986 43.18 167.72 178.45 187.58 0.0358
0 0 0 0 0 0 0
-0.193 0.083 44.61 5.21 3.58 18.82 0.0
4.261 4.71 49.43 175.15 170.97 170.47 0.0293
0 0 0 0 0 0 0
1.364 0.14 41.47 -17.25 21.04 -6.91 0.0
5.031 3.879 45.26 165.67 168.76 186.46 0.0259
0 0 0 0 0 0 0
0.01 -0.035 43.59 -11.05 -1.8 -1.92 0.0
4.366 4.613 48.2 162.9 160.46 171.72 0.0307
0 0 0 0 0 0 0
-0.501 1.696 38.48 -2.61 12.54 -16.15 0.0
3.311 5.421 42.1 164.01 177.84 173.47 0.0261
0 0 0 0 0 0 0
-0.411 -0.042 37.82 -13.81 18.62 -6.65 0.0
4.26 4.712 42.89 193.55 172.42 167.36 0.0314
0 0 0 0 0 0 0
0.316 -1.06 40.91 4.34 28.79 6.05 0.0
4.987 3.932 45.8 178.79 193.57 170.54 0.0323
0 0 0 0 0 0 0
0.535 -1.385 44.48 15.28 17.48 -10.33 0.0
5.26 3.563 49.45 177.89 163.73 170.75 0.0327
0 0 0 0 0 0 0
-0.468 -1.054 38.72 -4.23 -1.96 -14.16 0.0
4.927 4.008 44.4 165.23 185.07 174.57 0.0357
0 0 0 0 0 0 0
-0.268 -0.343 41.31 -5.0 -4.08 5.23 0.0
4.533 4.448 46.31 173.26 180.68 167.97 0.0328
0 0 0 0 0 0 0
0.821 -0.277 40.6 16.34 0.21 -3.6 0.0
5.125 3.751 44.87 181.95 163.1 187.21 0.028
0 0 0 0 0 0 0
-0.013 -0.079 40.27 -17.89 -19.64 -21.52 0.0
4.417 4.564 44.87 178.44 178.92 179.15 0.0294
0 0 0 0 0 0 0
1.151 1.135 40.04 5.79 -5.43 -2.46 0.0
4.598 4.381 43.45 172.64 174.72 170.76 0.0233
0 0 0 0 0 0 0
0.192 -0.575 41.88 -2.22 0.17 -7.62 0.0
4.858 4.09 46.48 177.57 176.75 172.02 0.0314
0 0 0 0 0 0 0
-0.704 -0.804 39.38 6.75 8.95 -11.71 0.0
4.705 4.266 44.93 162.61 162.19 192.58 0.0346
0 0 0 0 0 0 0
0.763 0.539 39.24 0.28 -20.19 -0.88 0.0
4.517 4.465 43.22 158.57 167.02 171.54 0.0276
0 0 0 0 0 0 0
0.014 0.027 37.42 -0.07 1.42 -0.61 0.0
4.58 4.4 42.06 175.05 159.82 181.36 0.0303
0 0 0 0 0 0 0
0.162 0.874 39.52 4.69 -16.67 30.96 0.0
4.143 4.814 43.54 167.25 185.55 181.38 0.0266
0 0 0 0 0 0 0
-1.245 0.048 43.49 10.01 0.36 -10.27 0.0
3.9 5.014 48.51 167.76 156.09 181.77 0.0331
0 0 0 0 0 0 0
1.533 -0.04 43.69 7.91 -5.35 3.01 0.0
5.144 3.727 47.65 166.23 187.36 170.68 0.0255
0 0 0 0 0 0 0
0.065 -1.933 42.41 -1.91 5.04 -23.85 0.0
5.337 3.443 47.86 164.52 184.31 174.86 0.034
0 0 0 0 0 0 0
0.466 -0.284 39.6 -1.89 -18.92 18.13 0.0
4.864 4.085 44.1 175.88 183.31 163.97 0.03
0 0 0 0 0 0 0
-1.35 0.196 39.92 20.01 -21.22 1.1 0.0
3.752 5.123 45.58 170.76 170.44 185.7 0.0337
0 0 0 0 0 0 0
1.009 -0.563 42.28 -2.08 -16.92 12.72 0.0
5.176 3.683 46.56 177.81 171.44 178.27 0.0283
0 0 0 0 0 0 0
0.818 -1.732 36.95 9.89 5.68 -37.38 0.0
5.58 3.034 41.78 187.68 164.51 174.41 0.033
0 0 0 0 0 0 0
-0.182 -1.814 36.66 -45.33 -3.08 -0.62 0.0
5.049 3.854 42.57 186.96 176.32 179.1 0.0377
0 0 0 0 0 0 0
-0.409 -1.673 35.13 7.31 3.2 -1.9 0.0
5.221 3.617 40.58 180.56 161.83 180.69 0.0354
0 0 0 0 0 0 0
-0.014 1.04 42.69 -9.91 -1.64 18.4 0.0
4.0 4.934 47.16 176.59 171.82 178.9 0.0277
0 0 0 0 0 0 0
0.262 -1.886 35.83 4.68 5.79 -7.75 0.0
5.266 3.549 41.5 163.68 169.78 191.52 0.0346
0 0 0 0 0 0 0
0.176 1.814 40.02 -13.0 2.41 2.45 0.0
3.684 5.174 43.6 175.25 170.95 157.57 0.0244
0 0 0 0 0 0 0
-0.93 1.061 38.15 22.27 0.41 1.54 0.0
3.439 5.34 42.81 182.92 179.72 177.04 0.0313
0 0 0 0 0 0 0
0.096 0.388 37.69 -12.63 26.83 12.27 0.0
4.122 4.831 41.94 165.14 169.85 172.55 0.0278
0 0 0 0 0 0 0
0.494 0.15 38.62 17.97 -16.41 -14.88 0.0
4.782 4.179 42.92 181.2 161.63 188.44 0.0295
0 0 0 0 0 0 0
0.414 1.819 38.19 -19.14 -10.43 -15.11 0.0
3.832 5.066 41.54 166.07 175.28 155.35 0.024
0 0 0 0 0 0 0
-0.01 0.05 39.75 2.11 -5.54 6.13 0.0
4.393 4.588 44.44 169.88 180.4 169.42 0.0304
0 0 0 0 0 0 0
-0.923 -0.944 42.96 7.29 -16.32 12.98 0.0
4.639 4.34 48.52 182.28 173.17 172.82 0.0371
0 0 0 0 0 0 0
-0.557 -0.632 44.78 -16.15 18.73 -11.14 0.0
4.394 4.587 50.2 165.86 157.37 186.46 0.0341
0 0 0 0 0 0 0
0.38 0.809 35.52 10.34 20.82 -5.08 0.0
4.252 4.717 39.4 186.02 177.92 161.62 0.0264
0 0 0 0 0 0 0
0.803 -1.351 41.72 7.39 -3.05 -5.58 0.0
5.516 3.15 46.55 160.81 171.37 164.28 0.0311
0 0 0 0 0 0 0
-0.58 0.076 38.6 1.95 -21.16 -12.58 0.0
4.281 4.693 43.44 160.59 189.01 165.7 0.0316
0 0 0 0 0 0 0
0.272 -1.877 39.79 14.26 -22.6 17.3 0.0
5.532 3.123 45.37 171.14 182.23 177.6 0.0345
0 0 0 0 0 0 0
1.306 -1.408 40.54 0.26 -17.94 -13.45 0.0
5.584 3.026 45.19 161.57 184.45 178.04 0.0305
0 0 0 0 0 0 0
-1.198 1.284 44.0 -7.42 -5.37 7.55 0.0
3.073 5.558 48.62 177.28 166.98 171.42 0.0292
0 0 0 0 0 0 0
1.052 0.115 39.88 -0.2 0.3 -11.95 0.0
4.896 4.045 43.92 182.18 171.15 179.81 0.0261
0 0 0 0 0 0 0
-0.319 1.85 39.0 19.52 13.52 9.47 0.0
3.157 5.511 42.78 158.8 171.86 161.61 0.0243
0 0 0 0 0 0 0
0.707 -0.55 41.51 -13.11 7.3 -6.03 0.0
4.993 3.925 45.97 180.9 176.15 170.16 0.0301
0 0 0 0 0 0 0
-1.461 0.466 35.74 -8.96 -4.2 2.53 0.0
3.387 5.374 40.69 164.21 169.22 169.92 0.0329
0 0 0 0 0 0 0
0.538 1.156 35.88 -19.76 -9.87 0.74 0.0
4.276 4.697 39.83 159.1 182.85 175.18 0.0261
0 0 0 0 0 0 0
-0.517 1.915 37.27 -9.16 10.04 -5.46 0.0
3.063 5.564 40.89 177.87 167.1 183.97 0.0243
0 0 0 0 0 0 0
1.492 1.068 38.04 -3.91 7.04 -18.69 0.0
4.801 4.157 41.34 183.44 172.11 167.53 0.0236
0 0 0 0 0 0 0
0.231 0.137 42.98 -8.65 14.05 -1.91 0.0
4.352 4.628 47.78 168.13 168.0 195.93 0.0295
0 0 0 0 0 0 0
1.793 0.571 41.7 -4.65 7.32 9.31 0.0
5.106 3.779 44.96 193.22 177.87 180.18 0.0225
0 0 0 0 0 0 0
-1.511 -0.97 36.56 4.23 28.01 -10.43 0.0
3.983 4.949 42.48 177.36 164.06 172.79 0.0372
0 0 0 0 0 0 0
0.55 1.865 38.69 27.28 -4.34 9.14 0.0
3.74 5.132 42.05 164.14 186.06 161.04 0.0222
0 0 0 0 0 0 0
1.443 -0.202 41.02 20.0 5.54 -21.77 0.0
5.209 3.634 44.98 172.6 178.06 182.08 0.0261
0 0 0 0 0 0 0
-0.671 -0.675 39.93 7.95 -2.66 -4.1 0.0
4.425 4.559 45.42 172.75 179.59 201.1 0.0335
0 0 0 0 0 0 0
-1.131 0.69 35.07 4.74 -21.14 -28.14 0.0
3.604 5.23 40.12 169.73 169.33 193.48 0.0323
0 0 0 0 0 0 0
-0.468 0.193 44.64 1.33 14.63 1.03 0.0
4.089 4.862 49.21 170.88 163.4 166.32 0.0302
0 0 0 0 0 0 0
0.706 0.21 36.64 -1.45 13.66 20.61 0.0
4.729 4.238 40.84 184.82 176.48 175.05 0.0276
0 0 0 0 0 0 0
-0.648 0.137 37.79 0.6 7.84 2.27 0.0
4.093 4.857 42.58 156.7 184.5 178.03 0.0302
0 0 0 0 0 0 0
-0.095 -0.044 43.93 -7.98 -12.6 8.57 0.0
4.504 4.479 48.78 160.3 167.99 167.89 0.0325
0 0 0 0 0 0 0
-0.117 0.179 35.66 13.62 11.81 -22.13 0.0
4.387 4.592 39.96 170.24 169.92 166.74 0.0282
0 0 0 0 0 0 0
-0.866 0.453 44.18 -7.88 4.04 -2.39 0.0
3.785 5.1 49.27 171.29 177.07 189.13 0.0325
0 0 0 0 0 0 0
0.146 -0.299 37.01 -11.79 3.34 -7.29 0.0
4.533 4.448 41.97 176.37 187.43 160.04 0.0317
0 0 0 0 0 0 0
0.027 0.024 39.92 9.19 19.54 13.25 0.0
4.577 4.405 44.66 159.53 162.84 176.73 0.0302
0 0 0 0 0 0 0
0.214 -0.374 37.42 3.21 12.45 21.85 0.0
4.773 4.191 42.31 188.4 166.9 183.43 0.0298
0 0 0 0 0 0 0
-1.437 -0.8 39.87 7.67 4.19 -28.85 0.0
4.218 4.751 45.55 181.54 168.41 170.38 0.0364
0 0 0 0 0 0 0
-0.799 -1.071 43.51 6.11 4.67 4.57 0.0
4.626 4.351 49.39 183.49 176.26 177.13 0.0364
0 0 0 0 0 0 0
-1.784 -0.588 38.37 18.6 -17.53 -10.62 0.0
3.946 4.977 43.96 170.51 178.29 188.38 0.0363
0 0 0 0 0 0 0
0.705 -0.905 35.9 -15.47 10.96 -2.42 0.0
5.19 3.663 40.45 179.43 179.67 158.41 0.0299
0 0 0 0 0 0 0
-1.54 -0.716 40.59 8.24 4.61 9.99 0.0
4.151 4.808 46.44 166.18 157.02 175.0 0.0372
0 0 0 0 0 0 0
-0.129 0.162 42.51 12.73 -3.98 -13.53 0.0
4.294 4.679 47.29 163.15 178.51 176.41 0.031
0 0 0 0 0 0 0
-0.748 0.086 42.88 -47.95 1.16 -12.28 0.0
3.806 5.084 47.96 157.94 164.94 178.97 0.0341
0 0 0 0 0 0 0
-0.979 -0.361 40.8 -11.58 -15.51 -12.93 0.0
3.836 5.061 46.56 162.96 189.2 164.6 0.0358
0 0 0 0 0 0 0
-0.164 -1.843 36.69 8.9 -4.3 -0.37 0.0
5.297 3.503 42.37 167.81 185.64 184.33 0.035
0 0 0 0 0 0 0
-0.253 -0.005 35.5 0.76 3.4 -6.89 0.0
4.468 4.514 40.49 168.66 166.21 186.92 0.0309
0 0 0 0 0 0 0
0.025 0.475 43.14 -3.02 22.32 8.43 0.0
4.151 4.807 47.31 162.95 170.57 176.41 0.0277
0 0 0 0 0 0 0
0.625 -0.539 36.53 7.65 7.72 24.75 0.0
5.028 3.881 41.05 176.18 163.88 166.58 0.0296
0 0 0 0 0 0 0
1.767 0.116 41.86 17.98 4.88 23.62 0.0
5.348 3.426 45.5 182.85 168.18 175.6 0.0242
0 0 0 0 0 0 0
0.325 -0.058 38.72 8.21 -4.27 2.92 0.0
4.945 3.986 43.25 181.19 165.02 193.36 0.0294
0 0 0 0 0 0 0
1.025 -1.091 43.02 -0.53 -5.88 -5.58 0.0
5.244 3.586 47.53 169.35 174.6 167.14 0.0303
0 0 0 0 0 0 0
-0.212 -0.0 41.53 -27.65 -7.62 -11.41 0.0
4.364 4.614 46.19 180.39 186.81 166.5 0.0309
0 0 0 0 0 0 0
0.686 -1.166 41.64 17.28 16.34 -22.12 0.0
5.376 3.381 46.41 173.0 180.26 179.68 0.0317
0 0 0 0 0 0 0
-0.721 -0.574 37.35 10.29 -5.1 -3.54 0.0
4.272 4.699 42.77 172.95 169.67 180.98 0.0341
0 0 0 0 0 0 0
0.689 -0.686 36.76 22.08 -12.72 1.25 0.0
5.208 3.633 41.29 180.07 182.67 181.42 0.0289
0 0 0 0 0 0 0
0.133 -1.645 36.61 -5.72 1.63 3.87 0.0
5.294 3.51 42.16 188.53 163.82 186.81 0.0344
0 0 0 0 0 0 0
-1.222 1.0 43.82 -15.31 2.76 -24.89 0.0
3.013 5.592 48.5 169.41 163.94 176.92 0.0319
0 0 0 0 0 0 0
1.126 0.717 35.88 -10.27 0.47 1.36 0.0
4.462 4.519 39.71 171.18 165.58 189.32 0.0257
0 0 0 0 0 0 0
-0.437 1.777 44.23 1.57 -4.09 5.87 0.0
3.37 5.383 48.37 177.75 172.81 168.16 0.0268
0 0 0 0 0 0 0
-1.595 1.001 41.43 10.71 19.76 -9.14 0.0
2.78 5.712 45.76 174.89 188.95 165.89 0.0298
0 0 0 0 0 0 0
-0.477 -1.54 38.08 10.67 2.84 -6.06 0.0
4.89 4.055 43.76 181.89 162.5 179.85 0.0351
0 0 0 0 0 0 0
-1.029 -0.88 39.03 11.66 7.5 8.54 0.0
4.347 4.63 44.64 171.51 177.67 165.24 0.036
0 0 0 0 0 0 0
-0.488 0.628 44.63 3.56 -12.24 -5.15 0.0
3.926 4.993 49.44 172.32 170.18 182.12 0.0296
0 0 0 0 0 0 0
0.191 -0.279 43.71 2.54 4.01 27.81 0.0
4.688 4.284 48.29 176.58 174.01 177.09 0.0295
0 0 0 0 0 0 0
-0.664 0.421 43.75 20.68 20.89 7.59 0.0
3.912 5.002 48.72 181.31 173.84 175.43 0.03
0 0 0 0 0 0 0
-0.075 0.306 40.52 -8.89 13.24 -19.89 0.0
4.147 4.812 44.88 162.47 171.6 167.8 0.0307
0 0 0 0 0 0 0
0.543 -0.638 41.29 11.13 13.56 -13.05 0.0
4.967 3.957 45.99 154.53 172.4 189.43 0.0293
0 0 0 0 0 0 0
-1.41 1.172 39.45 1.03 6.36 -3.6 0.0
2.782 5.71 44.02 159.79 167.25 181.6 0.0313
0 0 0 0 0 0 0
-0.145 0.394 38.38 9.21 7.44 -5.88 0.0
4.173 4.788 42.81 173.6 188.15 180.66 0.0297
0 0 0 0 0 0 0
0.151 0.783 37.63 0.01 4.56 -8.37 0.0
4.066 4.879 41.61 186.3 174.58 171.64 0.0283
0 0 0 0 0 0 0
-1.619 0.667 39.61 9.69 4.58 4.61 0.0
3.059 5.567 44.68 172.09 171.48 185.96 0.032
0 0 0 0 0 0 0
-1.385 -1.298 42.77 5.02 -11.36 -11.88 0.0
4.557 4.426 48.48 170.69 161.46 176.04 0.0382
0 0 0 0 0 0 0
1.037 -1.23 37.75 2.77 -16.72 -7.28 0.0
5.527 3.131 42.1 170.8 175.48 170.99 0.03
0 0 0 0 0 0 0
1.174 0.67 36.57 22.9 -22.56 -4.0 0.0
5.012 3.9 40.61 179.74 165.26 158.99 0.0267
0 0 0 0 0 0 0
1.597 0.198 37.83 20.65 -0.08 26.8 0.0
5.181 3.676 41.43 167.41 164.73 167.78 0.0242
0 0 0 0 0 0 0
0.264 0.036 42.79 -16.78 -18.98 -8.19 0.0
4.343 4.636 47.52 167.55 179.41 163.39 0.0314
0 0 0 0 0 0 0
0.312 -1.749 35.93 -19.89 10.35 -9.71 0.0
5.34 3.435 41.18 169.8 186.09 186.42 0.0331
0 0 0 0 0 0 0
-1.034 -0.733 43.15 -1.8 3.71 -3.3 0.0
4.424 4.557 48.83 173.26 160.98 184.97 0.0356
0 0 0 0 0 0 0
0.345 -0.182 38.14 -36.17 -4.4 4.05 0.0
4.688 4.285 42.84 172.95 165.39 183.25 0.0301
0 0 0 0 0 0 0
0.037 0.01 37.09 13.14 -12.06 0.85 0.0
4.513 4.468 41.69 175.67 179.68 175.78 0.0297
0 0 0 0 0 0 0
0.068 0.318 42.65 8.42 1.1 -9.31 0.0
4.587 4.391 47.27 183.52 165.24 174.59 0.0293
0 0 0 0 0 0 0
0.092 0.849 35.41 -15.27 -2.62 -6.39 0.0
4.205 4.759 39.82 174.64 177.7 189.93 0.0276
0 0 0 0 0 0 0
-1.724 0.944 39.5 -17.87 -4.77 -18.23 0.0
2.898 5.653 44.24 179.09 152.7 173.56 0.0319
0 0 0 0 0 0 0
0.555 -0.703 37.7 6.27 -3.86 -8.55 0.0
5.027 3.881 42.37 178.43 163.49 186.48 0.0303
0 0 0 0 0 0 0
0.093 -1.156 43.37 1.29 -3.45 -11.42 0.0
5.095 3.791 48.67 164.56 152.08 164.86 0.0344
0 0 0 0 0 0 0
-0.599 -0.901 38.25 12.28 18.36 -0.89 0.0
4.558 4.425 43.48 173.88 160.12 173.93 0.0348
0 0 0 0 0 0 0
1.09 0.551 42.03 -8.27 -18.04 4.31 0.0
4.763 4.2 45.97 179.64 169.41 174.06 0.0264
0 0 0 0 0 0 0
-0.612 -0.039 40.08 9.69 4.1 13.25 0.0
4.145 4.812 45.05 172.8 163.96 187.91 0.0319
0 0 0 0 0 0 0
-1.269 -1.466 41.29 8.19 10.62 2.54 0.0
4.702 4.268 47.39 175.33 177.38 167.96 0.0387
0 0 0 0 0 0 0
0.767 -0.643 36.94 3.14 -10.44 -9.35 0.0
5.049 3.854 41.55 177.09 192.7 182.5 0.0293
0 0 0 0 0 0 0
1.789 0.149 38.05 2.92 -11.12 6.43 0.0
5.308 3.488 41.68 176.72 175.92 160.24 0.0254
0 0 0 0 0 0 0
0.539 0.359 35.92 -0.05 21.85 4.42 0.0
4.573 4.408 39.97 179.88 153.66 175.98 0.0273
0 0 0 0 0 0 0
1.201 -1.199 35.23 -14.04 -2.62 0.4 0.0
5.536 3.113 39.79 168.05 178.84 173.7 0.0292
0 0 0 0 0 0 0
0.43 -0.043 44.19 -6.99 -6.24 -1.09 0.0
4.639 4.338 48.86 184.31 180.95 192.48 0.0291
0 0 0 0 0 0 0
-1.566 -0.318 44.49 6.12 -3.25 0.31 0.0
3.893 5.02 50.05 172.06 188.09 180.17 0.0347
0 0 0 0 0 0 0
-0.436 -0.869 38.1 3.4 29.29 16.91 0.0
4.718 4.251 43.68 167.66 163.93 170.88 0.0344
0 0 0 0 0 0 0
-0.089 0.16 42.32 9.9 -6.68 -6.86 0.0
4.348 4.63 46.93 188.71 176.34 192.89 0.0287
0 0 0 0 0 0 0
1.15 1.133 41.27 -22.11 -2.12 0.15 0.0
4.502 4.481 44.88 162.5 147.4 175.64 0.0241
0 0 0 0 0 0 0
1.205 -0.402 41.84 4.06 11.61 -11.11 0.0
5.245 3.58 46.02 171.11 155.37 189.66 0.028
0 0 0 0 0 0 0
-0.051 0.046 44.41 1.47 -13.59 7.58 0.0
4.448 4.532 49.42 157.41 169.88 177.49 0.0315
0 0 0 0 0 0 0
-0.48 -0.037 41.86 3.22 16.65 -6.63 0.0
4.353 4.624 46.71 169.95 160.36 184.59 0.0315
0 0 0 0 0 0 0
-0.234 0.192 40.88 -15.94 4.0 8.47 0.0
4.248 4.722 45.59 164.11 154.83 172.03 0.0308
0 0 0 0 0 0 0
-0.676 0.409 40.9 -15.23 7.27 -5.95 0.0
3.78 5.104 45.94 167.87 166.89 185.8 0.0319
0 0 0 0 0 0 0
0.96 -0.119 36.43 -15.58 -12.08 12.85 0.0
5.055 3.845 40.74 187.09 173.59 169.71 0.0277
0 0 0 0 0 0 0
0.572 0.016 42.06 5.68 -37.53 11.57 0.0
4.789 4.174 46.61 192.89 180.04 171.47 0.0286
0 0 0 0 0 0 0
0.828 1.128 40.92 5.65 -2.98 -14.29 0.0
4.296 4.679 44.39 183.19 171.86 178.04 0.024
0 0 0 0 0 0 0
0.459 0.149 36.53 -3.44 -8.61 7.82 0.0
4.702 4.271 40.93 186.91 177.85 179.1 0.0291
0 0 0 0 0 0 0
-1.49 1.158 43.06 7.68 6.75 1.14 0.0
3.02 5.588 47.8 181.54 175.77 181.45 0.0294
0 0 0 0 0 0 0
-0.572 -0.34 39.82 -3.58 -0.61 6.65 0.0
4.395 4.584 44.93 179.92 176.25 179.87 0.0334
0 0 0 0 0 0 0
1.085 -1.159 41.93 3.33 -0.44 0.7 0.0
5.562 3.068 46.73 179.28 174.21 180.83 0.0297
0 0 0 0 0 0 0
-0.207 -0.467 38.86 0.4 -8.9 4.74 0.0
4.707 4.264 44.18 177.27 176.3 168.66 0.0329
0 0 0 0 0 0 0
-0.4 0.366 38.93 17.02 -19.48 6.21 0.0
4.26 4.712 43.71 182.03 176.53 176.77 0.031
0 0 0 0 0 0 0
-0.123 0.485 36.37 1.58 -11.33 -10.89 0.0
4.079 4.867 40.8 170.93 187.62 180.08 0.0281
0 0 0 0 0 0 0
-0.032 -0.027 39.29 8.47 -14.41 -6.67 0.0
4.569 4.413 44.22 159.99 169.06 182.79 0.0306
0 0 0 0 0 0 0
0.131 -0.039 37.64 12.92 -15.26 12.91 0.0
4.598 4.381 42.41 166.65 172.59 171.03 0.0299
0 0 0 0 0 0 0
-0.08 -0.205 41.6 -1.63 9.67 4.55 0.0
4.46 4.523 46.13 170.02 172.42 184.27 0.0305
0 0 0 0 0 0 0
0.372 0.887 42.56 -4.97 -12.33 -22.06 0.0
4.189 4.773 46.44 175.66 156.33 181.06 0.027
0 0 0 0 0 0 0
0.09 0.098 43.14 30.6 -8.71 6.72 0.0
4.423 4.561 47.89 180.75 172.79 176.13 0.03
0 0 0 0 0 0 0
0.119 -0.225 37.93 -9.04 -10.19 26.15 0.0
4.644 4.333 42.61 178.65 172.41 170.39 0.0295
0 0 0 0 0 0 0
-1.797 -0.836 41.32 -17.19 16.74 2.57 0.0
3.943 4.98 47.14 177.99 173.66 174.48 0.0377
0 0 0 0 0 0 0
-0.582 0.98 44.35 8.02 -18.12 19.34 0.0
3.629 5.214 48.84 181.63 189.36 174.48 0.0276
0 0 0 0 0 0 0
-0.971 1.432 44.06 8.06 -7.73 8.04 0.0
3.107 5.538 48.38 183.01 172.83 178.65 0.0281
0 0 0 0 0 0 0
-0.746 -1.165 44.85 6.96 -0.63 4.74 0.0
4.648 4.329 50.7 157.05 165.49 180.82 0.036
0 0 0 0 0 0 0
0.079 0.349 43.93 9.12 -5.17 5.37 0.0
4.3 4.673 48.54 168.7 162.52 181.69 0.0297
0 0 0 0 0 0 0
0.753 -0.892 40.4 -10.88 -10.85 20.25 0.0
5.127 3.747 45.57 160.92 190.79 164.81 0.0306
0 0 0 0 0 0 0
0.606 0.407 40.53 24.93 1.14 -1.5 0.0
4.649 4.328 44.68 174.63 155.15 182.59 0.0277
0 0 0 0 0 0 0
-1.451 -0.31 39.43 1.8 -5.73 3.01 0.0
3.978 4.95 45.19 184.5 161.97 157.85 0.0362
0 0 0 0 0 0 0
-0.49 0.063 44.46 9.6 13.15 -8.72 0.0
4.226 4.74 49.46 185.69 178.64 179.2 0.031
0 0 0 0 0 0 0
-0.397 -1.08 42.08 -4.89 8.98 -10.54 0.0
4.956 3.973 47.33 188.58 187.31 172.83 0.0336
0 0 0 0 0 0 0
-0.536 0.692 43.09 12.31 14.48 8.22 0.0
3.999 4.934 47.56 168.52 170.88 187.47 0.0286
0 0 0 0 0 0 0
-0.468 -0.082 41.58 -2.81 5.22 18.36 0.0
4.353 4.624 46.47 181.07 177.75 182.56 0.0318
0 0 0 0 0 0 0
-1.293 1.505 43.8 11.03 21.76 4.02 0.0
2.989 5.606 48.25 186.16 182.75 189.97 0.028
0 0 0 0 0 0 0
-0.925 0.98 41.77 15.74 4.67 9.05 0.0
3.563 5.256 46.46 178.73 184.28 167.22 0.0296
0 0 0 0 0 0 0
-0.584 1.213 43.97 -3.33 -8.68 -17.95 0.0
3.585 5.243 47.94 162.9 164.09 162.35 0.0278
0 0 0 0 0 0 0
-1.965 0.367 35.98 -4.55 4.48 21.55 0.0
3.102 5.543 41.54 169.02 168.14 183.62 0.0345
0 0 0 0 0 0 0
1.023 0.492 40.46 14.8 7.75 1.56 0.0
4.792 4.167 44.16 165.22 180.18 169.43 0.0257
0 0 0 0 0 0 0
-0.722 0.26 41.31 1.15 4.24 -3.69 0.0
4.094 4.857 46.13 169.85 174.8 175.0 0.0312
0 0 0 0 0 0 0
-0.061 -1.55 44.55 -5.46 -8.06 28.38 0.0
5.121 3.759 49.86 167.63 178.17 183.39 0.0343
0 0 0 0 0 0 0
-0.257 1.4 35.38 -1.52 -13.46 2.86 0.0
3.424 5.349 39.36 174.14 175.1 171.34 0.0267
0 0 0 0 0 0 0
-1.174 1.11 44.55 -26.44 3.93 -18.1 0.0
2.958 5.621 49.08 179.81 176.1 174.84 0.0288
0 0 0 0 0 0 0
-0.125 -0.259 43.22 -7.41 -8.99 3.51 0.0
4.606 4.375 48.0 171.82 191.25 184.94 0.031
0 0 0 0 0 0 0
-0.456 -0.751 41.33 6.12 7.14 -6.87 0.0
4.603 4.376 46.74 160.57 162.45 177.63 0.0346
0 0 0 0 0 0 0
-0.672 0.276 35.57 -7.51 -24.82 -7.75 0.0
3.877 5.029 40.49 170.07 177.05 179.6 0.032
0 0 0 0 0 0 0
1.268 -0.414 36.21 20.52 2.82 -15.29 0.0
5.305 3.49 40.53 184.29 175.69 193.5 0.0268
0 0 0 0 0 0 0
0.088 0.848 43.91 10.42 -5.82 -0.12 0.0
4.175 4.788 47.99 166.0 187.44 180.85 0.0279
0 0 0 0 0 0 0
-1.917 -0.209 43.17 15.71 -21.95 -17.19 0.0
3.722 5.147 48.65 178.81 159.05 182.33 0.0355
0 0 0 0 0 0 0
1.362 0.114 39.54 -16.33 -3.87 -1.99 0.0
5.056 3.845 43.6 174.03 176.13 175.36 0.0249
0 0 0 0 0 0 0
-0.805 0.541 35.29 -2.44 8.66 16.14 0.0
3.877 5.033 40.09 173.72 159.55 186.57 0.0308
0 0 0 0 0 0 0
0.048 -0.059 44.49 -2.56 -6.47 -22.78 0.0
4.728 4.24 48.8 157.98 175.56 176.09 0.03
0 0 0 0 0 0 0
-1.242 1.057 43.17 0.64 6.34 11.25 0.0
3.142 5.519 47.75 170.47 171.77 176.25 0.0302
0 0 0 0 0 0 0
0.596 -0.514 44.31 11.36 5.11 10.11 0.0
5.154 3.71 49.25 164.76 158.01 176.13 0.0301
0 0 0 0 0 0 0
1.029 0.207 41.87 4.78 -1.88 -7.19 0.0
4.887 4.057 45.8 172.58 166.27 169.13 0.0261
0 0 0 0 0 0 0
1.255 0.771 39.02 3.83 14.31 16.1 0.0
4.826 4.131 42.63 194.44 171.96 170.38 0.0247
0 0 0 0 0 0 0
0.161 0.326 45.0 18.5 9.93 6.74 0.0
4.399 4.58 49.32 181.66 168.2 164.82 0.0295
0 0 0 0 0 0 0
-0.033 -0.328 35.07 -10.69 4.76 12.17 0.0
4.414 4.565 40.01 160.84 188.81 180.0 0.0314
0 0 0 0 0 0 0
0.364 -0.112 37.12 2.46 2.65 -5.16 0.0
4.695 4.279 41.82 186.27 156.58 194.23 0.0292
0 0 0 0 0 0 0
0.142 -0.175 41.29 -16.89 23.02 -0.79 0.0
4.56 4.422 46.33 168.4 177.98 194.5 0.0302
0 0 0 0 0 0 0
-0.673 -0.024 43.74 -1.55 -19.43 9.76 0.0
4.247 4.724 48.56 181.55 169.74 170.87 0.032
0 0 0 0 0 0 0
1.707 -0.802 35.35 -17.69 -2.09 -1.83 0.0
5.566 3.059 39.67 163.33 159.71 189.23 0.0281
0 0 0 0 0 0 0
-0.061 -1.726 43.66 3.03 6.25 14.8 0.0
5.337 3.441 49.24 172.93 176.16 162.83 0.0351
0 0 0 0 0 0 0
-0.259 0.182 38.76 -12.34 -21.37 25.65 0.0
4.202 4.762 43.9 177.99 170.22 185.37 0.0322
0 0 0 0 0 0 0
-0.763 -1.663 44.42 5.06 -7.1 12.31 0.0
4.87 4.079 50.57 188.85 171.41 178.26 0.0379
0 0 0 0 0 0 0
-0.035 -0.088 43.23 -10.89 -6.87 7.85 0.0
4.376 4.605 47.91 172.15 171.5 173.96 0.0305
0 0 0 0 0 0 0
-0.091 -0.406 40.98 -19.0 -13.92 6.33 0.0
4.639 4.338 46.28 177.53 183.6 184.56 0.0323
0 0 0 0 0 0 0
0.665 -1.667 39.79 -3.93 -19.54 -5.9 0.0
5.497 3.181 44.87 188.82 167.9 177.12 0.032
0 0 0 0 0 0 0
-1.151 -0.528 42.34 12.34 6.35 -7.76 0.0
4.358 4.62 48.0 160.74 166.06 162.42 0.0349
0 0 0 0 0 0 0
-1.085 -1.627 39.0 3.31 12.28 -5.07 0.0
4.838 4.116 44.94 173.06 166.57 188.67 0.0368
0 0 0 0 0 0 0
-0.785 -0.59 36.96 -1.06 -13.33 3.98 0.0
4.513 4.469 42.95 179.25 162.43 179.12 0.0356
0 0 0 0 0 0 0
0.205 -0.175 37.18 14.48 21.54 8.42 0.0
4.574 4.405 41.69 182.94 178.75 173.58 0.0292
0 0 0 0 0 0 0
0.131 0.878 36.32 5.92 -33.75 3.56 0.0
4.335 4.643 40.43 184.06 147.46 178.75 0.0267
0 0 0 0 0 0 0
1.159 -0.19 37.2 -3.85 -4.16 -1.2 0.0
5.14 3.732 41.48 180.98 159.82 186.41 0.0279
0 0 0 0 0 0 0
-0.091 1.732 42.17 -16.74 2.36 -13.53 0.0
3.425 5.35 46.14 173.29 170.34 183.77 0.0248
0 0 0 0 0 0 0
-0.32 -0.848 39.68 13.51 -21.07 -1.09 0.0
4.782 4.179 45.15 183.07 167.04 165.64 0.0337
0 0 0 0 0 0 0
-0.13 -0.076 36.8 32.86 -15.97 -4.52 0.0
4.474 4.507 41.58 172.36 161.96 180.52 0.0308
0 0 0 0 0 0 0
0.147 0.791 42.19 -4.86 -0.33 -10.13 0.0
4.36 4.619 46.49 177.95 159.94 180.1 0.0278
0 0 0 0 0 0 0
-0.643 0.137 39.02 20.6 -6.3 21.03 0.0
4.169 4.792 44.01 180.82 169.77 182.32 0.0313
0 0 0 0 0 0 0
-0.254 0.201 38.87 5.62 -6.7 1.87 0.0
4.428 4.555 43.31 189.25 163.7 175.0 0.0292
0 0 0 0 0 0 0
0.132 -0.702 41.47 23.18 2.88 -12.85 0.0
4.922 4.013 46.46 186.53 165.06 173.82 0.0307
0 0 0 0 0 0 0
0.429 -0.234 39.71 -13.22 -1.42 2.49 0.0
4.756 4.209 44.51 174.92 166.89 173.39 0.0311
0 0 0 0 0 0 0
-0.115 0.361 42.64 24.98 12.31 19.77 0.0
4.306 4.669 47.33 188.36 171.31 177.53 0.0294
0 0 0 0 0 0 0
-1.606 0.952 35.56 5.34 14.82 3.48 0.0
2.729 5.736 40.29 159.8 186.72 187.82 0.0303
0 0 0 0 0 0 0
0.175 -0.502 37.63 -22.57 -6.46 9.45 0.0
4.779 4.183 42.32 178.15 188.47 161.92 0.0313
0 0 0 0 0 0 0
0.084 0.308 40.98 -14.84 7.03 1.55 0.0
4.358 4.621 45.79 174.01 179.7 194.95 0.0299
0 0 0 0 0 0 0
-0.106 -0.412 39.58 -2.29 11.26 -0.47 0.0
4.471 4.511 44.74 177.45 181.66 177.68 0.0326
0 0 0 0 0 0 0
1.1 0.533 42.7 -0.72 -10.23 -13.62 0.0
4.825 4.131 46.66 182.66 181.43 177.33 0.0259
0 0 0 0 0 0 0
-1.156 0.035 42.14 -18.77 22.78 -13.09 0.0
3.615 5.223 47.13 177.25 171.67 166.85 0.0332
0 0 0 0 0 0 0
0.017 -0.024 42.73 -11.17 -8.08 -4.3 0.0
4.566 4.413 47.54 184.87 169.16 176.01 0.0316
0 0 0 0 0 0 0
0.785 1.373 38.81 -4.27 2.98 12.29 0.0
4.072 4.876 42.56 175.85 170.28 172.71 0.0249
0 0 0 0 0 0 0
-0.623 0.083 40.54 -3.25 -12.15 -21.96 0.0
4.18 4.781 45.24 168.2 172.46 184.44 0.031
0 0 0 0 0 0 0
-1.012 1.001 44.52 3.96 12.17 12.41 0.0
3.365 5.386 48.71 169.75 187.27 161.7 0.0287
0 0 0 0 0 0 0
-0.47 -0.173 41.43 24.42 -4.73 1.0 0.0
4.074 4.874 46.38 161.17 183.26 171.04 0.0317
0 0 0 0 0 0 0
1.135 -0.941 40.03 12.74 2.85 1.34 0.0
5.398 3.348 44.21 168.84 155.11 180.63 0.0284
0 0 0 0 0 0 0
0.558 0.14 35.76 -4.72 0.73 -8.87 0.0
4.599 4.382 40.1 175.47 169.19 182.45 0.0285
0 0 0 0 0 0 0
-1.234 -0.209 35.01 7.67 9.36 3.91 0.0
3.794 5.092 40.3 192.07 178.32 183.45 0.0344
0 0 0 0 0 0 0
0.638 0.091 39.68 23.91 26.81 2.82 0.0
4.671 4.303 44.2 174.18 176.82 181.14 0.0278
0 0 0 0 0 0 0
1.383 1.375 35.01 1.96 -9.55 -6.72 0.0
4.593 4.386 38.21 166.67 168.2 184.6 0.022
0 0 0 0 0 0 0
1.769 0.442 42.84 -3.85 6.13 -7.48 0.0
5.172 3.687 46.27 167.02 177.59 180.48 0.0234
0 0 0 0 0 0 0
1.841 -0.745 44.34 9.97 6.49 5.08 0.0
5.524 3.133 48.21 183.24 166.34 178.25 0.0255
0 0 0 0 0 0 0
-0.305 -0.419 36.7 13.71 12.55 -2.81 0.0
4.446 4.538 41.79 173.62 175.92 168.69 0.0325
0 0 0 0 0 0 0
-0.456 0.645 42.22 -12.77 -17.11 16.58 0.0
3.816 5.077 46.69 167.14 175.87 166.99 0.0302
0 0 0 0 0 0 0
-0.514 -0.203 42.41 -19.55 3.05 -4.31 0.0
4.212 4.752 47.76 175.74 164.53 188.22 0.033
0 0 0 0 0 0 0
0.466 1.518 39.07 4.28 9.42 -0.8 0.0
3.921 4.996 42.69 170.9 171.17 156.25 0.0249
0 0 0 0 0 0 0
0.915 -0.518 37.18 6.93 -13.62 3.77 0.0
5.1 3.786 41.62 166.74 183.14 165.28 0.0295
0 0 0 0 0 0 0
0.705 -1.557 42.72 -18.95 8.02 13.83 0.0
5.38 3.376 47.75 162.09 176.71 188.39 0.0312
0 0 0 0 0 0 0
-0.282 0.851 35.63 -1.33 -15.83 9.11 0.0
3.928 4.99 40.13 176.58 161.62 187.23 0.0278
0 0 0 0 0 0 0
-0.208 0.278 42.5 -25.63 8.99 3.59 0.0
4.007 4.93 47.09 182.87 172.0 165.84 0.0304
0 0 0 0 0 0 0
-0.149 0.163 44.34 -8.72 19.36 -3.56 0.0
4.231 4.736 49.12 176.51 162.84 186.62 0.0316
0 0 0 0 0 0 0
0.275 0.55 37.26 -3.03 9.29 -14.04 0.0
4.398 4.584 41.27 172.47 190.78 152.77 0.0276
0 0 0 0 0 0 0
-0.764 -1.502 43.24 -7.12 3.13 -4.44 0.0
4.923 4.016 49.19 181.93 189.05 170.3 0.0376
0 0 0 0 0 0 0
-0.249 0.673 41.8 -5.48 -10.28 0.78 0.0
3.999 4.934 46.55 164.91 177.05 181.26 0.0296
0 0 0 0 0 0 0
0.199 -0.559 35.88 2.75 -1.33 -2.02 0.0
4.926 4.011 40.76 189.6 176.77 169.93 0.0297
0 0 0 0 0 0 0
0.009 -0.18 37.17 5.62 16.11 24.08 0.0
4.564 4.419 42.15 170.13 171.5 172.59 0.031
0 0 0 0 0 0 0
0.642 -0.158 41.6 5.67 -20.25 -22.32 0.0
4.995 3.924 46.09 201.67 176.04 179.17 0.029
0 0 0 0 0 0 0
0.741 -1.003 39.01 -11.4 -20.2 17.26 0.0
5.422 3.306 43.93 170.2 176.36 187.87 0.0304
0 0 0 0 0 0 0
1.14 -0.39 39.49 13.11 15.57 16.16 0.0
5.234 3.598 43.8 189.42 167.75 188.83 0.0271
0 0 0 0 0 0 0
-1.171 -0.042 42.32 15.86 23.11 -6.5 0.0
3.851 5.051 47.27 177.96 182.28 172.99 0.033
0 0 0 0 0 0 0
0.015 0.5 38.24 -17.41 10.17 21.64 0.0
4.169 4.792 42.58 177.35 173.04 177.86 0.0283
0 0 0 0 0 0 0
-0.23 -0.914 43.09 16.32 9.0 19.88 0.0
4.98 3.94 48.58 167.47 162.77 173.06 0.0331
0 0 0 0 0 0 0
-0.144 0.13 36.69 -25.78 -26.46 7.94 0.0
4.253 4.717 41.61 170.13 166.13 174.09 0.0309
0 0 0 0 0 0 0
1.1 -0.142 37.61 8.87 -17.01 -0.76 0.0
5.244 3.584 41.67 175.57 167.27 175.52 0.0266
0 0 0 0 0 0 0
0.185 -0.096 38.55 0.67 10.74 22.4 0.0
4.707 4.262 43.28 173.16 186.95 179.97 0.0295
0 0 0 0 0 0 0
-0.998 -0.297 35.01 19.38 -8.62 16.15 0.0
4.384 4.595 40.42 177.37 175.82 181.99 0.0341
0 0 0 0 0 0 0
0.965 0.043 42.69 12.85 10.38 6.36 0.0
4.961 3.964 46.67 159.69 167.14 181.59 0.0278
0 0 0 0 0 0 0
-0.016 0.042 35.65 11.5 -17.3 -0.41 0.0
4.605 4.374 40.3 189.91 162.93 173.4 0.0299
0 0 0 0 0 0 0
-0.019 0.026 44.18 -3.51 27.78 2.12 0.0
4.554 4.43 48.92 192.62 159.74 180.03 0.0301
0 0 0 0 0 0 0
1.166 1.103 35.64 -20.94 10.36 6.3 0.0
4.485 4.498 39.02 180.83 188.76 170.97 0.0224
0 0 0 0 0 0 0
0.645 0.828 38.75 -13.62 7.06 16.1 0.0
4.353 4.623 42.63 184.27 160.15 182.32 0.0252
0 0 0 0 0 0 0
-0.795 -1.07 39.44 9.53 -0.93 3.11 0.0
4.595 4.383 45.68 165.57 178.91 187.15 0.0372
0 0 0 0 0 0 0
-0.559 1.254 42.26 -2.49 3.08 11.21 0.0
3.502 5.299 46.42 163.46 162.78 170.98 0.0282
0 0 0 0 0 0 0
-1.69 -1.06 38.03 -3.66 -15.58 14.68 0.0
4.235 4.733 44.29 164.83 172.96 173.99 0.0385
0 0 0 0 0 0 0
-0.78 0.679 35.81 6.53 17.11 16.37 0.0
3.714 5.152 40.4 162.88 198.66 177.29 0.0295
0 0 0 0 0 0 0
-0.751 1.053 44.06 2.37 -16.05 20.63 0.0
3.384 5.374 48.54 168.3 171.56 185.98 0.0284
0 0 0 0 0 0 0
-0.024 0.043 38.84 27.12 31.67 28.63 0.0
4.523 4.459 43.6 177.9 168.92 175.15 0.0299
0 0 0 0 0 0 0
0.066 0.746 43.42 -6.09 -0.7 4.69 0.0
4.152 4.805 47.63 160.92 162.7 167.6 0.0284
0 0 0 0 0 0 0
0.117 0.092 42.73 5.84 -25.53 16.64 0.0
4.685 4.291 47.78 174.75 172.81 179.56 0.0313
0 0 0 0 0 0 0
-0.228 0.381 36.29 -24.46 -5.13 -1.22 0.0
4.241 4.728 41.04 175.14 164.86 169.64 0.0304
0 0 0 0 0 0 0
0.356 0.101 43.04 -5.7 2.39 6.87 0.0
4.666 4.308 47.67 164.86 164.39 190.52 0.0283
0 0 0 0 0 0 0
-0.567 -1.172 36.23 0.53 27.92 18.2 0.0
4.706 4.267 41.63 175.16 158.35 176.39 0.0335
0 0 0 0 0 0 0
0.463 -0.268 40.71 -2.36 -26.98 8.49 0.0
4.915 4.023 45.11 154.38 172.84 176.1 0.03
0 0 0 0 0 0 0
-0.158 0.046 42.2 -23.59 -7.58 -0.46 0.0
4.353 4.624 46.91 179.45 170.69 177.76 0.0299
0 0 0 0 0 0 0
-0.019 -0.444 42.73 11.5 11.33 11.75 0.0
4.727 4.24 47.58 173.54 182.07 180.6 0.0318
0 0 0 0 0 0 0
-0.44 0.244 42.11 -3.42 17.84 9.11 0.0
4.022 4.915 46.8 183.91 173.97 184.05 0.0297
0 0 0 0 0 0 0
0.402 -0.206 38.73 7.82 -13.86 6.88 0.0
4.9 4.043 43.47 173.17 168.13 173.58 0.03
0 0 0 0 0 0 0
1.064 0.264 38.83 11.67 -2.06 -19.51 0.0
4.978 3.946 42.68 174.06 170.91 170.7 0.0264
0 0 0 0 0 0 0
-1.241 -0.223 39.56 26.04 -2.13 -1.19 0.0
4.065 4.881 44.86 183.84 175.17 178.55 0.0335
0 0 0 0 0 0 0
-0.761 0.023 43.43 -12.51 -37.22 -7.48 0.0
4.029 4.909 48.66 194.45 163.82 178.2 0.0334
0 0 0 0 0 0 0
0.784 0.256 36.38 -11.67 -4.96 13.1 0.0
4.77 4.196 40.43 184.99 172.41 166.85 0.0261
0 0 0 0 0 0 0
1.231 -1.4 36.26 -5.16 15.52 -13.3 0.0
5.609 2.981 40.57 174.98 174.86 175.31 0.0298
0 0 0 0 0 0 0
-0.455 -0.008 41.87 -2.03 -1.04 -17.87 0.0
4.27 4.703 46.86 173.17 182.72 181.27 0.0322
0 0 0 0 0 0 0
1.072 -1.292 40.14 -11.47 6.59 9.79 0.0
5.49 3.195 44.86 172.32 180.57 177.03 0.0305
0 0 0 0 0 0 0
0.145 0.267 37.88 7.02 1.76 -16.17 0.0
4.357 4.621 42.33 167.73 167.38 186.88 0.0299
0 0 0 0 0 0 0
0.271 -0.097 37.53 6.59 0.49 -9.49 0.0
4.717 4.256 42.38 170.66 196.66 195.99 0.03
0 0 0 0 0 0 0
-0.462 -0.873 42.32 -5.35 -1.25 -10.32 0.0
4.66 4.314 47.4 202.2 181.23 177.65 0.0353
0 0 0 0 0 0 0
-1.474 0.463 42.92 -14.4 -1.13 -4.47 0.0
3.326 5.411 48.11 178.68 174.48 194.12 0.0331
0 0 0 0 0 0 0
-0.71 1.021 38.87 5.83 -2.9 0.26 0.0
3.578 5.248 43.18 167.86 172.92 177.64 0.0285
0 0 0 0 0 0 0
0.537 1.345 43.2 13.88 -13.75 21.77 0.0
4.417 4.562 47.0 171.94 177.25 184.33 0.0257
0 0 0 0 0 0 0
0.759 1.095 44.07 11.67 2.09 -11.52 0.0
4.424 4.557 47.95 174.55 167.65 180.44 0.0248
0 0 0 0 0 0 0
1.959 0.315 39.83 10.88 25.49 -12.43 0.0
5.124 3.752 43.07 168.5 170.54 177.7 0.0239
0 0 0 0 0 0 0
0.035 -0.111 40.45 5.04 -1.08 3.57 0.0
4.572 4.408 45.15 167.57 181.2 167.06 0.0317
0 0 0 0 0 0 0
-1.703 -0.276 35.47 1.15 -12.99 2.29 0.0
3.819 5.075 41.06 171.87 191.84 166.99 0.0361
0 0 0 0 0 0 0
-0.09 0.967 44.41 -8.47 -9.64 -9.97 0.0
3.976 4.954 48.77 169.06 168.4 180.24 0.0288
0 0 0 0 0 0 0
0.066 0.235 41.15 7.79 16.53 -12.35 0.0
4.497 4.488 45.72 188.84 174.27 175.04 0.0305
0 0 0 0 0 0 0
-0.022 0.258 35.09 19.62 -9.67 -5.61 0.0
4.357 4.623 39.62 171.28 166.35 180.5 0.0296
0 0 0 0 0 0 0
0.663 0.507 42.51 -3.34 10.1 -1.15 0.0
4.576 4.406 46.81 173.96 169.67 176.69 0.0275
0 0 0 0 0 0 0
0.779 -0.107 42.67 1.24 0.77 11.05 0.0
5.092 3.796 46.82 183.61 170.64 157.35 0.0273
0 0 0 0 0 0 0
-0.269 1.189 40.19 -5.15 9.82 2.41 0.0
3.668 5.184 44.31 171.33 181.11 181.5 0.0266
0 0 0 0 0 0 0
1.749 0.46 41.58 -13.39 14.54 17.36 0.0
5.149 3.719 45.0 168.72 156.69 167.31 0.0231
0 0 0 0 0 0 0
-0.652 -0.613 40.96 -16.18 8.86 9.7 0.0
4.452 4.532 46.59 184.3 172.14 184.06 0.0356
0 0 0 0 0 0 0
0.316 -0.281 43.5 -16.55 4.9 19.64 0.0
4.733 4.237 48.12 153.98 185.11 164.12 0.0301
0 0 0 0 0 0 0
-0.146 -1.225 39.29 9.48 -14.83 -12.26 0.0
5.125 3.751 44.52 182.97 172.6 177.05 0.0331
0 0 0 0 0 0 0
-0.839 -1.151 36.41 -13.77 2.39 -12.37 0.0
4.58 4.401 42.28 189.95 180.39 181.58 0.0363
0 0 0 0 0 0 0
-0.96 0.542 38.24 -3.04 0.39 -8.41 0.0
3.619 5.219 42.89 166.8 197.46 189.24 0.0305
0 0 0 0 0 0 0
0.092 0.067 38.24 -3.07 0.89 -14.52 0.0
4.459 4.524 42.9 166.4 181.9 190.19 0.0294
0 0 0 0 0 0 0
-0.127 -0.051 39.13 -8.64 -17.7 11.71 0.0
4.416 4.565 44.08 166.34 167.73 179.78 0.0319
0 0 0 0 0 0 0
-0.13 1.14 41.88 12.62 -14.38 -0.45 0.0
3.867 5.038 45.95 172.65 182.01 180.43 0.0288
0 0 0 0 0 0 0
0.0 -0.0 43.76 -12.55 12.14 0.96 0.0
4.466 4.515 48.6 179.84 173.22 176.83 0.0297
0 0 0 0 0 0 0
-0.393 0.32 36.91 1.54 -1.77 -25.14 0.0
4.174 4.787 41.65 164.39 180.8 188.73 0.0317
0 0 0 0 0 0 0
-0.913 -0.066 38.71 12.05 7.34 15.53 0.0
4.153 4.808 43.92 168.77 172.35 181.35 0.0327
0 0 0 0 0 0 0
-1.011 -0.471 35.04 -12.94 -7.87 -3.68 0.0
4.218 4.749 40.33 171.75 159.47 157.98 0.0364
0 0 0 0 0 0 0
0.645 -0.313 44.25 4.37 2.46 -1.15 0.0
4.884 4.062 48.47 172.53 166.65 172.38 0.0289
0 0 0 0 0 0 0
-0.436 -0.284 38.95 -16.51 -1.06 -21.07 0.0
4.238 4.732 44.04 181.24 169.79 173.47 0.0335
0 0 0 0 0 0 0
0.527 1.19 43.23 19.75 -21.05 -8.47 0.0
4.179 4.782 47.02 176.97 166.17 162.6 0.025
0 0 0 0 0 0 0
0.407 -1.042 40.17 8.77 -2.37 3.46 0.0
5.334 3.449 45.17 174.19 173.94 159.94 0.0323
0 0 0 0 0 0 0
-0.238 0.502 44.62 -2.75 1.49 9.11 0.0
4.098 4.852 49.36 171.68 174.11 151.11 0.0298
0 0 0 0 0 0 0
-1.65 -0.189 44.82 -3.19 -14.46 3.76 0.0
3.605 5.228 50.52 182.06 182.24 169.67 0.0361
0 0 0 0 0 0 0
0.173 0.611 37.63 27.74 2.68 3.53 0.0
4.452 4.53 41.88 177.4 157.54 185.69 0.028
0 0 0 0 0 0 0
-0.693 1.008 40.35 8.95 -6.32 2.57 0.0
3.819 5.075 44.92 168.89 168.21 179.25 0.0292
0 0 0 0 0 0 0
-0.283 1.93 41.69 1.96 -18.83 -26.94 0.0
3.313 5.418 45.23 170.52 162.7 167.64 0.0241
0 0 0 0 0 0 0
0.106 0.035 37.27 15.8 -6.42 -2.61 0.0
4.49 4.493 41.68 179.58 183.59 178.17 0.0296
0 0 0 0 0 0 0
-0.893 0.015 38.28 28.21 26.91 21.41 0.0
3.694 5.168 43.28 173.94 161.15 177.17 0.0336
0 0 0 0 0 0 0
0.046 -0.041 36.65 -8.61 2.96 1.83 0.0
4.547 4.432 41.18 176.38 184.22 178.67 0.0305
0 0 0 0 0 0 0
-1.357 0.685 42.49 19.38 -2.31 -8.88 0.0
3.483 5.312 47.45 170.09 159.34 178.17 0.0316
0 0 0 0 0 0 0
0.074 -0.133 39.97 -11.06 7.05 -17.6 0.0
4.624 4.355 44.63 183.29 167.35 183.08 0.0306
0 0 0 0 0 0 0
-0.193 -0.301 35.33 -2.73 -18.39 10.04 0.0
4.666 4.311 40.76 163.81 162.58 180.86 0.0329
0 0 0 0 0 0 0
1.646 -0.494 39.96 10.38 16.43 -1.01 0.0
5.362 3.404 43.8 167.34 169.2 172.78 0.0266
0 0 0 0 0 0 0
-0.41 -0.5 35.91 10.32 12.35 -10.96 0.0
4.265 4.706 41.01 165.09 172.52 161.53 0.0326
0 0 0 0 0 0 0
-1.173 0.609 36.74 19.31 -11.89 16.66 0.0
3.557 5.262 41.65 161.09 158.65 190.26 0.0304
0 0 0 0 0 0 0
0.806 0.297 41.41 -6.08 10.21 4.91 0.0
4.833 4.123 45.29 187.95 184.24 178.91 0.0268
0 0 0 0 0 0 0
-0.528 0.361 36.8 11.25 10.65 24.79 0.0
4.049 4.893 41.78 169.8 192.49 173.7 0.0306
0 0 0 0 0 0 0
0.78 1.011 44.81 20.82 5.99 -1.6 0.0
4.212 4.753 48.61 167.05 168.63 178.45 0.025
0 0 0 0 0 0 0
-0.073 1.462 42.48 -19.75 -1.43 1.42 0.0
3.626 5.214 46.61 167.39 179.14 173.8 0.0261
0 0 0 0 0 0 0
1.178 1.2 44.82 -16.1 20.23 -22.61 0.0
4.39 4.592 48.05 179.59 173.37 173.9 0.0229
0 0 0 0 0 0 0
0.238 -0.223 44.16 10.58 8.26 -9.65 0.0
4.734 4.234 48.95 172.23 173.58 173.82 0.0309
0 0 0 0 0 0 0
-0.375 -0.404 42.26 -6.91 7.24 1.62 0.0
4.463 4.52 47.27 173.0 184.47 168.87 0.0316
0 0 0 0 0 0 0
1.035 -1.599 36.08 18.14 12.95 13.71 0.0
5.679 2.845 40.88 179.75 162.86 168.02 0.0305
0 0 0 0 0 0 0
-0.392 -0.745 37.49 -4.3 -11.49 10.37 0.0
4.706 4.264 42.66 178.87 176.54 185.51 0.034
0 0 0 0 0 0 0
-0.204 0.757 37.8 18.98 -2.03 -6.32 0.0
3.939 4.982 42.09 171.8 181.33 171.31 0.0282
0 0 0 0 0 0 0
0.328 -0.816 43.7 29.36 7.01 -2.92 0.0
5.038 3.87 49.12 165.85 174.54 193.06 0.0321
0 0 0 0 0 0 0
-1.736 -0.752 40.8 -10.55 1.2 9.58 0.0
4.031 4.908 46.92 176.86 183.34 187.58 0.0375
0 0 0 0 0 0 0
-0.473 -0.487 36.29 -7.27 8.64 -7.15 0.0
4.4 4.58 41.64 182.95 174.26 184.63 0.0328
0 0 0 0 0 0 0
0.308 0.205 40.11 -15.49 -22.58 -27.58 0.0
4.477 4.507 44.66 197.88 169.5 183.27 0.0294
0 0 0 0 0 0 0
-0.3 0.237 39.17 3.52 -7.61 26.82 0.0
4.249 4.72 43.95 179.89 169.25 169.0 0.0295
0 0 0 0 0 0 0
0.078 -0.052 44.72 26.3 -1.37 7.85 0.0
4.653 4.322 49.03 168.68 166.44 187.25 0.0298
0 0 0 0 0 0 0
1.0 -0.252 42.12 -14.74 1.87 16.67 0.0
5.144 3.725 46.54 179.06 170.32 187.12 0.0283
0 0 0 0 0 0 0
-0.009 0.003 43.2 -14.39 19.79 -15.67 0.0
4.579 4.402 47.85 179.4 186.03 175.91 0.0302
0 0 0 0 0 0 0
-0.107 -0.656 38.87 13.85 3.51 -4.59 0.0
4.951 3.977 43.98 185.27 163.12 187.16 0.0322
0 0 0 0 0 0 0
0.524 1.224 39.81 25.18 -19.33 6.86 0.0
4.358 4.618 43.53 181.55 181.77 178.75 0.0255
0 0 0 0 0 0 0
-0.424 1.499 40.15 -13.31 -8.5 1.24 0.0
3.482 5.313 43.91 175.85 181.64 179.09 0.0261
0 0 0 0 0 0 0
1.095 1.556 38.7 26.23 4.23 -17.85 0.0
4.3 4.672 41.78 162.69 174.76 165.4 0.0222
0 0 0 0 0 0 0
-0.27 -0.515 38.56 1.41 -1.98 -14.65 0.0
4.718 4.254 43.75 174.87 176.39 174.59 0.0325
0 0 0 0 0 0 0
-1.36 -0.925 37.63 -13.64 9.37 13.45 0.0
4.213 4.754 43.92 174.93 166.58 170.08 0.0372
0 0 0 0 0 0 0
0.042 0.072 40.56 13.47 -9.05 6.27 0.0
4.611 4.369 45.21 180.46 184.01 171.41 0.029
0 0 0 0 0 0 0
-1.499 -1.304 36.41 4.37 7.84 19.63 0.0
4.44 4.54 42.45 182.29 183.25 172.56 0.0374
0 0 0 0 0 0 0
0.084 0.535 38.45 8.08 16.28 5.26 0.0
4.254 4.715 42.55 175.15 155.84 180.51 0.0274
0 0 0 0 0 0 0
0.494 1.869 39.1 8.01 22.59 5.24 0.0
3.72 5.148 42.48 180.21 171.06 179.05 0.0232
0 0 0 0 0 0 0
-0.777 0.639 40.43 4.66 12.31 6.7 0.0
3.625 5.216 44.78 184.58 180.04 164.56 0.0297
0 0 0 0 0 0 0
-0.041 0.062 37.39 11.12 -5.68 -13.14 0.0
4.375 4.605 42.42 181.78 162.49 185.75 0.0305
0 0 0 0 0 0 0
-0.429 0.191 39.41 -7.21 -9.67 -12.81 0.0
4.192 4.771 44.25 175.33 179.38 175.23 0.0312
0 0 0 0 0 0 0
-0.058 0.99 40.03 -1.25 8.69 -1.07 0.0
3.657 5.193 44.23 176.3 183.69 176.1 0.0273
0 0 0 0 0 0 0
-0.152 0.489 40.31 21.55 0.48 18.0 0.0
4.271 4.703 45.06 164.33 174.31 194.78 0.0293
0 0 0 0 0 0 0
-0.152 -1.198 42.32 5.56 -22.2 1.48 0.0
5.077 3.814 47.48 173.89 175.04 186.7 0.0341
0 0 0 0 0 0 0
-1.363 -1.436 43.11 14.73 3.97 21.98 0.0
4.606 4.374 49.44 172.08 168.78 181.93 0.0394
0 0 0 0 0 0 0
0.545 -0.729 36.21 12.11 -5.75 -7.3 0.0
5.088 3.804 41.03 173.83 158.29 169.51 0.0306
0 0 0 0 0 0 0
-1.613 -0.427 37.57 -2.34 -12.2 10.68 0.0
4.002 4.93 43.17 189.39 175.66 176.28 0.0363
0 0 0 0 0 0 0
0.141 -0.408 39.38 8.37 11.89 4.2 0.0
4.789 4.173 44.36 173.21 172.81 183.56 0.0307
0 0 0 0 0 0 0
-1.023 1.142 40.27 8.68 -13.41 11.73 0.0
3.491 5.307 44.7 196.18 178.68 177.05 0.0283
0 0 0 0 0 0 0
-1.638 0.135 44.19 -7.13 14.15 15.0 0.0
3.295 5.431 49.39 179.7 164.91 165.39 0.0331
0 0 0 0 0 0 0
-0.043 0.237 36.05 12.95 -17.02 -20.8 0.0
4.373 4.607 40.28 184.83 180.9 168.02 0.0284
0 0 0 0 0 0 0
0.915 1.335 35.32 16.16 -4.21 22.45 0.0
4.463 4.52 39.06 179.99 169.11 188.8 0.0237
0 0 0 0 0 0 0
-0.36 -0.486 38.19 -9.22 -15.13 -2.69 0.0
4.493 4.49 43.06 171.72 176.23 156.15 0.0316
0 0 0 0 0 0 0
-0.239 0.254 44.64 25.2 14.71 16.67 0.0
4.325 4.65 49.36 176.52 158.72 174.01 0.0295
0 0 0 0 0 0 0
-1.335 -0.124 41.53 5.41 -1.81 -8.17 0.0
3.735 5.137 46.89 173.63 172.05 171.11 0.0352
0 0 0 0 0 0 0
0.127 1.619 35.44 1.18 -7.74 -21.54 0.0
3.74 5.132 39.38 171.47 177.59 182.51 0.0258
0 0 0 0 0 0 0
1.299 -0.82 40.63 -1.92 2.89 -15.41 0.0
5.239 3.592 44.85 171.77 181.93 169.2 0.0297
0 0 0 0 0 0 0
-0.0 0.015 44.36 -5.02 2.48 -1.47 0.0
4.578 4.401 49.27 182.23 198.67 190.8 0.0306
0 0 0 0 0 0 0
0.022 0.482 42.35 -3.1 -6.62 8.0 0.0
4.29 4.683 46.94 179.03 184.18 181.16 0.0292
0 0 0 0 0 0 0
-0.013 -0.088 38.62 12.0 -15.47 -25.22 0.0
4.602 4.376 43.5 156.94 162.29 181.2 0.0313
0 0 0 0 0 0 0
-0.691 1.823 36.27 4.62 10.27 5.4 0.0
2.945 5.627 39.99 178.99 188.55 171.11 0.0251
0 0 0 0 0 0 0
0.36 -1.323 36.4 -2.01 -22.63 -11.55 0.0
5.2 3.648 41.39 171.26 188.38 191.16 0.0331
0 0 0 0 0 0 0
0.19 -0.377 39.33 15.54 3.19 5.0 0.0
4.769 4.195 44.08 172.77 171.74 152.07 0.0298
0 0 0 0 0 0 0
-0.404 -1.431 36.52 -0.52 -4.91 -10.02 0.0
4.987 3.934 41.85 172.42 171.98 170.93 0.0348
0 0 0 0 0 0 0
-1.007 -0.942 35.18 8.93 -9.78 -15.19 0.0
4.449 4.534 40.67 168.16 180.11 170.23 0.036
0 0 0 0 0 0 0
0.417 1.321 36.3 -10.3 2.59 -6.8 0.0
4.085 4.862 39.94 163.78 173.72 161.77 0.0249
0 0 0 0 0 0 0
1.428 0.099 40.74 3.49 5.65 -8.57 0.0
5.157 3.707 44.53 172.83 174.89 170.65 0.025
0 0 0 0 0 0 0
0.293 1.023 37.54 -8.01 -4.31 -6.31 0.0
4.038 4.903 41.04 176.03 184.79 154.99 0.0257
0 0 0 0 0 0 0
0.094 -0.419 43.34 -20.72 -10.7 6.8 0.0
4.598 4.382 48.27 176.54 174.95 184.1 0.0322
0 0 0 0 0 0 0
-0.076 -0.336 37.16 17.96 5.89 10.16 0.0
4.701 4.272 42.31 163.11 168.52 186.41 0.0317
0 0 0 0 0 0 0
-0.383 -0.522 44.11 -17.95 -3.73 7.17 0.0
4.557 4.425 49.23 181.07 177.49 177.71 0.0333
0 0 0 0 0 0 0
1.501 0.475 40.88 9.92 10.95 -4.58 0.0
4.909 4.029 44.61 157.89 170.15 189.11 0.0251
0 0 0 0 0 0 0
-0.698 1.153 39.15 -8.9 -27.43 5.28 0.0
3.437 5.34 43.5 173.09 185.04 173.59 0.0289
0 0 0 0 0 0 0
-0.143 1.492 40.89 11.81 16.44 11.54 0.0
3.554 5.263 44.72 169.39 166.38 157.14 0.0257
0 0 0 0 0 0 0
-0.31 0.439 40.33 4.47 9.12 -1.73 0.0
4.121 4.834 44.93 178.46 169.99 164.78 0.0295
0 0 0 0 0 0 0
-0.362 -0.048 38.46 -6.95 9.83 1.58 0.0
4.266 4.705 43.5 168.13 175.72 177.04 0.0315
0 0 0 0 0 0 0
-0.082 0.924 38.93 -6.4 -15.5 12.31 0.0
4.011 4.925 43.21 170.44 181.23 170.34 0.0275
0 0 0 0 0 0 0
-0.283 1.082 42.95 7.11 -11.51 -3.97 0.0
3.607 5.227 47.42 185.6 176.2 188.05 0.0278
0 0 0 0 0 0 0
0.444 0.457 44.44 23.96 -7.76 12.99 0.0
4.475 4.507 48.71 185.45 168.26 187.29 0.0273
0 0 0 0 0 0 0
1.289 -0.573 41.35 20.56 9.07 -16.75 0.0
5.327 3.46 45.42 194.92 174.76 161.34 0.0274
0 0 0 0 0 0 0
0.4 0.781 42.69 -8.93 2.02 -6.37 0.0
4.168 4.792 46.64 169.05 183.11 174.18 0.0262
0 0 0 0 0 0 0
0.066 -0.095 44.18 1.6 -3.88 -9.63 0.0
4.48 4.501 48.94 161.67 168.52 157.76 0.031
0 0 0 0 0 0 0
-1.424 0.161 36.2 22.95 4.6 -18.61 0.0
3.555 5.264 41.33 174.03 178.62 173.74 0.0332
0 0 0 0 0 0 0
1.686 0.249 39.6 32.03 22.87 25.0 0.0
5.188 3.665 43.31 163.04 177.47 181.77 0.0243
0 0 0 0 0 0 0
-0.051 1.052 44.46 8.24 11.03 1.45 0.0
3.925 4.993 48.38 163.33 174.19 174.7 0.0254
0 0 0 0 0 0 0
-0.408 -0.116 40.4 6.52 -3.76 -23.4 0.0
4.457 4.526 45.45 171.52 162.41 200.55 0.0324
0 0 0 0 0 0 0
0.97 -0.876 38.12 -1.94 4.42 -2.31 0.0
5.351 3.423 42.34 175.82 174.52 166.11 0.0285
0 0 0 0 0 0 0
-1.688 0.021 39.47 27.11 -14.15 -3.2 0.0
3.795 5.094 44.62 191.77 184.3 180.54 0.034
0 0 0 0 0 0 0
-0.573 -0.17 37.31 -21.98 -6.31 22.34 0.0
4.256 4.716 42.67 172.01 184.97 187.03 0.0328
0 0 0 0 0 0 0
-0.608 -0.787 43.39 -11.86 0.35 -6.4 0.0
4.573 4.407 48.78 176.53 177.31 170.31 0.0335
0 0 0 0 0 0 0
-0.781 -0.207 40.68 -6.24 -13.36 12.5 0.0
4.005 4.928 45.86 167.08 182.57 195.13 0.0336
0 0 0 0 0 0 0
0.68 -0.265 39.84 17.79 3.57 -8.85 0.0
4.835 4.12 43.86 171.77 171.2 183.01 0.0274
0 0 0 0 0 0 0
0.081 -0.75 40.98 -0.18 5.07 12.3 0.0
4.736 4.233 46.0 171.6 162.28 174.15 0.0325
0 0 0 0 0 0 0
-1.023 -0.752 44.42 -23.12 9.02 14.63 0.0
4.176 4.786 50.13 177.07 165.48 195.42 0.0357
0 0 0 0 0 0 0
0.23 1.757 40.61 -22.5 3.73 -14.41 0.0
3.562 5.257 44.05 164.47 171.45 179.38 0.0236
0 0 0 0 0 0 0
-1.118 0.311 40.5 -2.75 15.36 6.96 0.0
3.646 5.201 45.63 159.59 171.63 175.84 0.0313
0 0 0 0 0 0 0
-0.256 -1.637 36.55 12.23 -15.51 13.15 0.0
5.066 3.829 42.1 168.16 182.98 174.33 0.0347
0 0 0 0 0 0 0
1.375 0.577 42.11 -8.44 -2.66 -1.39 0.0
4.755 4.211 45.71 167.03 183.18 176.44 0.0248
0 0 0 0 0 0 0
-0.729 -0.204 44.22 -15.23 7.02 -5.65 0.0
4.193 4.77 49.1 180.96 169.95 160.23 0.0329
0 0 0 0 0 0 0
0.198 0.004 35.64 -12.04 -22.22 -20.66 0.0
4.448 4.533 40.43 177.59 171.59 169.52 0.0305
0 0 0 0 0 0 0
0.4 1.229 41.47 15.44 -3.28 24.15 0.0
4.229 4.74 45.22 176.19 178.12 191.93 0.0246
0 0 0 0 0 0 0
0.101 -1.831 36.83 16.99 17.1 6.76 0.0
5.44 3.281 42.16 171.63 185.57 168.91 0.0345
0 0 0 0 0 0 0
1.023 0.768 37.22 11.14 -1.48 -0.77 0.0
4.579 4.4 40.95 171.47 184.51 177.36 0.0244
0 0 0 0 0 0 0
0.798 -0.368 38.19 -6.19 4.81 -6.1 0.0
5.066 3.831 42.54 174.95 172.44 165.17 0.0284
0 0 0 0 0 0 0
0.992 0.305 42.17 -8.58 -34.09 7.89 0.0
4.785 4.175 46.01 179.04 182.06 178.22 0.0264
0 0 0 0 0 0 0
0.066 -0.099 37.51 1.9 -0.59 11.99 0.0
4.398 4.581 42.56 161.28 170.55 177.08 0.0311
0 0 0 0 0 0 0
0.458 0.481 44.37 -7.26 -18.26 0.31 0.0
4.665 4.312 48.49 180.97 162.77 157.46 0.0275
0 0 0 0 0 0 0
-1.537 0.398 36.38 -21.14 5.58 -14.18 0.0
3.443 5.339 41.4 185.09 172.87 173.82 0.0334
0 0 0 0 0 0 0
-0.774 -0.342 38.5 11.34 6.97 -6.04 0.0
4.235 4.732 43.75 165.66 191.6 179.73 0.0337
0 0 0 0 0 0 0
0.499 0.52 35.24 -0.66 -21.76 9.14 0.0
4.51 4.472 39.28 177.43 176.89 176.05 0.0265
0 0 0 0 0 0 0
0.859 -1.302 43.19 10.9 4.23 -12.59 0.0
5.562 3.065 47.66 171.45 167.81 176.35 0.0296
0 0 0 0 0 0 0
0.414 -1.915 43.31 12.93 17.23 -17.88 0.0
5.445 3.273 48.17 163.87 167.22 181.14 0.0339
0 0 0 0 0 0 0
-1.062 0.495 43.28 4.48 -6.91 -1.28 0.0
3.726 5.144 47.9 178.99 165.92 166.65 0.0305
0 0 0 0 0 0 0
0.264 -0.117 43.07 -18.66 -0.5 -19.33 0.0
4.615 4.365 47.61 181.65 186.4 174.3 0.0308
0 0 0 0 0 0 0
0.354 -1.202 40.14 8.64 19.76 27.91 0.0
5.388 3.361 45.41 176.02 174.02 176.22 0.0328
0 0 0 0 0 0 0
-0.016 0.024 38.02 0.81 -14.96 -1.59 0.0
4.449 4.531 42.66 177.34 184.99 189.74 0.0299
0 0 0 0 0 0 0
-0.781 -1.43 39.87 1.76 7.06 -8.48 0.0
4.941 3.988 45.39 171.8 169.51 172.51 0.0363
0 0 0 0 0 0 0
-0.236 -0.998 35.17 4.04 26.8 -7.85 0.0
4.857 4.093 40.18 183.79 187.44 191.16 0.0335
0 0 0 0 0 0 0
-0.399 0.494 40.59 -7.39 -5.72 12.36 0.0
3.883 5.026 45.22 158.9 160.11 195.51 0.0302
0 0 0 0 0 0 0
0.381 -1.447 43.67 0.21 -12.71 7.21 0.0
5.365 3.401 48.69 174.28 188.06 160.32 0.0324
0 0 0 0 0 0 0
0.37 0.112 37.93 -0.12 6.27 -11.17 0.0
4.545 4.436 42.46 167.61 169.45 190.56 0.0286
0 0 0 0 0 0 0
-0.97 0.36 36.93 19.92 10.74 -16.41 0.0
3.628 5.214 41.58 177.94 166.5 187.18 0.0314
0 0 0 0 0 0 0
1.341 0.714 42.94 1.62 -7.27 22.52 0.0
4.85 4.099 46.61 181.4 170.68 167.81 0.0239
0 0 0 0 0 0 0
-0.194 0.003 42.47 2.84 -8.38 -1.85 0.0
4.441 4.54 47.19 181.24 178.17 163.2 0.0306
0 0 0 0 0 0 0
-1.32 -0.305 42.26 -16.63 -7.92 -4.96 0.0
3.877 5.031 47.73 178.4 174.82 163.85 0.0365
0 0 0 0 0 0 0
-0.006 -0.082 36.85 14.27 19.28 11.8 0.0
4.545 4.436 41.61 168.0 163.91 177.64 0.0297
0 0 0 0 0 0 0
1.061 0.054 35.17 -9.18 15.18 4.04 0.0
4.849 4.102 39.25 170.76 184.81 186.96 0.0261
0 0 0 0 0 0 0
-1.086 0.511 35.47 13.47 14.83 -1.54 0.0
3.638 5.206 40.29 179.47 166.1 167.96 0.0313
0 0 0 0 0 0 0
-1.768 0.111 41.64 11.35 35.05 2.16 0.0
3.273 5.442 47.05 168.02 173.43 177.9 0.0338
0 0 0 0 0 0 0
-0.069 -0.122 42.86 -14.15 4.23 -9.18 0.0
4.382 4.596 47.76 183.37 185.52 171.96 0.031
0 0 0 0 0 0 0
1.08 -1.082 37.87 11.63 16.46 -1.48 0.0
5.525 3.133 42.05 170.63 173.23 166.24 0.0297
0 0 0 0 0 0 0
0.737 -0.295 43.21 6.87 -2.03 16.07 0.0
4.968 3.958 47.75 174.62 176.5 183.92 0.028
0 0 0 0 0 0 0
1.427 -0.139 39.22 -20.16 9.25 34.55 0.0
5.152 3.714 43.22 172.61 170.67 181.59 0.0255
0 0 0 0 0 0 0
-1.734 0.375 37.18 8.96 -7.16 20.35 0.0
3.395 5.367 42.54 178.35 188.05 172.77 0.0345
0 0 0 0 0 0 0
-0.385 -0.895 42.12 -12.55 -20.18 16.51 0.0
4.838 4.115 47.53 185.61 180.44 178.82 0.0352
0 0 0 0 0 0 0
1.059 -0.719 44.66 -5.96 -1.58 6.98 0.0
5.178 3.679 49.07 171.37 183.93 171.02 0.0303
0 0 0 0 0 0 0
0.725 -0.708 42.04 -16.93 -7.3 10.63 0.0
5.145 3.724 46.81 164.31 176.07 187.1 0.0298
0 0 0 0 0 0 0
-0.165 -0.382 37.14 -2.97 23.66 -10.17 0.0
4.536 4.446 42.32 162.68 183.04 161.17 0.0322
0 0 0 0 0 0 0
-0.717 -0.246 40.4 14.73 -4.23 12.58 0.0
4.231 4.738 45.53 188.11 165.02 175.69 0.0336
0 0 0 0 0 0 0
0.005 0.042 37.35 -4.64 -15.6 1.78 0.0
4.421 4.56 42.3 162.32 152.77 191.02 0.0304
0 0 0 0 0 0 0
1.895 0.408 36.17 -15.57 -7.19 11.38 0.0
5.118 3.761 39.8 171.75 176.45 169.25 0.0231
0 0 0 0 0 0 0
0.648 1.302 38.32 -23.62 3.46 3.74 0.0
3.948 4.974 42.08 173.67 166.69 188.49 0.0247
0 0 0 0 0 0 0
1.493 0.603 44.13 2.58 -4.29 19.08 0.0
4.906 4.034 48.16 163.2 160.25 171.13 0.025
0 0 0 0 0 0 0
-0.568 -0.343 39.12 0.44 -3.48 16.24 0.0
4.327 4.649 44.5 165.97 181.53 190.21 0.0334
0 0 0 0 0 0 0
0.862 -0.494 42.38 12.37 10.87 22.59 0.0
5.148 3.719 47.17 161.4 161.61 175.84 0.0302
0 0 0 0 0 0 0
-1.06 -0.759 42.72 26.89 -11.71 13.19 0.0
4.552 4.429 48.02 176.61 186.98 184.59 0.0341
0 0 0 0 0 0 0
0.361 0.831 37.26 3.28 31.99 -1.15 0.0
4.243 4.726 41.28 164.28 173.87 185.65 0.0261
0 0 0 0 0 0 0
-0.84 -1.364 40.99 -12.02 13.31 11.01 0.0
4.82 4.136 47.01 189.72 182.3 182.31 0.0364
0 0 0 0 0 0 0
-0.14 -0.053 35.94 6.18 -12.65 -11.17 0.0
4.48 4.502 40.49 196.82 170.71 179.75 0.0309
0 0 0 0 0 0 0
-0.207 0.459 41.03 -2.29 -3.62 -12.71 0.0
4.197 4.768 45.71 184.27 181.74 157.32 0.0304
0 0 0 0 0 0 0
0.256 -1.061 42.65 -3.93 -10.56 -18.87 0.0
5.118 3.76 47.83 184.16 164.34 193.31 0.0327
0 0 0 0 0 0 0
-0.411 0.338 41.71 -12.03 8.25 -13.08 0.0
3.963 4.964 46.49 170.23 164.6 178.35 0.0306
0 0 0 0 0 0 0
1.624 -0.461 37.22 3.01 4.53 -3.1 0.0
5.412 3.325 41.05 165.43 173.03 168.39 0.0263
0 0 0 0 0 0 0
1.239 0.308 39.72 -3.34 6.08 -4.06 0.0
4.891 4.054 43.6 183.67 157.62 171.43 0.0266
0 0 0 0 0 0 0
-0.47 0.853 41.78 0.67 17.57 -1.69 0.0
3.774 5.109 46.3 181.72 155.67 169.8 0.0295
0 0 0 0 0 0 0
1.745 0.407 44.19 -21.84 4.61 -16.7 0.0
5.039 3.865 47.64 183.5 163.35 180.89 0.0233
0 0 0 0 0 0 0
1.111 0.275 36.31 -14.5 -2.91 -6.82 0.0
4.849 4.103 40.21 171.27 168.09 171.26 0.0265
0 0 0 0 0 0 0
-1.34 0.409 35.59 -11.32 -12.71 15.55 0.0
3.513 5.29 40.59 189.13 170.43 177.7 0.0324
0 0 0 0 0 0 0
0.41 0.173 42.97 -2.67 15.43 -2.78 0.0
4.512 4.47 47.27 171.67 161.64 177.91 0.0284
0 0 0 0 0 0 0
0.781 -1.4 36.78 10.12 -0.06 -12.1 0.0
5.423 3.307 41.56 160.97 172.95 208.99 0.03
0 0 0 0 0 0 0
0.301 -0.188 37.34 -4.09 -1.41 9.97 0.0
4.842 4.11 41.91 164.44 174.42 160.45 0.0304
0 0 0 0 0 0 0
-0.108 -0.309 41.75 14.02 16.38 14.63 0.0
4.767 4.198 46.54 177.16 182.18 185.32 0.03
0 0 0 0 0 0 0
-0.177 -0.174 38.61 23.3 -6.38 -17.06 0.0
4.406 4.575 43.12 173.53 172.34 168.26 0.0311
0 0 0 0 0 0 0
0.873 0.3 39.77 -17.29 -10.63 -0.2 0.0
4.74 4.23 44.07 181.52 186.84 182.69 0.0275
0 0 0 0 0 0 0
-0.044 -0.113 37.58 5.1 -5.47 4.68 0.0
4.495 4.486 42.5 167.42 157.96 173.79 0.031
0 0 0 0 0 0 0
0.389 -1.265 38.53 7.98 -17.42 -7.09 0.0
5.392 3.359 43.75 178.63 168.22 192.27 0.0336
0 0 0 0 0 0 0
0.179 0.602 40.17 16.89 -5.41 4.44 0.0
4.268 4.704 44.0 179.83 185.31 165.55 0.0273
0 0 0 0 0 0 0
0.874 -0.564 35.85 -16.36 -6.01 2.78 0.0
5.074 3.818 40.36 173.91 163.46 195.09 0.0289
0 0 0 0 0 0 0
-0.369 0.447 44.55 -5.62 -8.72 0.98 0.0
4.139 4.819 49.38 155.62 179.82 196.5 0.03
0 0 0 0 0 0 0
-0.914 -0.916 35.74 -13.26 -10.89 16.31 0.0
4.321 4.654 41.42 168.91 177.65 175.44 0.0356
0 0 0 0 0 0 0
-0.751 -0.461 40.57 -8.73 -6.08 -24.82 0.0
4.379 4.6 45.62 162.0 166.09 167.13 0.0328
0 0 0 0 0 0 0
0.005 -0.017 35.69 15.43 -1.72 4.11 0.0
4.555 4.426 40.5 170.2 162.59 186.72 0.0304
0 0 0 0 0 0 0
1.421 -0.648 43.69 0.08 -10.17 -10.55 0.0
5.318 3.472 47.75 157.86 176.28 179.82 0.0272
0 0 0 0 0 0 0
0.768 -0.275 43.13 14.06 -12.89 -3.35 0.0
4.923 4.013 47.37 185.48 180.5 178.73 0.0277
0 0 0 0 0 0 0
-0.471 0.132 38.52 -24.34 -22.36 -7.77 0.0
4.257 4.715 43.36 178.91 163.39 172.18 0.0326
0 0 0 0 0 0 0
-0.465 -0.109 44.11 12.65 5.93 -0.4 0.0
4.298 4.679 48.59 181.63 185.98 171.9 0.0311
0 0 0 0 0 0 0
0.087 -0.716 44.04 -23.83 13.14 9.06 0.0
4.864 4.082 49.33 165.76 166.02 180.0 0.0328
0 0 0 0 0 0 0
0.235 -0.936 36.08 10.23 -13.9 9.5 0.0
4.989 3.93 41.01 177.33 176.45 179.29 0.0317
0 0 0 0 0 0 0
-0.031 0.353 40.53 -0.04 -6.22 11.73 0.0
4.277 4.695 45.01 174.97 182.33 184.02 0.0294
0 0 0 0 0 0 0
1.697 1.02 43.58 10.96 8.82 -6.42 0.0
4.811 4.148 46.84 171.46 179.43 178.97 0.0222
0 0 0 0 0 0 0
-0.308 -0.242 36.24 9.84 -7.65 6.21 0.0
4.274 4.699 41.8 172.35 160.93 171.98 0.0345
0 0 0 0 0 0 0
-0.499 0.494 36.22 -14.97 -2.54 14.58 0.0
3.707 5.156 40.87 179.75 177.97 182.1 0.0299
0 0 0 0 0 0 0
-0.338 0.163 42.0 -8.24 -1.09 -5.07 0.0
4.31 4.664 47.16 174.15 150.66 187.29 0.0324
0 0 0 0 0 0 0
0.756 0.557 38.27 -17.54 5.03 -6.33 0.0
4.654 4.323 42.11 184.48 163.13 181.29 0.0268
0 0 0 0 0 0 0
-1.648 1.085 42.98 14.42 4.45 -4.31 0.0
2.928 5.637 47.93 173.23 188.91 179.02 0.0306
0 0 0 0 0 0 0
0.542 1.786 35.91 -6.1 22.03 -16.56 0.0
3.492 5.304 39.23 164.98 181.18 186.72 0.0226
0 0 0 0 0 0 0
0.647 0.146 38.26 -1.86 -19.08 21.57 0.0
4.763 4.203 42.67 166.45 180.44 187.34 0.0292
0 0 0 0 0 0 0
-0.455 0.604 35.66 -11.97 -6.41 -1.33 0.0
4.065 4.881 39.68 184.24 186.38 166.32 0.0284
0 0 0 0 0 0 0
-0.491 -0.714 37.89 -18.31 2.3 10.09 0.0
4.432 4.551 43.27 163.88 177.04 174.95 0.0333
0 0 0 0 0 0 0
-0.078 0.19 37.71 -3.9 2.97 4.69 0.0
4.496 4.485 42.38 186.84 171.27 164.87 0.0303
0 0 0 0 0 0 0
-0.778 0.516 37.78 -6.06 -12.44 4.18 0.0
3.601 5.231 42.43 164.83 181.17 173.37 0.0316
0 0 0 0 0 0 0
0.48 1.879 43.41 8.95 7.65 1.13 0.0
3.728 5.141 46.92 183.4 168.97 161.15 0.0225
0 0 0 0 0 0 0
-0.642 -0.052 37.7 -13.88 7.29 7.31 0.0
4.204 4.762 42.81 175.05 163.67 176.32 0.031
0 0 0 0 0 0 0
1.17 1.492 37.73 -8.44 2.34 -20.18 0.0
4.431 4.55 40.96 174.62 174.1 173.53 0.0225
0 0 0 0 0 0 0
0.377 1.186 39.36 6.78 21.02 -3.53 0.0
4.021 4.915 43.09 170.67 160.26 168.35 0.0256
0 0 0 0 0 0 0
1.288 1.191 44.11 16.35 -8.87 6.44 0.0
4.62 4.357 47.52 164.49 182.94 183.31 0.0234
0 0 0 0 0 0 0
1.076 -1.682 44.06 20.39 -31.6 2.03 0.0
5.643 2.914 48.73 162.64 180.1 170.49 0.0306
0 0 0 0 0 0 0
0.036 1.485 39.51 2.7 -7.69 -5.48 0.0
3.789 5.098 43.46 167.69 172.66 176.63 0.0265
0 0 0 0 0 0 0
1.249 -0.187 37.81 -4.64 -17.56 7.72 0.0
5.137 3.735 41.73 183.97 177.79 178.11 0.026
0 0 0 0 0 0 0
-0.082 1.457 41.92 -0.27 -5.69 35.4 0.0
3.582 5.244 46.02 152.27 157.37 160.72 0.0273
0 0 0 0 0 0 0
-0.145 0.973 43.65 -3.08 -1.59 11.89 0.0
3.954 4.97 48.01 168.63 178.93 176.91 0.0278
0 0 0 0 0 0 0
0.778 0.348 39.98 -18.64 -16.84 -2.72 0.0
4.8 4.159 44.21 169.87 171.36 197.06 0.0276
0 0 0 0 0 0 0
-0.332 -0.571 38.7 -25.47 12.58 19.13 0.0
4.47 4.51 43.79 185.52 180.96 182.22 0.0324
0 0 0 0 0 0 0
-1.669 0.381 37.08 18.82 3.41 -8.65 0.0
3.383 5.376 42.18 181.69 174.35 169.81 0.0325
0 0 0 0 0 0 0
1.473 1.125 41.14 -9.15 -12.87 -6.41 0.0
4.58 4.401 44.39 172.81 182.93 178.55 0.0224
0 0 0 0 0 0 0
0.034 0.821 36.72 -4.99 5.69 19.9 0.0
4.055 4.889 41.07 184.9 176.56 186.55 0.0275
0 0 0 0 0 0 0
0.922 -0.728 41.11 -2.96 -11.86 1.86 0.0
5.373 3.389 45.54 166.17 174.68 183.39 0.0314
0 0 0 0 0 0 0
0.558 -1.723 35.6 11.12 0.23 20.17 0.0
5.426 3.301 41.0 158.37 168.86 183.16 0.0323
0 0 0 0 0 0 0
1.455 1.067 36.16 -15.41 11.49 -18.43 0.0
4.488 4.494 39.38 178.71 177.02 167.96 0.0229
0 0 0 0 0 0 0
-0.425 1.138 37.58 1.82 -21.31 -39.97 0.0
3.706 5.159 41.69 171.58 175.19 171.99 0.0282
0 0 0 0 0 0 0
-0.342 0.056 41.22 -16.11 -10.14 -6.7 0.0
4.302 4.674 46.28 180.12 176.57 170.31 0.0324
0 0 0 0 0 0 0
0.573 -1.074 37.97 -8.99 22.4 -10.36 0.0
5.202 3.645 42.52 165.01 161.78 177.85 0.0317
0 0 0 0 0 0 0
0.207 0.082 42.59 3.62 -9.44 11.84 0.0
4.581 4.398 46.62 172.04 168.2 179.88 0.0286
0 0 0 0 0 0 0
0.06 -0.203 44.56 -11.23 -10.51 8.81 0.0
4.522 4.458 49.37 177.91 175.38 166.87 0.0315
0 0 0 0 0 0 0
-0.414 -0.871 43.8 19.6 -10.92 3.71 0.0
4.58 4.402 49.21 155.88 201.47 183.37 0.0335
0 0 0 0 0 0 0
1.822 -0.242 41.57 0.39 -1.76 -1.18 0.0
5.359 3.41 45.28 167.7 161.56 182.63 0.0245
0 0 0 0 0 0 0
-0.78 0.384 37.58 -8.36 -10.0 -9.06 0.0
3.966 4.962 42.51 193.94 192.75 175.65 0.0312
0 0 0 0 0 0 0
1.216 -0.773 44.74 -4.63 -13.88 -1.85 0.0
5.417 3.314 49.29 176.73 177.24 163.28 0.0281
0 0 0 0 0 0 0
0.584 0.145 39.59 20.66 -4.06 4.02 0.0
4.614 4.363 43.83 170.93 176.01 173.82 0.0281
0 0 0 0 0 0 0
1.034 -0.662 39.08 8.24 -2.13 4.97 0.0
5.299 3.5 43.59 165.12 174.35 180.96 0.0295
0 0 0 0 0 0 0
0.146 -0.051 37.62 0.94 -0.61 1.87 0.0
4.64 4.337 42.46 180.56 178.02 172.98 0.0306
0 0 0 0 0 0 0
1.669 0.856 38.26 8.62 2.88 -6.35 0.0
4.819 4.136 41.58 170.11 173.32 183.47 0.0228
0 0 0 0 0 0 0
-0.157 -0.078 41.48 8.32 12.65 5.92 0.0
4.429 4.554 46.25 181.85 171.65 160.04 0.0309
0 0 0 0 0 0 0
0.663 0.067 35.26 -23.66 -1.4 14.94 0.0
4.56 4.422 39.77 181.57 185.1 167.65 0.0289
0 0 0 0 0 0 0
-0.527 0.636 39.45 4.44 22.25 3.03 0.0
3.802 5.086 43.68 188.63 177.68 186.39 0.0294
0 0 0 0 0 0 0
-0.58 1.153 41.92 -12.42 12.82 -6.04 0.0
3.436 5.341 46.26 160.32 160.86 173.48 0.028
0 0 0 0 0 0 0
-1.067 1.53 43.19 -19.15 -14.92 10.21 0.0
3.171 5.504 47.45 177.72 162.75 180.48 0.0276
0 0 0 0 0 0 0
-1.914 0.106 42.09 5.75 -3.42 5.11 0.0
3.31 5.42 47.49 183.65 168.02 186.6 0.0346
0 0 0 0 0 0 0
0.413 -1.745 36.17 26.88 -0.96 -29.74 0.0
5.471 3.225 41.28 193.7 181.55 166.77 0.0336
0 0 0 0 0 0 0
-0.382 -1.078 37.52 -9.49 -2.32 -8.15 0.0
4.798 4.162 43.14 180.06 174.23 184.83 0.0344
0 0 0 0 0 0 0
-0.282 -1.052 35.2 -8.42 -14.53 14.51 0.0
4.966 3.958 40.91 166.46 164.23 176.79 0.035
0 0 0 0 0 0 0
-0.0 0.0 36.43 -13.16 -18.7 -7.38 0.0
4.481 4.503 41.29 161.35 168.65 173.09 0.0316
0 0 0 0 0 0 0
0.5 0.105 41.89 3.7 -16.61 5.35 0.0
4.877 4.068 46.49 173.08 157.88 160.47 0.0298
0 0 0 0 0 0 0
-0.111 0.265 35.7 -35.47 19.2 0.82 0.0
4.101 4.848 40.56 155.78 167.4 178.8 0.0314
0 0 0 0 0 0 0
-0.798 -0.215 41.91 -11.86 12.45 -15.37 0.0
3.946 4.979 46.92 168.07 179.66 171.32 0.0325
0 0 0 0 0 0 0
-0.004 -0.048 43.24 16.03 -4.47 -17.82 0.0
4.73 4.237 47.74 169.68 171.78 177.54 0.0318
0 0 0 0 0 0 0
-0.01 0.153 41.8 -2.54 -3.45 -10.19 0.0
4.561 4.419 46.72 173.76 150.53 185.77 0.0305
0 0 0 0 0 0 0
-0.327 0.154 36.06 15.98 9.86 -0.85 0.0
4.334 4.642 40.75 173.5 166.77 180.76 0.0311
0 0 0 0 0 0 0
-0.191 0.031 35.18 -12.63 -3.25 -1.63 0.0
4.222 4.745 39.88 183.64 181.29 172.9 0.0303
0 0 0 0 0 0 0
-0.191 0.512 40.29 -8.08 -3.72 10.11 0.0
4.29 4.683 44.82 180.97 185.58 176.5 0.0281
0 0 0 0 0 0 0
1.364 -0.574 35.07 -3.89 -28.72 -1.01 0.0
5.369 3.395 39.3 170.81 167.39 178.83 0.0271
0 0 0 0 0 0 0
-0.498 -0.633 37.4 -6.74 10.29 1.78 0.0
4.608 4.371 42.3 165.11 184.71 177.29 0.0336
0 0 0 0 0 0 0
-1.028 -0.643 41.66 13.79 5.41 5.73 0.0
4.319 4.659 46.91 177.82 186.27 180.38 0.0348
0 0 0 0 0 0 0
0.94 -0.918 38.41 14.93 -22.02 10.08 0.0
5.305 3.494 42.96 162.94 165.39 171.82 0.0295
0 0 0 0 0 0 0
-1.655 0.349 37.59 -2.45 -2.29 0.63 0.0
3.393 5.369 42.6 169.43 174.13 163.17 0.0336
0 0 0 0 0 0 0
0.776 1.633 35.14 -1.6 -6.17 5.43 0.0
4.157 4.802 38.67 171.37 186.08 179.1 0.0223
0 0 0 0 0 0 0
-0.109 -0.508 36.6 -8.85 -11.35 -8.31 0.0
4.69 4.284 41.41 163.11 164.9 175.38 0.0315
0 0 0 0 0 0 0
0.044 -0.854 38.67 6.59 -21.46 3.15 0.0
4.949 3.982 43.93 185.75 175.8 184.35 0.0327
0 0 0 0 0 0 0
1.046 0.137 42.59 -20.59 11.99 -7.82 0.0
5.012 3.9 46.76 182.95 165.08 175.47 0.0266
0 0 0 0 0 0 0
-0.535 1.046 39.6 2.28 0.84 1.59 0.0
3.688 5.17 44.24 171.11 185.01 182.84 0.0295
0 0 0 0 0 0 0
0.716 -1.761 42.94 9.56 -19.05 7.99 0.0
5.642 2.916 47.93 172.67 174.27 156.32 0.0326
0 0 0 0 0 0 0
1.021 -0.613 38.92 -2.03 -3.96 20.74 0.0
5.364 3.401 43.4 174.35 175.95 190.03 0.0289
0 0 0 0 0 0 0
1.441 -0.593 37.7 -0.83 -10.22 22.26 0.0
5.397 3.348 42.0 164.54 175.55 187.69 0.028
0 0 0 0 0 0 0
0.792 0.569 38.35 22.48 -3.67 -0.83 0.0
4.674 4.302 42.43 167.09 168.93 162.52 0.0274
0 0 0 0 0 0 0
0.272 1.931 39.44 0.57 8.02 -16.39 0.0
3.381 5.378 42.95 159.09 180.73 179.39 0.0221
0 0 0 0 0 0 0
-0.569 1.761 37.59 -11.13 -5.21 -13.87 0.0
3.086 5.55 41.33 172.83 179.34 179.5 0.026
0 0 0 0 0 0 0
1.267 0.256 38.14 14.39 -14.37 13.07 0.0
5.067 3.832 42.1 172.69 168.93 181.53 0.0263
0 0 0 0 0 0 0
-1.161 -0.43 35.12 -27.05 13.34 -2.99 0.0
3.995 4.936 40.53 183.59 170.38 173.76 0.0337
0 0 0 0 0 0 0
0.011 -0.061 43.27 -0.08 -3.76 -0.83 0.0
4.566 4.416 48.03 174.59 180.31 181.07 0.0303
0 0 0 0 0 0 0
0.038 0.141 42.85 19.47 2.07 19.92 0.0
4.392 4.587 47.23 196.29 166.73 202.09 0.0298
0 0 0 0 0 0 0
-0.613 -0.601 43.18 21.19 7.63 -9.33 0.0
4.69 4.285 48.4 170.42 163.98 162.06 0.0341
0 0 0 0 0 0 0
-0.899 -0.177 38.93 -15.01 3.06 -5.22 0.0
3.821 5.072 44.35 177.52 193.01 183.07 0.0348
0 0 0 0 0 0 0
-0.563 -1.733 41.78 -5.58 3.6 -0.07 0.0
5.06 3.839 47.49 162.22 170.05 167.96 0.036
0 0 0 0 0 0 0
-0.242 1.562 44.76 -19.37 9.95 10.15 0.0
3.397 5.366 48.63 170.76 179.83 180.59 0.0258
0 0 0 0 0 0 0
1.109 -0.721 40.44 -9.36 2.93 -2.61 0.0
5.383 3.372 44.74 166.29 167.41 165.21 0.0286
0 0 0 0 0 0 0
-0.381 -0.147 38.62 -21.18 -12.72 10.79 0.0
4.588 4.391 44.22 185.43 157.43 187.28 0.0335
0 0 0 0 0 0 0
0.745 1.467 41.85 -6.84 13.03 16.45 0.0
4.244 4.724 45.49 177.84 186.27 178.56 0.0241
0 0 0 0 0 0 0
-0.235 -1.066 37.81 -21.5 6.71 -9.73 0.0
4.815 4.143 43.15 159.58 175.39 176.56 0.035
0 0 0 0 0 0 0
-0.552 -0.352 44.0 16.52 32.84 -0.45 0.0
4.482 4.501 49.26 172.97 172.36 179.29 0.033
0 0 0 0 0 0 0
-0.355 0.513 39.51 19.46 -6.29 0.87 0.0
3.935 4.985 44.14 155.06 180.33 191.77 0.0291
0 0 0 0 0 0 0
-1.706 0.928 42.17 -26.83 -5.84 3.23 0.0
3.264 5.449 47.28 167.66 169.87 179.69 0.0326
0 0 0 0 0 0 0
0.998 -1.431 40.14 12.13 -17.03 8.2 0.0
5.443 3.272 45.2 161.51 156.59 200.7 0.0318
0 0 0 0 0 0 0
-0.228 -1.372 37.3 -1.71 -6.2 -13.36 0.0
5.063 3.835 42.84 179.54 166.06 177.81 0.0345
0 0 0 0 0 0 0
-1.689 -0.304 43.16 -1.41 5.02 -3.95 0.0
3.651 5.197 48.81 168.08 175.96 162.97 0.0365
0 0 0 0 0 0 0
0.093 -0.892 43.91 -10.16 19.72 21.08 0.0
4.751 4.216 49.21 174.07 194.72 178.28 0.0322
0 0 0 0 0 0 0
-1.696 -0.892 43.71 -42.53 9.95 13.67 0.0
3.79 5.096 49.96 163.66 188.4 177.58 0.0387
0 0 0 0 0 0 0
0.083 -0.404 40.67 6.51 -4.63 -13.13 0.0
4.767 4.197 45.37 173.05 172.39 178.85 0.0302
0 0 0 0 0 0 0
-1.695 -0.714 43.27 2.41 -2.44 -0.38 0.0
4.006 4.93 48.87 187.88 174.08 171.74 0.0358
0 0 0 0 0 0 0
0.939 -1.423 40.8 5.5 7.16 10.6 0.0
5.586 3.022 45.59 167.26 180.55 176.14 0.0297
0 0 0 0 0 0 0
-0.164 0.699 37.06 -9.53 23.86 3.85 0.0
4.119 4.833 41.53 168.04 171.81 182.64 0.0296
0 0 0 0 0 0 0
0.482 0.672 44.23 -25.29 -3.65 -15.38 0.0
4.406 4.576 48.17 185.2 186.15 181.7 0.0264
0 0 0 0 0 0 0
0.379 1.902 42.36 31.24 -3.99 -15.44 0.0
3.817 5.078 45.87 147.44 174.66 185.79 0.0239
0 0 0 0 0 0 0
-1.445 -1.063 42.81 7.58 -1.19 -9.35 0.0
4.204 4.759 49.03 157.37 170.86 181.42 0.0377
0 0 0 0 0 0 0
1.98 -0.051 43.51 -13.84 -6.71 -10.55 0.0
5.324 3.464 47.0 167.73 189.2 181.35 0.0246
0 0 0 0 0 0 0
-0.004 0.003 42.82 22.52 -18.84 11.12 0.0
4.622 4.357 47.47 184.54 174.99 182.37 0.0297
0 0 0 0 0 0 0
-0.547 1.274 35.64 -0.53 1.67 2.98 0.0
3.369 5.385 39.68 167.55 180.4 161.96 0.0266
0 0 0 0 0 0 0
-0.572 -0.96 40.59 -1.74 12.78 4.8 0.0
4.536 4.445 46.14 179.67 188.58 179.6 0.0348
0 0 0 0 0 0 0
0.361 -0.055 43.24 -9.86 19.1 10.57 0.0
4.61 4.367 48.04 159.95 164.87 188.44 0.0306
0 0 0 0 0 0 0
-0.427 0.831 37.06 -3.94 11.59 9.43 0.0
3.562 5.259 41.62 181.58 175.33 165.07 0.0289
0 0 0 0 0 0 0
0.129 -0.362 40.76 -2.11 -19.48 5.17 0.0
4.666 4.311 45.93 177.79 171.74 182.42 0.0315
0 0 0 0 0 0 0
-1.247 0.812 38.78 25.7 -8.08 9.45 0.0
3.365 5.386 43.27 181.67 175.17 176.3 0.0298
0 0 0 0 0 0 0
-1.08 -0.659 40.04 -16.84 -31.12 10.73 0.0
4.55 4.429 45.79 174.27 173.69 162.17 0.0346
0 0 0 0 0 0 0
-0.479 0.159 35.58 2.66 -2.95 10.42 0.0
4.247 4.724 40.58 174.12 173.49 175.48 0.0318
0 0 0 0 0 0 0
0.286 0.94 37.41 15.4 17.06 9.02 0.0
4.123 4.833 41.2 167.74 170.52 182.71 0.0249
0 0 0 0 0 0 0
1.483 1.049 35.83 -13.47 8.85 20.12 0.0
4.772 4.19 39.43 170.22 185.5 186.73 0.0232
0 0 0 0 0 0 0
-0.342 -0.044 37.33 -10.71 4.16 30.06 0.0
4.494 4.489 42.36 178.38 173.46 195.67 0.0309
0 0 0 0 0 0 0
0.056 0.064 39.88 3.94 -9.47 -16.35 0.0
4.58 4.4 44.45 170.85 171.38 175.24 0.0293
0 0 0 0 0 0 0
-0.7 -0.508 39.88 -5.08 16.01 -7.54 0.0
4.622 4.358 45.32 173.36 178.0 184.99 0.035
0 0 0 0 0 0 0
-0.006 0.555 43.74 8.48 -16.68 12.13 0.0
4.253 4.719 48.16 181.0 181.61 174.76 0.0292
0 0 0 0 0 0 0
0.271 1.357 36.66 -20.07 -6.05 3.5 0.0
3.922 4.996 40.69 172.78 177.81 176.29 0.0259
0 0 0 0 0 0 0
0.081 0.043 37.14 7.34 6.79 8.32 0.0
4.577 4.406 41.88 162.02 179.62 177.11 0.0302
0 0 0 0 0 0 0
0.004 0.046 44.35 -7.21 -7.03 4.75 0.0
4.616 4.364 49.27 182.54 162.85 199.62 0.0312
0 0 0 0 0 0 0
1.693 -0.504 39.75 -2.09 24.79 4.51 0.0
5.52 3.141 43.58 182.42 180.35 182.48 0.0242
0 0 0 0 0 0 0
1.227 1.525 39.43 -6.57 -12.83 22.21 0.0
4.307 4.668 42.68 176.37 170.16 158.49 0.0217
0 0 0 0 0 0 0
-1.208 -1.482 44.44 14.59 0.08 -0.61 0.0
4.729 4.238 50.28 175.23 167.03 169.93 0.038
0 0 0 0 0 0 0
-0.542 -0.099 37.17 13.06 3.81 -1.6 0.0
4.317 4.66 42.15 170.48 158.34 168.62 0.0334
0 0 0 0 0 0 0
-0.266 -0.819 35.36 -2.81 2.64 -22.07 0.0
4.83 4.126 40.48 187.16 179.59 184.61 0.0329
0 0 0 0 0 0 0
-0.506 -0.247 40.15 24.74 0.9 -19.18 0.0
4.267 4.705 45.24 189.98 177.11 183.61 0.0328
0 0 0 0 0 0 0
-1.372 -0.242 38.28 4.3 7.26 -9.39 0.0
3.86 5.043 43.73 167.56 161.4 190.13 0.0354
0 0 0 0 0 0 0
0.457 0.669 35.76 36.44 17.28 -13.32 0.0
4.393 4.586 39.58 186.43 172.83 182.8 0.0264
0 0 0 0 0 0 0
-0.046 -0.091 38.43 0.99 23.42 -4.18 0.0
4.515 4.467 43.03 172.7 183.31 172.81 0.0292
0 0 0 0 0 0 0
0.236 -0.376 35.27 -12.58 11.81 -15.43 0.0
4.725 4.245 39.72 155.13 188.69 169.31 0.0299
0 0 0 0 0 0 0
-0.13 1.182 42.88 -13.42 11.79 -0.44 0.0
3.75 5.128 46.77 176.39 174.08 167.25 0.0265
0 0 0 0 0 0 0
-0.008 0.01 44.48 -25.55 -1.64 -23.93 0.0
4.392 4.589 49.17 169.66 170.32 181.38 0.0309
0 0 0 0 0 0 0
1.171 0.038 43.82 -0.52 -6.32 13.29 0.0
4.927 4.008 47.72 151.55 175.93 176.26 0.0272
0 0 0 0 0 0 0
-0.302 -0.1 41.37 -26.44 -11.51 -0.06 0.0
4.32 4.657 46.47 177.85 176.05 178.73 0.0321
0 0 0 0 0 0 0
-1.756 -0.745 44.09 -1.38 9.19 2.09 0.0
3.856 5.048 49.91 160.54 175.17 159.39 0.0373
0 0 0 0 0 0 0
-0.568 1.177 36.14 -7.2 -0.22 8.42 0.0
3.476 5.315 40.72 174.4 165.6 183.5 0.0296
0 0 0 0 0 0 0
-0.103 -0.271 40.8 6.21 -14.64 -0.24 0.0
4.634 4.345 45.56 185.26 181.48 177.7 0.0301
0 0 0 0 0 0 0
0.889 1.319 39.41 -19.07 4.02 -2.13 0.0
4.207 4.76 43.31 173.26 178.19 188.49 0.0252
0 0 0 0 0 0 0
1.226 -0.838 37.33 -1.04 0.42 -11.95 0.0
5.441 3.275 41.93 173.76 184.41 179.4 0.0295
0 0 0 0 0 0 0
0.393 0.058 37.66 2.71 0.22 4.3 0.0
4.765 4.198 42.13 177.02 166.47 178.53 0.0294
0 0 0 0 0 0 0
-0.279 1.688 41.44 11.03 -7.11 9.47 0.0
3.25 5.457 45.32 167.19 180.77 160.85 0.0255
0 0 0 0 0 0 0
0.686 0.677 38.29 -7.98 -14.08 -14.03 0.0
4.466 4.518 42.46 181.16 165.05 169.66 0.0274
0 0 0 0 0 0 0
0.3 0.163 41.46 -0.95 -6.75 11.16 0.0
4.622 4.355 46.1 173.69 183.67 162.59 0.0288
0 0 0 0 0 0 0
-0.442 -0.425 35.18 7.6 -14.96 4.6 0.0
4.497 4.483 40.64 164.94 173.38 172.06 0.0343
0 0 0 0 0 0 0
-1.737 -0.842 38.45 -23.99 15.02 -14.01 0.0
3.642 5.203 44.18 162.86 167.25 165.11 0.0365
0 0 0 0 0 0 0
0.249 -0.496 36.85 -2.02 -31.62 -4.51 0.0
5.017 3.895 41.78 185.73 161.23 182.78 0.0312
0 0 0 0 0 0 0
-0.462 -1.103 40.37 3.3 -8.29 -2.37 0.0
4.755 4.21 45.76 169.03 177.11 187.25 0.0336
0 0 0 0 0 0 0
-0.133 1.016 41.7 3.1 7.5 11.43 0.0
3.952 4.973 46.02 165.55 182.73 171.26 0.0292
0 0 0 0 0 0 0
-0.065 0.132 42.84 25.04 -3.29 -26.08 0.0
4.383 4.596 47.41 174.74 178.01 174.11 0.0298
0 0 0 0 0 0 0
-0.195 0.332 36.48 14.98 -1.09 -17.11 0.0
4.291 4.683 40.87 160.43 169.16 192.73 0.0295
0 0 0 0 0 0 0
0.057 0.174 42.58 -26.08 -8.34 6.53 0.0
4.51 4.473 47.3 174.58 152.48 180.76 0.0304
0 0 0 0 0 0 0
0.767 -0.404 38.71 -13.55 -2.74 2.63 0.0
5.008 3.907 43.47 158.45 164.09 174.06 0.0299
0 0 0 0 0 0 0
-1.096 -1.628 39.89 -2.65 29.58 -5.23 0.0
4.543 4.438 45.75 168.6 174.83 164.9 0.0383
0 0 0 0 0 0 0
-1.324 0.566 38.92 13.94 -20.79 -25.94 0.0
3.458 5.328 43.42 170.75 170.77 187.44 0.0301
0 0 0 0 0 0 0
1.371 1.117 36.97 -0.23 -10.96 7.86 0.0
4.636 4.34 40.78 169.94 172.33 183.38 0.0244
0 0 0 0 0 0 0
-0.598 0.434 40.87 -13.52 -2.2 3.1 0.0
3.899 5.014 46.15 174.56 179.94 188.72 0.0321
0 0 0 0 0 0 0
-0.065 0.055 38.8 17.54 -12.84 13.78 0.0
4.671 4.305 43.7 186.03 160.47 175.1 0.031
0 0 0 0 0 0 0
-0.896 -1.024 43.67 20.24 -9.67 12.01 0.0
4.811 4.148 49.53 167.03 176.5 181.42 0.0361
0 0 0 0 0 0 0
-1.415 -0.23 43.67 -27.38 -21.05 -25.58 0.0
3.956 4.969 49.2 165.27 159.59 186.02 0.0368
0 0 0 0 0 0 0
1.069 1.389 35.46 5.34 -11.21 -0.89 0.0
4.306 4.669 38.6 154.35 166.68 169.13 0.0228
0 0 0 0 0 0 0
0.556 1.174 41.91 4.04 -25.63 -22.89 0.0
4.223 4.745 45.48 179.79 171.61 173.89 0.0268
0 0 0 0 0 0 0
1.742 0.924 38.77 2.44 -16.49 0.85 0.0
4.891 4.051 42.0 180.18 173.5 187.16 0.0223
0 0 0 0 0 0 0
0.524 -1.206 35.5 -13.51 25.3 -15.1 0.0
5.092 3.794 40.47 165.58 181.47 165.92 0.0329
0 0 0 0 0 0 0
0.742 1.547 38.1 10.91 -4.39 -8.08 0.0
4.007 4.927 41.36 148.85 184.06 163.52 0.0235
0 0 0 0 0 0 0
-0.536 -1.076 42.19 13.98 -4.67 -31.56 0.0
4.795 4.167 47.6 169.4 169.69 174.29 0.0348
0 0 0 0 0 0 0
-1.229 -1.233 43.73 -12.01 -26.26 -37.64 0.0
4.414 4.568 49.72 168.2 157.96 167.63 0.0394
0 0 0 0 0 0 0
0.53 -0.085 42.4 1.27 -18.13 -11.86 0.0
4.786 4.174 47.06 179.97 176.55 162.61 0.0302
0 0 0 0 0 0 0
0.705 -0.87 36.78 15.0 -3.25 0.72 0.0
5.301 3.496 41.23 189.77 158.85 169.39 0.0287
0 0 0 0 0 0 0
1.202 -0.552 38.46 1.63 -10.35 -4.41 0.0
5.295 3.507 42.93 176.85 175.32 189.35 0.0285
0 0 0 0 0 0 0
0.945 -0.883 39.25 3.01 24.25 -12.2 0.0
5.248 3.58 43.63 165.54 177.82 182.69 0.0291
0 0 0 0 0 0 0
0.815 0.52 43.82 37.16 0.05 2.47 0.0
4.849 4.104 47.83 165.01 182.73 172.3 0.026
0 0 0 0 0 0 0
-0.301 0.941 41.74 -11.07 22.16 -11.41 0.0
3.796 5.092 45.98 172.89 178.67 172.3 0.0273
0 0 0 0 0 0 0
-1.512 -0.005 39.85 7.09 -2.61 11.34 0.0
3.371 5.382 45.47 170.24 162.21 161.85 0.0349
0 0 0 0 0 0 0
-0.342 1.609 43.59 -3.84 12.41 17.58 0.0
3.597 5.236 47.42 176.14 159.43 164.9 0.0261
0 0 0 0 0 0 0
-0.647 -0.82 43.2 15.16 11.89 -9.44 0.0
4.52 4.463 48.75 168.24 180.02 190.38 0.0354
0 0 0 0 0 0 0
0.188 -0.169 36.6 3.86 -13.51 14.82 0.0
4.602 4.377 41.01 187.29 186.84 159.51 0.0294
0 0 0 0 0 0 0
-1.238 -1.178 43.69 -18.66 -11.85 3.46 0.0
4.586 4.394 49.42 171.32 164.47 175.25 0.0367
0 0 0 0 0 0 0
0.046 0.01 36.92 -7.17 -7.48 -13.29 0.0
4.699 4.273 41.48 171.33 156.22 180.27 0.0306
0 0 0 0 0 0 0
-1.277 -0.277 36.29 -7.15 -35.41 9.95 0.0
4.004 4.93 41.82 173.72 162.31 188.12 0.0344
0 0 0 0 0 0 0
-1.105 0.841 36.63 6.53 -5.66 -22.84 0.0
3.402 5.363 41.18 191.91 183.09 172.42 0.0298
0 0 0 0 0 0 0
-0.714 -1.86 38.05 -0.45 -9.39 0.16 0.0
5.037 3.871 44.13 185.91 181.09 180.71 0.037
0 0 0 0 0 0 0
0.638 0.544 39.22 13.74 -9.55 -11.58 0.0
4.612 4.365 43.02 174.04 175.14 172.8 0.0258
0 0 0 0 0 0 0
-0.384 0.305 39.31 16.63 -20.0 -16.87 0.0
4.395 4.584 43.83 190.31 164.03 184.52 0.0298
0 0 0 0 0 0 0
0.744 0.713 44.72 10.26 -3.75 12.19 0.0
4.554 4.428 48.59 186.97 181.72 180.86 0.027
0 0 0 0 0 0 0
0.443 0.652 37.81 -20.75 8.04 -17.28 0.0
4.248 4.721 42.22 170.98 171.04 177.04 0.028
0 0 0 0 0 0 0
1.113 0.854 35.61 -20.15 -7.03 -1.42 0.0
4.381 4.6 39.5 171.83 175.08 183.18 0.0246
0 0 0 0 0 0 0
-0.151 -0.734 44.96 -24.73 4.34 6.29 0.0
4.877 4.069 50.28 175.97 174.01 179.78 0.0334
0 0 0 0 0 0 0
0.11 -0.303 42.55 4.5 3.67 9.23 0.0
4.773 4.191 47.33 162.42 172.27 184.68 0.0313
0 0 0 0 0 0 0
-0.051 -1.835 44.01 -14.44 -11.36 -1.28 0.0
5.338 3.44 49.75 159.26 168.18 178.47 0.0349
0 0 0 0 0 0 0
-0.038 0.042 37.03 14.58 -17.62 13.47 0.0
4.691 4.281 41.84 174.16 172.23 177.52 0.0303
0 0 0 0 0 0 0
-0.014 0.003 42.84 -0.8 0.37 18.52 0.0
4.372 4.606 47.56 176.64 163.62 158.88 0.0311
0 0 0 0 0 0 0
1.576 1.127 43.89 -0.41 -18.03 -2.08 0.0
4.746 4.221 47.11 170.14 185.96 176.71 0.0224
0 0 0 0 0 0 0
1.322 0.672 38.44 -24.09 -1.3 1.66 0.0
4.6 4.381 42.1 168.75 181.87 170.57 0.0246
0 0 0 0 0 0 0
-1.127 -1.038 36.03 16.98 8.25 -6.45 0.0
4.536 4.445 41.93 162.54 171.19 182.01 0.0378
0 0 0 0 0 0 0
-1.289 0.004 44.92 25.28 7.37 -6.93 0.0
3.788 5.099 50.6 170.63 166.54 180.26 0.0346
0 0 0 0 0 0 0
-0.73 0.147 36.36 1.12 0.99 7.88 0.0
4.227 4.741 41.57 175.07 167.26 178.4 0.0322
0 0 0 0 0 0 0
-0.047 1.515 36.64 14.09 1.84 -19.0 0.0
3.534 5.276 40.46 175.68 176.14 182.84 0.0251
0 0 0 0 0 0 0
0.627 1.316 43.34 0.81 12.8 -4.06 0.0
3.997 4.934 47.16 171.35 154.51 188.69 0.024
0 0 0 0 0 0 0
-1.345 1.327 35.34 -11.58 -0.78 24.81 0.0
3.006 5.595 40.12 160.57 169.84 185.93 0.0313
0 0 0 0 0 0 0
-1.288 0.842 36.94 12.03 -10.78 4.09 0.0
3.463 5.323 41.52 182.9 178.22 165.92 0.0305
0 0 0 0 0 0 0
-0.33 -0.082 37.5 -18.54 16.06 10.45 0.0
4.158 4.8 42.42 172.31 169.12 171.85 0.0312
0 0 0 0 0 0 0
-1.145 1.095 37.69 -0.47 7.01 -9.59 0.0
3.398 5.367 42.26 176.57 167.28 161.05 0.0311
0 0 0 0 0 0 0
-1.17 0.643 39.06 -1.35 5.91 -1.02 0.0
3.271 5.443 43.74 167.38 183.93 175.31 0.0308
0 0 0 0 0 0 0
0.898 -1.449 42.27 4.23 -4.91 15.93 0.0
5.447 3.268 46.99 155.83 168.7 188.38 0.0317
0 0 0 0 0 0 0
0.679 0.575 35.05 -3.32 -7.26 -12.38 0.0
4.579 4.404 39.21 172.06 177.83 182.85 0.0271
0 0 0 0 0 0 0
-0.397 -0.665 43.59 16.31 -8.62 11.65 0.0
4.5 4.484 49.0 170.86 174.91 184.78 0.0338
0 0 0 0 0 0 0
0.683 -1.868 37.57 -7.2 4.38 -27.82 0.0
5.62 2.959 42.54 159.11 177.1 168.3 0.0327
0 0 0 0 0 0 0
0.621 1.495 44.94 1.19 -4.47 6.53 0.0
4.013 4.924 48.17 184.87 166.64 169.98 0.0226
0 0 0 0 0 0 0
1.784 -0.734 42.93 8.18 22.49 9.12 0.0
5.484 3.204 46.64 160.88 179.48 175.3 0.026
0 0 0 0 0 0 0
-0.702 1.254 44.75 -6.84 11.66 -28.48 0.0
3.222 5.474 49.13 156.41 163.7 176.78 0.0292
0 0 0 0 0 0 0
-0.177 -0.051 44.66 11.27 -4.64 -7.44 0.0
4.41 4.571 49.72 177.05 176.66 170.54 0.0322
0 0 0 0 0 0 0
0.049 -0.651 36.44 12.26 1.76 2.28 0.0
4.75 4.217 41.35 167.15 184.09 181.98 0.0314
0 0 0 0 0 0 0
-0.206 0.346 35.59 -22.65 -9.85 -7.2 0.0
4.061 4.883 40.37 174.04 172.03 174.02 0.0303
0 0 0 0 0 0 0
0.333 0.119 38.31 19.17 -1.04 -3.0 0.0
4.781 4.182 42.6 171.58 181.75 175.86 0.0283
0 0 0 0 0 0 0
0.416 1.902 44.57 -6.47 26.2 6.72 0.0
3.4 5.366 47.78 161.5 173.83 173.94 0.0221
0 0 0 0 0 0 0
-0.004 -0.099 37.88 8.43 3.88 -5.29 0.0
4.416 4.563 42.6 170.28 183.54 184.03 0.0299
0 0 0 0 0 0 0
-0.059 -1.064 39.45 -27.27 -6.56 5.22 0.0
5.014 3.898 44.98 175.82 158.18 178.52 0.0344
0 0 0 0 0 0 0
-0.082 -0.449 39.46 0.65 8.18 11.83 0.0
4.754 4.212 44.45 173.2 157.51 167.9 0.0328
0 0 0 0 0 0 0
-1.245 -1.421 43.75 16.64 -10.15 8.74 0.0
4.52 4.464 49.95 170.58 166.17 171.51 0.0392
0 0 0 0 0 0 0
0.916 -0.315 36.75 8.55 -7.16 3.03 0.0
5.141 3.729 40.96 177.2 174.71 169.53 0.0288
0 0 0 0 0 0 0
1.722 -0.948 37.71 2.48 -15.05 10.11 0.0
5.625 2.949 41.82 165.3 184.04 186.94 0.0264
0 0 0 0 0 0 0
-1.162 -0.268 38.84 25.36 8.02 17.72 0.0
4.176 4.784 44.53 155.3 150.58 177.14 0.0356
0 0 0 0 0 0 0
-0.31 1.343 42.4 -10.6 -1.31 -25.66 0.0
3.453 5.332 46.47 171.55 182.07 175.22 0.028
0 0 0 0 0 0 0
0.025 0.067 38.12 5.39 -8.23 17.01 0.0
4.422 4.561 43.06 182.47 167.68 178.43 0.0303
0 0 0 0 0 0 0
-0.261 0.797 37.14 16.74 30.5 6.98 0.0
4.029 4.908 41.48 192.35 163.09 181.42 0.0268
0 0 0 0 0 0 0
-1.521 -1.006 41.28 -0.84 -1.48 2.8 0.0
4.102 4.85 47.29 184.58 181.01 179.65 0.0371
0 0 0 0 0 0 0
0.429 -0.012 39.59 -9.51 -2.7 -15.05 0.0
4.727 4.244 43.72 183.09 190.45 166.03 0.0273
0 0 0 0 0 0 0
0.474 -0.298 42.0 -9.98 22.67 -13.21 0.0
4.777 4.185 46.58 165.48 182.85 167.74 0.0299
0 0 0 0 0 0 0
-0.031 0.414 36.13 -38.35 2.05 -12.64 0.0
4.107 4.844 40.72 171.83 191.33 188.54 0.0296
0 0 0 0 0 0 0
-0.268 -0.116 35.91 -1.02 -24.49 5.13 0.0
4.334 4.641 40.88 171.85 180.44 192.12 0.0316
0 0 0 0 0 0 0
0.016 -0.628 39.52 16.96 -12.35 6.32 0.0
4.737 4.232 44.44 162.08 174.93 176.34 0.0317
0 0 0 0 0 0 0
-1.286 0.357 40.9 -0.35 4.22 0.8 0.0
3.718 5.148 46.17 182.84 186.39 179.61 0.0334
0 0 0 0 0 0 0
-1.225 -0.586 37.96 19.0 -13.55 -15.5 0.0
4.289 4.683 43.38 187.35 164.59 184.67 0.0347
0 0 0 0 0 0 0
0.026 -1.756 37.58 14.82 -17.5 -9.75 0.0
5.12 3.759 43.24 174.35 173.24 170.98 0.0348
0 0 0 0 0 0 0
-0.213 -0.051 35.85 17.74 -22.41 6.99 0.0
4.745 4.221 40.46 178.91 172.68 176.41 0.0296
0 0 0 0 0 0 0
-0.105 -0.303 37.92 9.7 -10.66 -5.86 0.0
4.458 4.523 42.98 177.92 186.05 174.46 0.0323
0 0 0 0 0 0 0
-1.307 -0.706 42.8 10.8 -10.9 16.02 0.0
4.503 4.48 48.64 191.21 175.93 167.37 0.0361
0 0 0 0 0 0 0
0.034 -0.013 41.05 -6.22 -0.98 7.54 0.0
4.466 4.518 45.87 181.46 162.17 167.5 0.0314
0 0 0 0 0 0 0
1.218 0.57 41.32 21.95 -3.26 -15.29 0.0
4.968 3.957 44.91 171.05 155.97 180.0 0.0249
0 0 0 0 0 0 0
1.31 0.649 42.48 0.94 32.62 -3.8 0.0
4.848 4.104 45.95 190.13 169.59 168.69 0.0243
0 0 0 0 0 0 0
0.811 0.457 37.7 17.76 -5.08 -1.95 0.0
4.702 4.271 41.78 166.16 195.45 171.18 0.0264
0 0 0 0 0 0 0
-0.914 1.14 39.03 -3.34 -12.13 6.99 0.0
3.198 5.488 43.54 177.03 167.6 170.76 0.0297
0 0 0 0 0 0 0
-0.215 -0.818 40.06 1.37 -4.75 8.26 0.0
4.71 4.259 45.71 172.34 187.77 179.11 0.0337
0 0 0 0 0 0 0
-0.35 -1.11 43.9 -17.13 -5.88 -10.18 0.0
4.94 3.992 49.63 167.59 172.82 191.95 0.0353
0 0 0 0 0 0 0
-1.263 -0.454 41.77 20.2 4.21 -16.57 0.0
4.042 4.899 47.21 166.52 182.22 194.6 0.0344
0 0 0 0 0 0 0
1.375 -1.271 38.68 -2.29 -17.74 25.42 0.0
5.649 2.901 43.15 176.05 181.32 171.24 0.0292
0 0 0 0 0 0 0
1.492 -0.279 43.22 5.4 0.2 -18.03 0.0
5.263 3.554 47.11 160.2 178.33 178.29 0.0266
0 0 0 0 0 0 0
0.192 0.488 41.94 12.49 -3.82 26.17 0.0
4.375 4.606 46.61 182.96 188.77 193.37 0.0285
0 0 0 0 0 0 0
0.076 -0.018 43.65 7.82 20.75 19.91 0.0
4.483 4.499 48.54 191.08 193.59 181.57 0.0304
0 0 0 0 0 0 0
-0.323 -0.782 39.58 13.44 -4.34 6.96 0.0
4.897 4.044 44.7 167.22 163.55 182.04 0.0338
0 0 0 0 0 0 0
-0.409 -0.133 40.54 25.19 -6.41 -19.86 0.0
4.432 4.551 45.3 179.28 175.69 175.06 0.0318
0 0 0 0 0 0 0
-0.088 0.143 35.42 14.55 -15.34 -11.75 0.0
4.443 4.537 39.88 177.47 176.92 173.54 0.0301
0 0 0 0 0 0 0
1.027 1.665 38.84 -5.46 -8.39 -12.92 0.0
4.186 4.776 42.36 173.81 181.73 196.73 0.0237
0 0 0 0 0 0 0
-1.603 -0.208 42.97 -6.07 6.37 -30.79 0.0
3.798 5.092 48.85 173.26 176.29 175.55 0.0351
0 0 0 0 0 0 0
-1.553 -0.477 35.36 -3.46 16.73 1.3 0.0
3.953 4.97 40.86 181.37 165.54 187.43 0.0353
0 0 0 0 0 0 0
0.259 0.316 43.44 4.83 13.86 -5.23 0.0
4.51 4.471 47.78 182.25 179.46 185.24 0.0286
0 0 0 0 0 0 0
0.378 0.244 36.9 -8.11 -2.5 10.26 0.0
4.626 4.354 40.93 190.98 170.82 177.77 0.0286
0 0 0 0 0 0 0
1.279 -0.348 38.33 3.8 -1.21 5.72 0.0
5.308 3.487 42.49 174.0 174.14 170.72 0.0268
0 0 0 0 0 0 0
-1.156 -0.1 44.64 13.71 2.5 -4.15 0.0
4.0 4.933 49.56 186.95 167.77 185.17 0.0325
0 0 0 0 0 0 0
-0.647 -1.215 39.42 4.27 7.78 -2.4 0.0
4.808 4.152 44.65 185.88 164.61 154.89 0.035
0 0 0 0 0 0 0
-0.6 -0.314 39.94 -22.13 16.85 14.44 0.0
4.382 4.597 45.22 180.84 175.6 171.49 0.0332
0 0 0 0 0 0 0
-0.004 0.005 41.49 4.71 -15.51 7.74 0.0
4.47 4.514 46.13 158.63 173.88 171.67 0.0311
0 0 0 0 0 0 0
1.165 0.719 36.59 8.16 -1.97 3.16 0.0
4.805 4.156 40.27 171.84 179.55 177.18 0.0252
0 0 0 0 0 0 0
-0.461 1.12 37.36 -5.25 1.24 -25.65 0.0
3.641 5.205 41.46 164.66 159.29 176.13 0.0282
0 0 0 0 0 0 0
-0.269 0.008 38.4 19.48 9.98 -10.16 0.0
4.479 4.506 43.03 177.57 180.86 177.95 0.0295
0 0 0 0 0 0 0
0.444 0.042 40.28 -2.84 -25.32 4.53 0.0
4.755 4.213 44.69 181.98 168.54 171.39 0.0301
0 0 0 0 0 0 0
1.205 -1.345 42.37 17.93 1.82 -6.02 0.0
5.589 3.019 46.76 172.31 168.8 177.29 0.0285
0 0 0 0 0 0 0
-0.506 -0.285 39.68 2.25 -3.9 1.64 0.0
4.342 4.637 44.78 179.1 175.18 175.07 0.0333
0 0 0 0 0 0 0
-0.862 -0.854 40.39 -6.09 -10.78 12.33 0.0
4.554 4.427 45.93 172.66 165.72 173.48 0.0361
0 0 0 0 0 0 0
0.655 0.149 43.34 -0.88 12.95 -10.05 0.0
4.8 4.158 47.39 172.46 164.3 167.52 0.0279
0 0 0 0 0 0 0
0.033 0.033 41.06 -3.07 0.49 13.16 0.0
4.493 4.488 45.57 162.17 168.81 190.3 0.03
0 0 0 0 0 0 0
-0.52 0.538 39.07 11.85 7.3 -7.83 0.0
3.775 5.107 43.78 161.62 177.57 168.53 0.0305
0 0 0 0 0 0 0
0.206 -0.611 37.26 -3.96 -4.82 -19.72 0.0
4.994 3.923 41.7 183.51 163.72 184.26 0.0313
0 0 0 0 0 0 0
1.797 -0.391 43.28 -10.92 1.78 4.28 0.0
5.258 3.562 47.03 170.77 156.67 177.08 0.0254
0 0 0 0 0 0 0
-1.834 -0.623 38.41 -2.77 0.65 8.81 0.0
3.724 5.146 44.26 197.92 178.03 175.8 0.0365
0 0 0 0 0 0 0
-1.134 0.839 43.48 19.17 18.7 5.98 0.0
3.433 5.343 48.19 165.91 179.82 178.21 0.03
0 0 0 0 0 0 0
-0.43 -0.104 44.21 12.75 -19.03 17.0 0.0
4.262 4.707 49.2 161.82 170.19 173.86 0.0313
0 0 0 0 0 0 0
1.952 0.072 40.25 0.04 12.36 -10.81 0.0
5.352 3.421 43.86 165.49 182.86 182.21 0.0247
0 0 0 0 0 0 0
-0.435 1.673 40.74 -4.16 22.13 15.93 0.0
3.303 5.424 44.59 171.03 177.04 182.46 0.0254
0 0 0 0 0 0 0
1.762 -0.644 44.96 18.24 -4.06 -3.25 0.0
5.638 2.924 48.72 187.14 169.78 192.73 0.0256
0 0 0 0 0 0 0
0.051 0.582 40.42 16.65 -35.83 -0.98 0.0
4.231 4.736 44.77 179.05 190.57 177.1 0.0279
0 0 0 0 0 0 0
0.435 0.066 37.58 -1.44 -21.69 -3.09 0.0
4.609 4.369 42.03 183.83 154.11 169.47 0.0294
0 0 0 0 0 0 0
0.5 0.071 36.44 1.74 -1.58 -6.44 0.0
4.773 4.19 40.71 186.35 168.31 183.15 0.0294
0 0 0 0 0 0 0
-1.553 -0.179 40.74 25.18 -0.13 9.72 0.0
3.85 5.053 46.19 179.48 180.22 174.56 0.0346
0 0 0 0 0 0 0
-0.158 0.136 41.44 -6.06 -17.95 -5.74 0.0
4.377 4.602 46.26 171.63 166.16 181.94 0.0315
0 0 0 0 0 0 0
0.325 -0.859 39.95 -15.62 -2.21 -24.13 0.0
4.936 3.999 44.84 177.23 168.38 187.24 0.0322
0 0 0 0 0 0 0
-1.919 -0.479 44.05 -15.43 3.3 -18.29 0.0
3.647 5.199 50.14 181.1 166.94 191.18 0.0368
0 0 0 0 0 0 0
-0.328 0.006 38.73 12.32 26.31 -20.29 0.0
4.332 4.644 43.09 187.17 163.79 161.17 0.0293
0 0 0 0 0 0 0
-0.91 -0.409 42.46 -18.25 12.1 14.39 0.0
4.102 4.851 47.8 174.4 173.55 181.81 0.033
0 0 0 0 0 0 0
-0.842 -1.015 38.76 4.18 -2.23 8.37 0.0
4.67 4.305 44.83 185.95 167.21 177.78 0.0368
0 0 0 0 0 0 0
0.025 0.015 35.63 7.33 18.9 9.56 0.0
4.473 4.509 40.35 162.67 157.64 178.12 0.0295
0 0 0 0 0 0 0
1.22 0.528 44.47 4.57 -15.98 -15.66 0.0
4.729 4.24 48.02 187.82 176.53 177.86 0.0245
0 0 0 0 0 0 0
0.914 -0.429 42.96 1.65 27.03 -32.42 0.0
4.999 3.916 47.36 179.03 170.83 179.3 0.029
0 0 0 0 0 0 0
-0.846 1.237 42.2 -12.06 -3.96 11.29 0.0
3.26 5.451 46.76 168.44 174.27 182.32 0.029
0 0 0 0 0 0 0
0.434 1.191 39.22 23.03 -19.01 -11.06 0.0
4.135 4.822 42.91 175.89 172.73 191.13 0.0244
0 0 0 0 0 0 0
0.179 0.302 43.95 10.89 -2.98 8.1 0.0
4.413 4.57 48.05 166.18 175.97 161.51 0.0279
0 0 0 0 0 0 0
-0.493 -0.033 38.1 10.74 17.29 9.77 0.0
4.221 4.748 43.01 158.5 172.72 174.28 0.0318
0 0 0 0 0 0 0
-0.72 -0.031 44.7 -7.19 -15.95 -6.68 0.0
4.284 4.691 49.61 186.88 184.6 183.73 0.0325
0 0 0 0 0 0 0
-0.338 0.592 38.15 6.05 3.04 -6.01 0.0
3.95 4.974 42.52 155.91 171.1 177.56 0.0299
0 0 0 0 0 0 0
-1.941 0.359 35.3 7.38 -17.34 0.11 0.0
3.48 5.313 40.8 185.1 194.44 173.22 0.0338
0 0 0 0 0 0 0
-0.408 1.6 38.67 -26.49 -0.08 19.3 0.0
3.17 5.504 43.1 189.93 169.6 183.37 0.0267
0 0 0 0 0 0 0
0.611 -0.065 38.34 0.4 -10.08 16.5 0.0
4.777 4.185 42.71 185.28 170.4 187.15 0.0274
0 0 0 0 0 0 0
-0.555 0.235 37.58 -0.49 26.08 -12.72 0.0
4.157 4.801 42.31 171.67 176.64 175.76 0.0308
0 0 0 0 0 0 0
0.095 0.141 36.29 4.21 21.14 3.88 0.0
4.566 4.417 40.94 173.98 178.68 169.94 0.0305
0 0 0 0 0 0 0
-0.315 -1.452 44.28 13.32 -3.1 -31.72 0.0
5.066 3.83 49.61 169.15 183.87 169.6 0.0362
0 0 0 0 0 0 0
0.395 -0.21 40.02 4.58 -11.59 15.73 0.0
4.844 4.107 44.78 180.92 182.05 166.98 0.0294
0 0 0 0 0 0 0
-0.167 -0.025 41.99 -15.37 -16.04 -17.97 0.0
4.521 4.463 46.61 171.25 166.45 182.75 0.0319
0 0 0 0 0 0 0
0.222 -0.039 42.22 14.39 -0.15 21.24 0.0
4.681 4.293 46.82 178.81 169.02 182.25 0.0288
0 0 0 0 0 0 0
0.315 0.167 39.44 34.19 -10.22 15.9 0.0
4.618 4.36 43.72 188.35 153.41 174.36 0.0274
0 0 0 0 0 0 0
-0.141 -0.343 39.92 4.7 2.63 7.01 0.0
4.635 4.342 44.99 169.78 175.96 171.67 0.0313
0 0 0 0 0 0 0
0.008 -0.039 36.61 7.52 -9.31 9.18 0.0
4.489 4.492 41.37 158.43 163.64 187.35 0.0304
0 0 0 0 0 0 0
-0.121 -0.749 41.83 -14.02 -9.52 4.31 0.0
4.898 4.043 46.86 182.83 170.33 178.97 0.0325
0 0 0 0 0 0 0
-0.906 -0.05 41.65 -10.65 2.41 -0.51 0.0
3.939 4.981 46.98 162.63 176.06 168.68 0.0344
0 0 0 0 0 0 0
