x (mm)   y (mm)   z (mm)   vx (m/s)   vy (m/s)   vz (m/s)   time (ms)   dens
-0.585 -0.668 35.55 -16.87 -8.44 -7.03 0.0
4.387 4.591 40.88 186.49 193.32 176.0 0.0326
0 0 0 0 0 0 0
1.068 -0.241 40.26 7.59 -7.14 -13.59 0.0
5.041 3.863 44.1 163.53 183.72 166.28 0.0252
0 0 0 0 0 0 0
-0.841 -0.999 39.33 -4.38 2.39 0.78 0.0
4.512 4.47 44.7 182.09 172.56 170.23 0.0332
0 0 0 0 0 0 0
-0.012 -0.018 39.14 -28.3 9.8 -11.94 0.0
4.365 4.614 43.96 174.32 174.65 170.51 0.0278
0 0 0 0 0 0 0
0.069 0.234 44.41 -10.07 -1.4 4.59 0.0
4.282 4.689 48.94 174.03 182.77 189.32 0.0277
0 0 0 0 0 0 0
-0.372 1.499 38.54 9.97 -14.43 12.12 0.0
3.619 5.218 42.41 181.83 180.02 178.18 0.0243
0 0 0 0 0 0 0
-1.253 -0.542 43.12 5.72 3.71 4.45 0.0
4.066 4.879 48.68 166.89 173.5 175.7 0.033
0 0 0 0 0 0 0
-0.951 1.323 36.05 9.91 -11.82 14.82 0.0
3.25 5.455 40.52 176.34 164.08 171.86 0.0272
0 0 0 0 0 0 0
-0.133 -0.603 39.24 3.96 12.12 -23.17 0.0
4.74 4.227 44.34 184.05 184.89 177.15 0.0304
0 0 0 0 0 0 0
0.357 -1.038 41.61 -1.11 -4.27 0.23 0.0
5.101 3.782 46.38 172.4 180.2 177.51 0.0298
0 0 0 0 0 0 0
-0.161 -0.169 44.41 -20.4 -8.88 -20.6 0.0
4.469 4.512 49.37 174.34 171.48 175.91 0.0308
0 0 0 0 0 0 0
-1.527 1.26 41.93 7.22 -8.76 -0.76 0.0
2.867 5.667 46.5 161.89 156.47 171.29 0.0281
0 0 0 0 0 0 0
0.098 1.752 37.65 26.11 -5.88 -13.7 0.0
3.649 5.197 41.33 153.37 160.12 175.3 0.0231
0 0 0 0 0 0 0
-0.463 -0.036 40.24 10.47 4.32 16.19 0.0
4.177 4.785 45.28 188.17 177.28 168.75 0.0296
0 0 0 0 0 0 0
-0.221 1.709 43.05 -33.19 8.01 -6.37 0.0
3.476 5.314 46.96 177.83 154.09 184.15 0.0244
0 0 0 0 0 0 0
-0.855 0.482 41.73 7.75 -4.48 -5.57 0.0
3.795 5.092 46.66 171.61 156.29 176.73 0.03
0 0 0 0 0 0 0
1.503 -0.38 42.72 -4.02 4.08 -11.5 0.0
5.318 3.474 46.57 182.29 170.54 205.89 0.0242
0 0 0 0 0 0 0
-0.888 -0.165 42.92 6.34 14.26 5.85 0.0
4.089 4.86 48.23 175.83 158.74 178.83 0.0314
0 0 0 0 0 0 0
1.426 -1.38 38.58 10.8 8.6 25.47 0.0
5.722 2.754 43.16 180.65 162.33 190.06 0.0271
0 0 0 0 0 0 0
-1.69 0.238 36.63 -4.66 5.77 -12.45 0.0
3.347 5.396 42.17 189.05 162.47 177.31 0.0324
0 0 0 0 0 0 0
0.437 0.043 39.09 -2.41 -16.24 -2.51 0.0
4.78 4.182 43.62 172.18 174.66 171.85 0.0273
0 0 0 0 0 0 0
0.328 -0.234 43.84 -12.48 -18.02 -3.11 0.0
4.773 4.19 48.46 168.09 170.91 165.99 0.0283
0 0 0 0 0 0 0
-0.706 -1.365 36.74 -19.01 11.27 1.26 0.0
4.861 4.088 42.51 171.8 161.41 189.75 0.0345
0 0 0 0 0 0 0
0.007 -0.001 41.23 -9.58 -13.26 -24.66 0.0
4.54 4.441 45.91 162.38 172.24 182.24 0.0285
0 0 0 0 0 0 0
-1.289 -0.218 42.39 -2.34 -15.04 29.0 0.0
3.971 4.956 47.97 160.86 165.31 160.78 0.033
0 0 0 0 0 0 0
-0.643 -0.205 44.18 -12.26 -5.23 -6.59 0.0
4.238 4.731 49.06 173.2 184.05 165.15 0.0297
0 0 0 0 0 0 0
-0.88 0.026 36.58 4.23 -27.74 -2.35 0.0
4.069 4.876 41.74 189.92 182.26 162.75 0.0311
0 0 0 0 0 0 0
0.281 0.952 39.38 -6.27 -4.23 -3.41 0.0
4.092 4.856 43.24 170.72 182.63 179.43 0.0245
0 0 0 0 0 0 0
-0.866 0.299 37.09 -13.66 8.82 23.14 0.0
3.882 5.026 42.19 171.71 172.03 177.74 0.0302
0 0 0 0 0 0 0
0.723 -0.043 41.19 1.35 8.17 4.45 0.0
4.94 3.99 45.65 179.48 196.87 182.49 0.027
0 0 0 0 0 0 0
-0.017 0.128 39.65 -0.24 -3.52 12.02 0.0
4.403 4.576 44.28 179.57 192.14 175.0 0.0273
0 0 0 0 0 0 0
0.806 0.502 40.68 -1.62 8.6 -2.77 0.0
4.426 4.554 44.79 167.88 169.63 175.33 0.0245
0 0 0 0 0 0 0
0.457 0.726 36.62 7.16 -9.99 -15.11 0.0
4.462 4.519 40.62 192.62 153.12 175.74 0.025
0 0 0 0 0 0 0
-1.236 -1.112 43.01 -24.72 11.91 -10.96 0.0
4.337 4.639 48.86 180.15 189.93 164.16 0.0352
0 0 0 0 0 0 0
-0.205 0.915 40.72 -0.25 -3.56 -17.05 0.0
3.795 5.092 44.88 161.05 187.97 158.65 0.0259
0 0 0 0 0 0 0
-0.008 0.026 40.13 12.74 2.05 10.7 0.0
4.506 4.476 45.01 157.24 166.39 191.62 0.0285
0 0 0 0 0 0 0
-0.968 -1.247 38.3 2.62 2.87 -8.17 0.0
4.533 4.449 44.18 159.79 188.57 172.55 0.0353
0 0 0 0 0 0 0
0.626 -0.018 44.85 18.88 -2.51 13.04 0.0
4.717 4.253 49.18 164.1 173.73 161.53 0.0271
0 0 0 0 0 0 0
1.588 -1.022 38.11 7.92 -1.17 -11.54 0.0
5.567 3.058 42.28 195.85 198.9 181.84 0.0256
0 0 0 0 0 0 0
-0.883 -1.418 40.99 -23.25 20.71 9.66 0.0
4.603 4.375 46.8 173.44 185.0 178.89 0.0354
0 0 0 0 0 0 0
0.443 -0.442 42.77 44.97 0.95 -17.6 0.0
4.977 3.945 47.37 160.86 180.34 175.5 0.0282
0 0 0 0 0 0 0
-1.097 0.061 38.06 5.11 -16.95 -13.52 0.0
3.956 4.967 43.21 182.19 181.62 161.92 0.0309
0 0 0 0 0 0 0
-0.537 0.21 43.22 4.93 -33.75 25.45 0.0
4.164 4.794 48.13 162.74 174.91 164.69 0.029
0 0 0 0 0 0 0
0.956 -0.919 36.25 7.26 17.8 -0.21 0.0
5.271 3.543 40.73 167.41 166.22 154.36 0.0274
0 0 0 0 0 0 0
0.606 0.037 39.18 3.95 9.26 -15.4 0.0
4.75 4.215 43.39 161.2 174.45 193.49 0.0262
0 0 0 0 0 0 0
1.901 0.315 38.46 -7.61 -12.31 -8.68 0.0
5.291 3.512 41.64 157.07 174.36 172.51 0.0218
0 0 0 0 0 0 0
0.036 0.365 36.45 -4.64 -7.02 14.25 0.0
4.295 4.677 40.89 159.25 170.74 177.37 0.0269
0 0 0 0 0 0 0
0.712 0.319 44.62 -11.69 -21.0 -3.98 0.0
4.791 4.169 48.85 186.18 171.72 187.11 0.0255
0 0 0 0 0 0 0
0.229 1.445 44.47 13.36 -1.74 -14.23 0.0
3.885 5.023 48.24 170.45 164.06 167.04 0.0237
0 0 0 0 0 0 0
0.129 0.713 37.39 9.81 1.88 5.11 0.0
4.187 4.776 41.6 173.06 178.32 166.43 0.0258
0 0 0 0 0 0 0
0.066 0.031 43.4 8.4 -9.72 9.28 0.0
4.515 4.466 47.92 175.81 174.81 184.53 0.0282
0 0 0 0 0 0 0
0.387 -0.353 43.85 15.41 -0.37 -0.83 0.0
4.86 4.088 48.53 172.1 178.41 169.87 0.029
0 0 0 0 0 0 0
-0.708 -1.15 36.71 13.26 -11.23 1.51 0.0
4.872 4.073 42.37 168.56 175.79 160.45 0.0338
0 0 0 0 0 0 0
-0.318 -0.931 35.55 7.58 -14.32 5.44 0.0
4.882 4.062 40.84 176.66 159.62 164.79 0.0318
0 0 0 0 0 0 0
0.263 -0.962 35.87 14.78 -10.04 18.12 0.0
5.049 3.852 40.91 176.7 192.25 179.36 0.03
0 0 0 0 0 0 0
-1.173 -0.14 41.2 8.55 23.1 -15.12 0.0
3.992 4.939 46.65 160.11 176.23 178.26 0.0322
0 0 0 0 0 0 0
0.069 0.697 41.52 -22.9 -2.76 13.4 0.0
4.181 4.781 46.07 169.81 164.47 180.12 0.0275
0 0 0 0 0 0 0
-0.56 0.085 40.49 -2.41 -24.7 7.97 0.0
4.327 4.648 45.39 186.66 169.98 166.82 0.0304
0 0 0 0 0 0 0
0.697 0.581 38.56 15.96 9.1 25.16 0.0
4.501 4.48 42.56 184.29 169.06 183.68 0.0247
0 0 0 0 0 0 0
-0.842 -1.607 36.91 9.31 -8.77 -28.04 0.0
4.841 4.111 43.12 177.41 178.79 167.81 0.0354
0 0 0 0 0 0 0
-1.61 0.523 42.33 -4.06 8.29 -4.98 0.0
3.461 5.326 47.44 185.71 172.21 170.86 0.0306
0 0 0 0 0 0 0
0.197 -1.805 36.07 26.09 12.88 -15.67 0.0
5.335 3.447 41.17 181.94 173.85 181.9 0.0321
0 0 0 0 0 0 0
0.892 0.369 38.46 1.17 1.73 -0.26 0.0
4.817 4.138 42.63 167.27 175.89 174.52 0.025
0 0 0 0 0 0 0
-0.167 0.286 44.88 -10.85 16.24 16.45 0.0
4.124 4.831 49.5 165.39 183.83 166.42 0.0283
0 0 0 0 0 0 0
-0.912 1.432 40.34 18.67 -6.23 -1.67 0.0
3.18 5.497 44.59 172.79 183.2 167.3 0.0252
0 0 0 0 0 0 0
0.618 1.023 38.23 7.69 -11.05 -9.76 0.0
4.372 4.607 42.12 175.95 170.46 181.6 0.0241
0 0 0 0 0 0 0
-0.25 -1.315 38.02 -16.74 12.2 5.9 0.0
4.946 3.984 43.8 174.51 163.77 175.32 0.0337
0 0 0 0 0 0 0
0.598 1.816 39.09 15.52 -5.64 10.38 0.0
3.8 5.088 42.52 179.91 169.78 175.54 0.0217
0 0 0 0 0 0 0
-1.121 1.064 35.83 -26.64 2.48 5.19 0.0
3.274 5.443 40.41 171.68 178.1 171.16 0.027
0 0 0 0 0 0 0
-0.16 -1.521 44.41 12.79 -7.88 26.87 0.0
5.235 3.597 49.71 182.06 151.22 179.47 0.0328
0 0 0 0 0 0 0
0.076 1.308 38.83 30.52 -13.73 -5.22 0.0
3.914 5.002 42.55 172.63 182.07 178.07 0.0238
0 0 0 0 0 0 0
-1.095 -0.848 37.3 -4.27 0.65 6.66 0.0
4.525 4.457 42.87 168.98 172.63 158.78 0.0341
0 0 0 0 0 0 0
0.242 -0.423 37.01 -0.29 -3.63 15.94 0.0
4.788 4.174 41.9 159.94 170.4 169.36 0.0292
0 0 0 0 0 0 0
0.124 0.324 44.39 -11.84 18.6 13.04 0.0
4.493 4.49 48.73 178.51 166.38 182.07 0.0269
0 0 0 0 0 0 0
-0.899 1.173 39.07 34.9 9.76 13.08 0.0
3.509 5.293 43.77 174.45 163.25 182.32 0.0278
0 0 0 0 0 0 0
0.384 -0.162 39.52 25.31 -3.89 -3.42 0.0
4.803 4.154 44.16 161.5 182.85 163.54 0.0273
0 0 0 0 0 0 0
0.453 -1.133 36.69 -28.89 5.63 -19.49 0.0
5.144 3.725 41.53 170.34 171.28 163.23 0.0306
0 0 0 0 0 0 0
-0.451 -0.153 43.39 -2.86 15.56 -3.33 0.0
4.118 4.835 48.43 177.19 174.49 170.01 0.0293
0 0 0 0 0 0 0
0.057 -0.925 37.67 5.37 -11.29 -18.73 0.0
4.978 3.945 42.77 173.45 164.56 190.85 0.0307
0 0 0 0 0 0 0
-0.344 1.201 43.4 7.7 -7.15 37.28 0.0
3.648 5.198 47.68 181.59 167.22 178.38 0.0249
0 0 0 0 0 0 0
-0.441 0.904 37.21 -3.18 1.14 -9.6 0.0
3.798 5.09 41.41 158.51 176.3 190.33 0.0271
0 0 0 0 0 0 0
-0.315 0.614 37.82 4.77 7.98 13.24 0.0
4.003 4.93 42.27 172.7 174.73 166.15 0.0274
0 0 0 0 0 0 0
0.003 -0.009 39.17 -16.99 -2.68 -16.84 0.0
4.406 4.574 43.67 151.92 177.27 172.42 0.028
0 0 0 0 0 0 0
-0.234 0.298 36.02 6.44 14.14 2.13 0.0
4.191 4.772 40.77 171.76 177.6 178.41 0.0273
0 0 0 0 0 0 0
0.188 -0.221 35.21 6.04 -14.8 -10.54 0.0
4.633 4.343 39.85 166.21 173.8 175.02 0.0277
0 0 0 0 0 0 0
0.772 -0.423 38.19 2.76 -24.35 12.63 0.0
5.057 3.841 42.77 166.73 176.49 175.02 0.0271
0 0 0 0 0 0 0
-0.017 -0.032 43.27 -8.5 -7.76 8.23 0.0
4.668 4.305 48.0 190.44 166.25 179.12 0.0289
0 0 0 0 0 0 0
0.047 -0.035 39.92 0.01 1.87 -2.19 0.0
4.617 4.361 44.74 174.53 180.9 165.36 0.0286
0 0 0 0 0 0 0
1.03 -0.7 41.0 1.83 -21.65 6.83 0.0
5.329 3.454 45.5 177.83 183.24 177.58 0.0277
0 0 0 0 0 0 0
0.713 0.902 40.92 10.04 14.56 21.54 0.0
4.414 4.565 44.86 170.29 168.94 172.6 0.0235
0 0 0 0 0 0 0
-1.87 -0.668 39.37 -2.0 1.57 -33.24 0.0
3.709 5.156 45.16 155.94 174.46 192.1 0.0358
0 0 0 0 0 0 0
0.198 0.277 37.59 9.47 15.38 3.13 0.0
4.537 4.444 41.93 177.54 178.27 181.77 0.0265
0 0 0 0 0 0 0
1.388 -0.699 36.68 7.96 -8.15 -10.54 0.0
5.441 3.276 40.6 174.81 174.21 152.49 0.0255
0 0 0 0 0 0 0
1.634 -0.311 40.62 18.12 31.98 -22.86 0.0
5.263 3.554 44.31 174.67 175.79 164.27 0.0238
0 0 0 0 0 0 0
0.507 0.203 41.52 1.11 8.42 -6.26 0.0
4.519 4.462 45.81 167.62 154.75 185.74 0.0263
0 0 0 0 0 0 0
-0.299 -0.854 41.49 4.33 -5.62 -8.46 0.0
4.875 4.071 46.49 186.33 170.67 169.7 0.0317
0 0 0 0 0 0 0
-0.077 -0.979 44.67 13.52 8.83 -20.59 0.0
5.011 3.903 49.74 193.72 156.1 173.56 0.0309
0 0 0 0 0 0 0
1.184 1.548 43.07 13.24 5.88 4.57 0.0
4.318 4.657 46.39 176.12 163.74 172.87 0.0212
0 0 0 0 0 0 0
0.134 -0.653 43.65 4.78 3.57 35.87 0.0
4.83 4.123 48.77 165.29 167.39 170.09 0.0293
0 0 0 0 0 0 0
-1.124 -1.043 38.44 14.04 -16.7 -5.1 0.0
4.501 4.481 44.42 167.3 161.73 176.93 0.0353
0 0 0 0 0 0 0
-1.013 -0.184 35.52 -15.55 14.86 -2.51 0.0
3.998 4.936 40.95 178.64 183.05 178.15 0.0319
0 0 0 0 0 0 0
1.897 0.442 43.35 -3.41 -1.45 -8.03 0.0
5.057 3.841 46.82 176.01 189.22 181.32 0.0215
0 0 0 0 0 0 0
-1.299 0.639 41.17 -15.7 2.8 -23.74 0.0
3.478 5.314 46.23 167.9 178.76 168.7 0.0306
0 0 0 0 0 0 0
-0.956 0.3 37.18 -8.08 -7.92 0.68 0.0
3.897 5.014 42.27 174.81 173.79 173.58 0.0304
0 0 0 0 0 0 0
1.99 0.068 38.21 7.81 -14.15 24.46 0.0
5.41 3.325 41.75 173.11 182.46 170.75 0.0219
0 0 0 0 0 0 0
-0.571 1.717 37.95 -11.54 -14.62 8.1 0.0
3.3 5.426 42.01 180.93 168.92 196.46 0.0254
0 0 0 0 0 0 0
-0.252 -0.481 40.91 7.77 1.24 20.82 0.0
4.749 4.217 45.92 177.29 158.91 183.47 0.0303
0 0 0 0 0 0 0
-0.133 -0.58 42.33 1.21 -22.9 -9.72 0.0
4.788 4.172 47.34 187.58 185.7 180.66 0.0312
0 0 0 0 0 0 0
0.13 -1.959 36.52 2.29 9.13 16.17 0.0
5.543 3.099 41.97 169.56 174.26 186.7 0.0326
0 0 0 0 0 0 0
-1.28 -0.49 39.96 -1.06 -26.99 13.68 0.0
4.082 4.865 45.64 170.21 159.88 186.92 0.0327
0 0 0 0 0 0 0
1.538 -0.471 38.92 20.47 -2.35 2.07 0.0
5.509 3.162 43.05 171.17 182.13 169.62 0.0243
0 0 0 0 0 0 0
-0.168 -1.238 43.94 -1.39 -5.86 -16.44 0.0
4.907 4.032 49.28 180.46 189.69 162.06 0.0323
0 0 0 0 0 0 0
0.876 0.807 40.8 0.83 -6.87 -11.2 0.0
4.519 4.462 44.77 158.34 165.22 182.41 0.024
0 0 0 0 0 0 0
0.364 1.551 42.09 -7.18 -3.71 -15.63 0.0
3.75 5.125 45.76 175.31 179.84 163.21 0.0232
0 0 0 0 0 0 0
-1.814 -0.415 37.04 11.76 -11.02 -4.94 0.0
3.738 5.134 42.69 170.22 172.53 172.3 0.0336
0 0 0 0 0 0 0
-0.859 0.832 36.78 -0.97 5.77 22.09 0.0
3.639 5.204 41.51 157.43 171.68 181.32 0.0286
0 0 0 0 0 0 0
-0.483 0.73 37.94 -17.04 14.36 -15.84 0.0
3.93 4.989 42.35 174.71 175.88 179.53 0.0281
0 0 0 0 0 0 0
0.297 -0.299 39.97 -3.32 8.39 7.36 0.0
4.826 4.13 44.58 178.1 180.71 167.43 0.0282
0 0 0 0 0 0 0
-1.465 0.309 43.83 -19.13 -6.36 17.69 0.0
3.518 5.286 49.05 168.03 179.96 176.48 0.0319
0 0 0 0 0 0 0
-0.343 0.195 38.25 12.6 10.3 -16.67 0.0
4.195 4.77 42.83 191.88 167.61 166.27 0.0278
0 0 0 0 0 0 0
0.569 1.355 35.03 20.28 21.42 7.16 0.0
4.09 4.858 38.95 176.04 172.92 184.45 0.0228
0 0 0 0 0 0 0
1.032 0.904 40.22 18.22 1.09 1.87 0.0
4.582 4.397 43.78 177.35 184.28 183.2 0.023
0 0 0 0 0 0 0
-1.447 -0.211 40.15 -17.29 16.75 19.47 0.0
3.926 4.993 45.67 183.16 167.52 170.11 0.0322
0 0 0 0 0 0 0
0.003 -0.006 37.59 4.83 8.25 11.69 0.0
4.504 4.477 42.24 172.29 191.78 183.83 0.0282
0 0 0 0 0 0 0
-1.167 1.33 41.2 -0.49 13.98 -2.41 0.0
2.901 5.649 45.49 164.21 179.52 165.61 0.0264
0 0 0 0 0 0 0
-0.673 0.875 42.56 -20.56 -0.41 13.38 0.0
3.512 5.29 47.12 165.99 189.24 179.47 0.0276
0 0 0 0 0 0 0
0.546 -0.695 37.59 20.11 -13.96 9.12 0.0
4.999 3.917 42.51 172.0 177.49 182.59 0.0294
0 0 0 0 0 0 0
-0.0 0.018 41.33 0.66 -7.69 -19.87 0.0
4.49 4.491 46.13 165.47 166.87 175.65 0.0296
0 0 0 0 0 0 0
0.071 -0.487 36.83 21.53 -17.4 -3.1 0.0
4.789 4.172 41.58 189.4 162.89 164.74 0.0288
0 0 0 0 0 0 0
-1.409 0.197 36.56 -14.14 -35.72 -10.38 0.0
3.683 5.174 42.0 174.25 172.06 179.38 0.0325
0 0 0 0 0 0 0
0.092 -0.808 36.12 -24.2 -6.78 -3.84 0.0
4.917 4.019 41.42 165.65 175.37 179.14 0.0319
0 0 0 0 0 0 0
-1.004 1.501 39.81 -29.47 -18.21 11.34 0.0
3.059 5.566 44.33 183.44 169.14 179.83 0.0267
0 0 0 0 0 0 0
0.958 -1.368 43.34 14.03 -1.86 6.94 0.0
5.512 3.153 48.27 161.03 162.55 169.52 0.0291
0 0 0 0 0 0 0
0.314 -1.05 43.52 -13.42 10.03 -7.62 0.0
5.038 3.867 48.69 161.08 177.58 167.56 0.0313
0 0 0 0 0 0 0
-0.787 -0.387 39.81 -4.51 -1.37 -8.29 0.0
4.242 4.727 45.16 174.16 168.65 166.02 0.032
0 0 0 0 0 0 0
-0.49 -1.05 41.69 1.53 18.4 -26.71 0.0
4.76 4.206 47.06 181.23 178.7 188.53 0.033
0 0 0 0 0 0 0
0.217 -1.932 40.45 -16.0 2.2 10.49 0.0
5.403 3.336 45.86 172.25 180.93 175.2 0.033
0 0 0 0 0 0 0
0.212 -0.202 39.73 2.37 -9.99 1.77 0.0
4.74 4.227 44.52 176.68 184.63 190.96 0.0284
0 0 0 0 0 0 0
-1.565 0.644 38.23 -0.67 -9.14 -16.47 0.0
3.329 5.409 43.04 181.15 171.65 157.18 0.0307
0 0 0 0 0 0 0
0.42 -0.224 42.66 -12.82 -17.96 1.39 0.0
4.733 4.235 47.29 156.45 179.38 170.67 0.028
0 0 0 0 0 0 0
-0.85 -0.333 42.84 8.73 -11.58 2.98 0.0
4.182 4.78 48.24 168.54 175.5 186.51 0.0323
0 0 0 0 0 0 0
-0.154 -0.542 42.91 -4.88 -6.07 -9.11 0.0
4.598 4.381 47.91 176.09 176.5 190.29 0.0301
0 0 0 0 0 0 0
-1.616 -0.016 44.05 18.04 -4.93 8.36 0.0
3.655 5.194 49.59 167.84 174.02 186.41 0.0322
0 0 0 0 0 0 0
0.15 -1.074 44.69 -2.04 11.75 3.74 0.0
5.037 3.868 49.83 194.7 161.49 180.88 0.0303
0 0 0 0 0 0 0
-0.635 -0.779 38.31 -0.43 0.07 1.7 0.0
4.415 4.566 43.8 165.78 165.93 180.0 0.0334
0 0 0 0 0 0 0
0.455 0.456 40.73 8.09 -9.68 -26.39 0.0
4.545 4.437 44.87 182.54 171.23 162.25 0.026
0 0 0 0 0 0 0
-0.041 0.076 37.32 -12.61 9.89 30.78 0.0
4.403 4.577 42.07 165.99 175.16 176.56 0.0282
0 0 0 0 0 0 0
-0.342 -0.286 36.41 3.74 -21.17 5.37 0.0
4.588 4.391 41.46 161.85 149.74 177.51 0.0304
0 0 0 0 0 0 0
0.219 1.795 40.32 -8.86 15.98 18.24 0.0
3.603 5.23 44.11 192.25 166.59 190.85 0.0221
0 0 0 0 0 0 0
-0.74 -0.956 36.61 -13.78 -14.79 6.28 0.0
4.605 4.374 42.35 180.78 183.88 172.78 0.0344
0 0 0 0 0 0 0
-1.009 -1.535 35.35 7.34 -1.83 0.62 0.0
4.813 4.142 41.6 179.07 163.35 183.21 0.0365
0 0 0 0 0 0 0
-0.466 -1.123 43.68 -5.52 7.27 1.12 0.0
4.825 4.129 48.96 183.61 177.47 167.7 0.0329
0 0 0 0 0 0 0
-0.234 0.787 39.24 -17.67 10.86 40.76 0.0
3.853 5.049 43.63 165.47 168.82 171.95 0.0266
0 0 0 0 0 0 0
0.075 0.735 40.09 -13.15 -9.28 -14.2 0.0
4.214 4.752 44.22 176.3 170.05 191.27 0.0254
0 0 0 0 0 0 0
-0.229 -1.717 35.59 -7.56 -11.49 -2.46 0.0
5.247 3.578 41.4 165.18 166.15 178.34 0.0341
0 0 0 0 0 0 0
0.635 -0.543 42.21 -10.82 -16.59 19.52 0.0
5.031 3.876 46.83 165.3 182.41 197.95 0.0286
0 0 0 0 0 0 0
-0.312 1.515 44.99 3.92 29.12 -9.59 0.0
3.441 5.338 49.06 161.39 154.25 185.51 0.0248
0 0 0 0 0 0 0
-0.535 -1.41 43.02 13.7 -1.45 26.85 0.0
4.867 4.081 48.65 165.49 185.94 176.47 0.0331
0 0 0 0 0 0 0
0.913 0.347 40.52 24.1 -5.62 5.87 0.0
4.721 4.247 44.68 149.36 174.0 181.25 0.0249
0 0 0 0 0 0 0
-0.13 0.032 37.2 -0.31 13.97 1.35 0.0
4.358 4.619 42.15 178.43 176.92 177.84 0.0293
0 0 0 0 0 0 0
-0.549 -1.892 41.64 2.72 -12.45 -13.77 0.0
5.28 3.53 47.38 169.49 187.32 177.43 0.0346
0 0 0 0 0 0 0
0.243 1.221 35.56 -2.96 12.26 -5.31 0.0
4.046 4.896 39.47 179.43 169.43 177.97 0.0242
0 0 0 0 0 0 0
0.008 0.013 37.36 -0.2 1.62 13.79 0.0
4.439 4.543 42.0 184.23 169.97 181.1 0.028
0 0 0 0 0 0 0
0.327 0.934 40.91 -4.14 -21.16 -13.66 0.0
4.16 4.799 44.93 176.67 193.38 173.87 0.0258
0 0 0 0 0 0 0
-0.268 0.32 38.94 3.39 8.77 7.98 0.0
4.148 4.809 43.76 167.79 177.27 181.41 0.0281
0 0 0 0 0 0 0
-0.104 0.401 36.72 -6.74 23.6 11.29 0.0
4.047 4.895 41.14 170.28 182.12 163.17 0.027
0 0 0 0 0 0 0
-0.409 0.409 42.77 -7.93 -26.96 5.5 0.0
4.029 4.909 47.6 182.84 172.99 174.66 0.0294
0 0 0 0 0 0 0
-1.502 -0.842 38.84 -11.17 8.07 -5.97 0.0
4.165 4.795 44.76 157.94 170.5 172.67 0.0348
0 0 0 0 0 0 0
-0.99 0.577 42.88 -6.4 -4.73 -19.95 0.0
3.526 5.282 47.44 182.36 175.19 173.98 0.029
0 0 0 0 0 0 0
-1.592 -1.007 36.82 -3.26 -0.17 -4.51 0.0
4.26 4.71 43.03 165.95 172.76 172.09 0.0373
0 0 0 0 0 0 0
-0.509 -0.327 44.08 21.55 -23.81 -32.29 0.0
4.413 4.568 49.2 157.97 159.41 183.23 0.032
0 0 0 0 0 0 0
-0.447 -1.715 39.15 2.81 3.89 19.84 0.0
5.039 3.864 44.82 182.2 155.9 170.82 0.034
0 0 0 0 0 0 0
-0.698 0.697 35.14 2.54 0.0 -1.26 0.0
3.705 5.158 40.03 157.63 195.18 178.4 0.0299
0 0 0 0 0 0 0
-0.118 -0.239 41.7 -17.6 1.21 8.88 0.0
4.367 4.612 46.77 174.68 176.37 170.32 0.0299
0 0 0 0 0 0 0
-0.755 0.954 43.12 21.73 -15.97 10.66 0.0
3.746 5.128 47.8 167.04 161.62 170.17 0.0282
0 0 0 0 0 0 0
-1.326 0.825 42.94 -1.31 -6.3 -4.47 0.0
3.19 5.491 48.02 144.73 157.86 167.64 0.0296
0 0 0 0 0 0 0
1.635 -0.865 44.0 11.8 -9.63 -4.02 0.0
5.543 3.102 47.92 148.71 170.9 168.22 0.0249
0 0 0 0 0 0 0
-0.66 0.222 40.55 -16.12 -6.53 -0.02 0.0
4.015 4.92 45.42 177.23 178.78 174.29 0.0293
0 0 0 0 0 0 0
-0.509 0.633 43.34 8.14 -6.73 -8.92 0.0
4.02 4.917 48.07 178.27 165.43 176.77 0.0286
0 0 0 0 0 0 0
-1.022 -0.427 35.55 6.7 6.34 10.61 0.0
4.286 4.686 41.02 176.56 175.93 176.55 0.032
0 0 0 0 0 0 0
0.311 -1.494 39.53 11.21 -11.36 27.66 0.0
5.277 3.535 45.03 170.44 171.91 167.11 0.0324
0 0 0 0 0 0 0
0.738 -0.489 37.73 15.35 -1.27 -11.74 0.0
5.052 3.847 42.32 164.42 161.39 170.23 0.028
0 0 0 0 0 0 0
-0.246 1.767 43.22 -17.38 16.27 -1.26 0.0
3.266 5.447 46.94 165.46 155.39 182.21 0.023
0 0 0 0 0 0 0
-0.367 -1.862 35.5 -23.46 17.2 21.01 0.0
5.077 3.816 41.36 171.11 168.67 165.71 0.034
0 0 0 0 0 0 0
0.056 -0.181 41.05 -11.98 -5.83 -0.32 0.0
4.554 4.427 46.01 170.05 187.32 156.55 0.0294
0 0 0 0 0 0 0
-0.97 1.263 35.74 -29.12 -0.89 26.7 0.0
3.431 5.344 40.19 176.9 169.15 188.5 0.0267
0 0 0 0 0 0 0
-0.955 0.665 39.35 -19.16 -3.42 -8.04 0.0
3.659 5.19 44.08 167.51 185.86 169.32 0.0294
0 0 0 0 0 0 0
-0.173 -1.707 36.51 8.05 -13.14 4.55 0.0
5.243 3.583 42.19 164.76 187.26 178.36 0.0346
0 0 0 0 0 0 0
-1.171 -0.469 40.8 -9.18 12.52 6.85 0.0
4.04 4.9 46.38 165.02 163.59 172.36 0.0334
0 0 0 0 0 0 0
-0.561 -0.921 40.81 -9.97 -9.69 1.95 0.0
4.503 4.478 46.45 169.48 172.32 173.69 0.0335
0 0 0 0 0 0 0
0.524 -0.629 42.97 9.69 -8.25 -0.78 0.0
5.105 3.779 47.73 174.28 184.1 179.42 0.0287
0 0 0 0 0 0 0
0.631 -1.466 42.68 0.52 7.17 -6.52 0.0
5.367 3.393 47.41 178.1 179.51 180.41 0.0298
0 0 0 0 0 0 0
0.689 -1.289 37.98 11.31 -5.45 7.34 0.0
5.465 3.236 43.01 172.8 171.33 174.08 0.0295
0 0 0 0 0 0 0
-0.74 -0.869 35.65 2.86 0.09 10.55 0.0
4.644 4.332 41.34 188.23 168.19 203.66 0.0329
0 0 0 0 0 0 0
0.088 0.162 39.06 7.87 11.57 -4.32 0.0
4.428 4.553 43.63 166.02 169.43 173.37 0.0277
0 0 0 0 0 0 0
0.811 -0.082 42.4 -3.46 -4.37 -15.01 0.0
4.925 4.011 46.57 168.79 176.96 179.77 0.0268
0 0 0 0 0 0 0
-0.018 0.017 40.84 5.76 3.29 9.72 0.0
4.472 4.508 45.56 159.08 179.48 175.6 0.0294
0 0 0 0 0 0 0
0.989 -0.143 41.39 9.59 -6.14 27.03 0.0
5.042 3.861 45.71 171.81 185.18 180.58 0.0258
0 0 0 0 0 0 0
0.846 1.114 44.14 15.22 18.1 -7.56 0.0
4.323 4.653 47.61 175.69 175.12 169.74 0.0226
0 0 0 0 0 0 0
0.997 1.033 35.83 -7.76 -0.55 -15.52 0.0
4.302 4.672 39.54 164.99 167.03 160.1 0.0234
0 0 0 0 0 0 0
-1.483 0.245 41.74 -10.77 -11.55 2.95 0.0
3.414 5.355 46.81 158.48 176.26 180.83 0.0312
0 0 0 0 0 0 0
-0.213 -0.096 40.15 13.55 9.75 16.47 0.0
4.415 4.565 44.85 180.5 173.57 173.19 0.0287
0 0 0 0 0 0 0
0.015 -0.043 36.3 15.13 17.41 6.06 0.0
4.571 4.408 40.97 173.42 169.31 174.19 0.0284
0 0 0 0 0 0 0
0.784 0.593 43.11 6.34 0.39 3.14 0.0
4.528 4.453 47.11 181.95 172.73 175.75 0.0244
0 0 0 0 0 0 0
0.473 -0.678 44.27 -2.94 22.32 -5.03 0.0
5.014 3.898 49.08 167.87 168.54 191.88 0.0279
0 0 0 0 0 0 0
0.073 0.46 42.26 -6.65 8.68 23.95 0.0
4.299 4.674 46.81 165.64 169.49 182.74 0.0273
0 0 0 0 0 0 0
-0.155 1.419 38.74 -25.77 -1.84 -5.59 0.0
3.731 5.139 42.66 178.76 179.9 169.43 0.0247
0 0 0 0 0 0 0
0.127 -0.006 39.54 -5.53 -6.26 -10.1 0.0
4.631 4.347 44.23 185.64 158.19 191.6 0.0275
0 0 0 0 0 0 0
0.005 0.812 40.86 -17.55 -1.49 16.81 0.0
4.047 4.895 45.11 172.65 183.72 170.02 0.0256
0 0 0 0 0 0 0
-0.182 -0.152 41.11 -28.31 18.44 13.09 0.0
4.304 4.67 46.28 175.49 181.73 190.99 0.03
0 0 0 0 0 0 0
0.283 -0.261 38.07 -13.04 3.85 -5.24 0.0
4.739 4.229 42.98 165.74 181.29 190.07 0.0283
0 0 0 0 0 0 0
-0.716 -0.013 35.58 20.69 8.75 27.84 0.0
4.232 4.735 40.86 170.09 183.78 172.6 0.0303
0 0 0 0 0 0 0
0.144 -1.326 42.01 -22.73 -2.16 3.82 0.0
5.142 3.728 47.41 167.55 168.81 180.13 0.033
0 0 0 0 0 0 0
0.698 1.873 42.05 -4.99 14.48 7.68 0.0
3.921 4.996 45.49 170.93 160.33 177.6 0.0209
0 0 0 0 0 0 0
-0.297 1.237 40.04 1.75 -5.12 -18.26 0.0
3.659 5.191 44.24 163.35 185.42 171.99 0.0259
0 0 0 0 0 0 0
0.56 1.344 40.77 -12.01 9.75 10.89 0.0
3.995 4.936 44.29 173.73 184.83 176.79 0.0221
0 0 0 0 0 0 0
0.073 -0.772 43.76 -8.92 -16.41 19.42 0.0
4.847 4.104 48.76 188.14 193.97 164.34 0.0303
0 0 0 0 0 0 0
0.667 -1.264 37.02 -11.99 -17.2 -6.0 0.0
5.36 3.407 41.86 175.01 168.49 176.64 0.0292
0 0 0 0 0 0 0
0.134 -0.673 42.33 -6.54 -23.48 1.88 0.0
4.956 3.97 47.47 158.18 151.58 162.42 0.0304
0 0 0 0 0 0 0
-0.084 0.037 35.27 -10.52 7.8 -1.56 0.0
4.487 4.495 39.94 178.54 159.83 162.13 0.0286
0 0 0 0 0 0 0
0.7 -1.009 42.22 -14.78 -10.37 -19.4 0.0
5.259 3.56 47.02 174.45 169.37 176.51 0.0294
0 0 0 0 0 0 0
0.361 0.407 44.15 -26.43 6.14 7.89 0.0
4.353 4.625 48.33 176.34 174.93 160.99 0.0268
0 0 0 0 0 0 0
-0.622 0.074 42.09 20.15 -11.65 5.92 0.0
4.117 4.836 47.05 162.3 166.06 165.73 0.0299
0 0 0 0 0 0 0
-0.059 -1.668 42.11 -2.08 -0.49 -1.77 0.0
5.301 3.497 47.37 193.19 179.16 197.39 0.0325
0 0 0 0 0 0 0
-0.559 0.765 43.04 -4.53 -8.86 -6.36 0.0
3.78 5.105 47.55 175.66 185.83 181.15 0.0268
0 0 0 0 0 0 0
-0.083 1.537 40.0 -3.27 -5.67 12.31 0.0
3.53 5.28 43.75 188.85 180.32 168.56 0.0234
0 0 0 0 0 0 0
-0.195 0.545 38.65 -28.23 14.16 -7.75 0.0
4.128 4.827 43.22 188.91 165.23 171.63 0.0278
0 0 0 0 0 0 0
0.106 0.018 38.82 8.49 -17.9 -13.61 0.0
4.598 4.38 43.41 172.44 173.89 178.38 0.028
0 0 0 0 0 0 0
-0.227 0.263 39.93 -8.09 4.03 4.86 0.0
4.073 4.874 44.5 166.87 180.77 161.66 0.0278
0 0 0 0 0 0 0
0.54 0.748 43.59 -6.38 2.97 18.68 0.0
4.407 4.573 47.5 169.25 171.73 187.88 0.0252
0 0 0 0 0 0 0
-0.061 -0.152 36.68 0.41 0.34 1.33 0.0
4.522 4.459 41.34 181.39 188.79 157.68 0.0283
0 0 0 0 0 0 0
0.28 0.186 35.49 -9.66 -39.93 16.89 0.0
4.454 4.527 40.12 165.65 170.9 176.99 0.027
0 0 0 0 0 0 0
0.03 -0.207 42.0 19.98 -11.81 -0.34 0.0
4.44 4.542 46.87 177.47 180.04 170.81 0.0293
0 0 0 0 0 0 0
1.021 1.019 40.39 4.35 7.23 6.29 0.0
4.415 4.565 43.95 174.89 184.76 185.7 0.0219
0 0 0 0 0 0 0
0.241 0.315 38.68 -6.88 -2.05 -16.14 0.0
4.428 4.552 43.14 170.24 177.98 171.8 0.0267
0 0 0 0 0 0 0
0.264 0.124 35.18 16.95 17.34 0.22 0.0
4.384 4.595 39.57 168.91 180.83 178.88 0.0269
0 0 0 0 0 0 0
-0.021 -0.236 35.54 -9.65 0.33 9.53 0.0
4.665 4.308 40.36 178.71 186.45 161.58 0.0294
0 0 0 0 0 0 0
0.173 0.2 42.95 -4.28 18.32 -7.9 0.0
4.467 4.514 47.56 175.0 171.56 180.81 0.0276
0 0 0 0 0 0 0
-0.791 -0.31 42.29 2.92 -4.11 1.37 0.0
4.245 4.724 47.61 172.84 189.65 179.29 0.0316
0 0 0 0 0 0 0
0.222 1.977 38.95 10.99 -32.06 -14.38 0.0
3.679 5.178 42.54 169.53 177.8 178.64 0.0225
0 0 0 0 0 0 0
0.042 -0.114 43.18 1.27 14.62 16.74 0.0
4.526 4.455 47.85 174.79 171.77 163.13 0.028
0 0 0 0 0 0 0
0.208 -1.703 39.0 20.08 9.9 -15.61 0.0
5.435 3.284 44.23 161.41 168.16 179.32 0.0317
0 0 0 0 0 0 0
-0.863 0.828 41.41 -2.36 -23.62 -0.26 0.0
3.479 5.314 46.42 150.13 166.49 175.0 0.0295
0 0 0 0 0 0 0
-1.68 -0.2 42.42 -28.56 7.2 10.57 0.0
3.592 5.237 47.93 167.47 163.56 182.98 0.0339
0 0 0 0 0 0 0
0.835 -0.273 36.47 -3.68 -4.01 5.67 0.0
5.024 3.885 40.92 178.43 166.17 167.55 0.0263
0 0 0 0 0 0 0
0.438 1.028 42.58 -8.39 24.87 2.86 0.0
4.032 4.907 46.46 174.33 176.5 189.99 0.0237
0 0 0 0 0 0 0
-0.308 -0.927 43.77 5.67 -12.2 12.05 0.0
4.864 4.084 49.13 166.77 160.14 174.82 0.0327
0 0 0 0 0 0 0
1.269 0.738 40.13 8.09 6.64 -13.0 0.0
4.807 4.15 43.68 176.92 172.75 176.56 0.0219
0 0 0 0 0 0 0
-0.929 -0.828 37.25 13.44 -3.95 -8.69 0.0
4.41 4.569 42.8 176.17 188.23 169.84 0.0331
0 0 0 0 0 0 0
0.865 -0.842 38.2 1.87 9.9 15.37 0.0
5.31 3.482 42.79 183.95 174.48 161.35 0.0277
0 0 0 0 0 0 0
0.321 1.578 43.12 12.18 -6.45 -18.06 0.0
3.802 5.087 46.65 191.65 177.34 184.28 0.0231
0 0 0 0 0 0 0
-1.195 1.367 36.93 -29.28 0.08 6.55 0.0
3.082 5.554 41.48 179.84 194.08 173.3 0.0275
0 0 0 0 0 0 0
0.651 0.815 40.13 -38.75 -3.31 13.34 0.0
4.482 4.498 44.17 177.28 182.55 168.7 0.0246
0 0 0 0 0 0 0
1.287 -0.841 35.03 0.68 -1.96 -4.26 0.0
5.483 3.206 39.49 165.55 166.56 182.52 0.0264
0 0 0 0 0 0 0
0.041 0.07 40.3 5.84 -2.99 -20.28 0.0
4.573 4.407 44.72 171.46 174.29 171.25 0.0279
0 0 0 0 0 0 0
0.076 -1.194 35.15 7.32 1.99 -5.01 0.0
5.154 3.71 40.47 178.64 171.11 181.7 0.0309
0 0 0 0 0 0 0
-1.283 0.486 36.69 -6.96 34.61 8.17 0.0
3.541 5.271 41.92 151.58 158.72 163.26 0.0303
0 0 0 0 0 0 0
0.447 0.198 37.08 2.89 1.75 -21.86 0.0
4.539 4.441 41.2 179.03 171.49 162.35 0.026
0 0 0 0 0 0 0
0.051 0.488 35.74 -15.54 3.48 11.83 0.0
4.255 4.715 40.36 186.54 170.01 174.53 0.0269
0 0 0 0 0 0 0
-0.845 -0.638 42.3 -2.42 -2.19 18.6 0.0
4.374 4.605 47.92 175.43 179.59 192.13 0.0329
0 0 0 0 0 0 0
1.485 -0.642 42.97 -21.51 -2.61 15.27 0.0
5.368 3.396 46.97 178.57 174.51 168.22 0.0258
0 0 0 0 0 0 0
-0.769 -0.0 35.65 7.73 24.94 -17.74 0.0
4.041 4.899 40.41 164.22 177.16 167.06 0.0293
0 0 0 0 0 0 0
-1.2 0.111 41.05 18.68 -2.83 9.51 0.0
3.645 5.2 46.1 178.36 179.52 180.75 0.0308
0 0 0 0 0 0 0
0.138 -0.346 38.71 3.12 -5.9 -4.31 0.0
4.793 4.166 43.79 187.59 160.28 193.77 0.0287
0 0 0 0 0 0 0
1.437 -0.42 37.84 0.82 -19.81 18.26 0.0
5.361 3.405 42.05 170.18 167.31 180.69 0.0256
0 0 0 0 0 0 0
-1.772 0.728 40.42 20.87 -3.76 7.35 0.0
3.073 5.558 45.25 178.08 172.69 169.42 0.0297
0 0 0 0 0 0 0
1.719 -0.535 35.85 -3.23 11.89 -6.37 0.0
5.374 3.384 39.81 184.76 180.24 187.21 0.0239
0 0 0 0 0 0 0
-0.637 -0.373 43.18 -18.1 1.46 2.81 0.0
4.417 4.563 48.4 162.77 174.54 185.32 0.0314
0 0 0 0 0 0 0
-1.462 0.758 44.11 -10.14 -0.97 0.79 0.0
3.059 5.567 49.27 168.4 171.44 170.19 0.0301
0 0 0 0 0 0 0
-1.047 0.569 41.99 -6.95 -12.92 -0.91 0.0
3.623 5.217 46.97 165.19 170.98 177.8 0.0303
0 0 0 0 0 0 0
-0.314 -0.589 35.59 1.1 15.25 7.35 0.0
4.567 4.414 40.73 183.95 165.48 185.44 0.0305
0 0 0 0 0 0 0
1.968 -0.095 35.45 -3.83 1.92 -8.1 0.0
5.481 3.209 38.93 180.26 147.92 175.6 0.0223
0 0 0 0 0 0 0
0.148 1.768 39.73 -13.53 -18.74 20.09 0.0
3.622 5.218 43.51 175.27 190.19 169.53 0.0226
0 0 0 0 0 0 0
-1.321 0.586 38.44 2.21 -30.96 4.0 0.0
3.368 5.385 43.57 176.58 177.65 170.23 0.0313
0 0 0 0 0 0 0
0.017 -0.03 37.85 10.2 -4.39 5.86 0.0
4.514 4.467 42.79 155.35 182.4 169.82 0.0287
0 0 0 0 0 0 0
-0.982 -0.392 35.03 7.89 -7.81 1.09 0.0
4.192 4.771 40.58 155.24 167.24 174.04 0.0325
0 0 0 0 0 0 0
-0.108 0.449 36.02 -38.8 8.23 -1.18 0.0
4.168 4.792 40.55 178.46 160.71 173.59 0.027
0 0 0 0 0 0 0
-0.137 1.469 37.74 13.49 25.74 10.29 0.0
3.486 5.309 41.48 176.41 169.82 162.17 0.0235
0 0 0 0 0 0 0
0.039 0.201 38.14 -24.05 -3.4 12.41 0.0
4.426 4.555 42.67 175.86 176.26 174.39 0.0277
0 0 0 0 0 0 0
0.553 0.114 40.99 -21.07 11.02 3.73 0.0
4.748 4.217 45.14 177.09 183.61 174.29 0.0259
0 0 0 0 0 0 0
-1.292 -1.371 35.03 8.66 5.24 -20.18 0.0
4.472 4.509 40.83 179.32 184.75 164.48 0.0358
0 0 0 0 0 0 0
0.639 -0.473 41.12 4.78 17.01 5.33 0.0
4.929 4.005 45.66 184.6 180.37 171.5 0.0274
0 0 0 0 0 0 0
0.036 -0.34 38.49 -17.82 4.97 1.98 0.0
4.707 4.265 43.69 189.78 175.95 184.23 0.0305
0 0 0 0 0 0 0
0.039 -0.062 44.44 -16.83 15.28 -14.08 0.0
4.416 4.564 48.94 162.74 182.1 174.38 0.0287
0 0 0 0 0 0 0
-0.134 0.229 39.5 16.76 9.83 1.23 0.0
4.356 4.621 43.94 161.58 165.67 170.05 0.0284
0 0 0 0 0 0 0
0.06 0.284 42.11 25.47 2.78 7.54 0.0
4.455 4.527 46.57 170.3 171.44 172.4 0.0279
0 0 0 0 0 0 0
-0.105 -0.783 44.93 -9.37 -18.86 -16.09 0.0
4.882 4.061 50.18 186.82 174.12 177.58 0.0314
0 0 0 0 0 0 0
0.129 -0.482 35.25 -9.06 -5.74 35.22 0.0
4.617 4.361 40.29 176.84 187.29 164.99 0.0295
0 0 0 0 0 0 0
-0.111 1.082 41.18 -14.5 -17.63 -23.27 0.0
3.867 5.038 45.28 176.4 180.89 190.05 0.0261
0 0 0 0 0 0 0
1.282 0.059 35.49 5.68 -8.18 18.14 0.0
5.104 3.778 39.53 171.45 177.54 175.32 0.0247
0 0 0 0 0 0 0
-0.898 1.284 42.69 9.02 -8.9 15.1 0.0
3.265 5.447 47.01 173.99 159.75 178.81 0.0269
0 0 0 0 0 0 0
-1.316 -0.763 36.56 6.26 -20.29 -3.81 0.0
4.238 4.729 42.46 171.54 158.1 156.12 0.0352
0 0 0 0 0 0 0
-0.123 0.161 44.19 5.68 -21.85 25.63 0.0
4.403 4.576 48.78 174.84 161.46 181.61 0.0286
0 0 0 0 0 0 0
-1.247 0.386 36.25 2.05 -1.68 -4.26 0.0
3.697 5.164 41.21 184.83 173.05 181.18 0.0303
0 0 0 0 0 0 0
-0.242 -0.657 41.85 4.8 5.22 1.95 0.0
4.618 4.361 47.05 168.96 176.56 159.85 0.0311
0 0 0 0 0 0 0
-0.063 -0.057 42.68 -1.19 7.59 -14.19 0.0
4.553 4.427 47.71 159.76 152.42 196.45 0.0291
0 0 0 0 0 0 0
-0.281 0.048 39.65 1.83 -11.2 9.03 0.0
4.266 4.704 44.53 179.4 155.33 181.2 0.0293
0 0 0 0 0 0 0
0.561 -1.206 41.35 -0.41 15.16 -32.24 0.0
5.192 3.658 46.3 175.23 175.67 159.95 0.0305
0 0 0 0 0 0 0
0.915 1.24 40.92 -17.7 17.75 -0.06 0.0
4.331 4.646 44.37 170.72 175.75 182.66 0.0227
0 0 0 0 0 0 0
-0.07 -1.216 44.62 30.12 0.67 -12.09 0.0
4.962 3.965 49.92 165.89 193.76 166.79 0.0316
0 0 0 0 0 0 0
1.541 1.114 43.69 0.44 0.13 -9.72 0.0
4.697 4.275 46.95 181.71 170.18 172.09 0.0208
0 0 0 0 0 0 0
0.875 -0.551 38.82 -17.62 -7.98 24.45 0.0
5.205 3.64 43.31 166.59 172.95 195.61 0.0266
0 0 0 0 0 0 0
-0.055 -0.348 38.23 5.43 16.31 16.47 0.0
4.601 4.378 43.44 172.57 167.88 171.77 0.0302
0 0 0 0 0 0 0
-0.335 0.917 43.94 -5.67 -4.0 4.36 0.0
3.822 5.073 48.42 176.69 189.0 184.36 0.0268
0 0 0 0 0 0 0
0.003 -0.006 43.03 1.83 -2.43 -5.03 0.0
4.544 4.437 47.75 168.01 156.27 166.16 0.0292
0 0 0 0 0 0 0
-1.086 0.189 44.3 -2.24 -6.41 8.73 0.0
3.613 5.223 49.33 175.58 156.46 170.76 0.0306
0 0 0 0 0 0 0
1.111 0.544 42.86 0.03 19.96 13.43 0.0
4.721 4.249 46.82 168.12 190.18 198.45 0.0233
0 0 0 0 0 0 0
-0.399 -1.173 42.74 -0.25 -7.82 17.09 0.0
4.809 4.148 48.17 163.5 176.37 165.41 0.0333
0 0 0 0 0 0 0
0.469 -0.105 39.55 31.79 4.71 -23.09 0.0
4.599 4.38 44.01 169.19 189.7 169.55 0.027
0 0 0 0 0 0 0
-0.454 0.822 40.38 2.61 18.95 -17.09 0.0
3.85 5.05 44.76 174.81 161.1 172.84 0.027
0 0 0 0 0 0 0
-0.076 0.022 37.37 2.22 7.64 45.04 0.0
4.451 4.53 42.14 157.04 171.92 172.8 0.0287
0 0 0 0 0 0 0
0.29 -1.249 39.51 8.99 -17.66 -5.9 0.0
5.262 3.556 44.36 171.66 166.91 175.88 0.0313
0 0 0 0 0 0 0
-0.142 0.704 38.39 16.79 -4.65 -5.8 0.0
4.003 4.931 42.89 173.72 158.56 179.94 0.0271
0 0 0 0 0 0 0
-0.781 1.121 41.18 -3.06 -6.84 -27.18 0.0
3.454 5.329 45.32 181.3 177.7 172.92 0.0266
0 0 0 0 0 0 0
-0.574 1.232 42.91 -16.88 8.35 6.93 0.0
3.472 5.317 47.13 176.98 179.53 176.36 0.0251
0 0 0 0 0 0 0
0.796 -0.706 41.47 -19.41 -16.7 -27.04 0.0
5.149 3.716 46.24 170.13 167.33 180.28 0.0295
0 0 0 0 0 0 0
0.577 1.629 41.78 0.95 1.23 11.3 0.0
3.964 4.962 45.48 171.37 159.05 174.43 0.0225
0 0 0 0 0 0 0
0.358 1.567 43.74 -2.3 -15.47 -17.18 0.0
3.836 5.061 47.41 170.21 175.83 181.18 0.0232
0 0 0 0 0 0 0
1.652 -0.9 36.28 -5.92 4.79 -8.45 0.0
5.555 3.079 40.26 174.01 152.16 171.42 0.0248
0 0 0 0 0 0 0
0.024 -0.046 44.46 5.27 16.57 -14.74 0.0
4.472 4.508 49.28 173.97 173.38 173.75 0.0296
0 0 0 0 0 0 0
0.478 -0.534 41.97 -16.7 -7.27 27.41 0.0
5.011 3.903 46.81 184.39 174.29 173.41 0.0292
0 0 0 0 0 0 0
-0.514 0.728 43.54 6.34 -20.49 11.92 0.0
3.98 4.949 48.14 177.55 171.47 177.26 0.0275
0 0 0 0 0 0 0
-0.584 -0.779 43.98 -21.17 16.37 -21.87 0.0
4.691 4.28 49.35 186.33 161.38 182.7 0.0318
0 0 0 0 0 0 0
-0.203 -0.271 43.31 -5.97 1.82 6.79 0.0
4.622 4.356 48.34 188.94 155.17 170.63 0.0307
0 0 0 0 0 0 0
-0.862 1.686 42.94 1.59 9.99 -9.55 0.0
3.064 5.562 46.75 189.95 174.22 180.4 0.0248
0 0 0 0 0 0 0
0.895 1.125 41.23 1.45 0.68 -0.38 0.0
4.242 4.725 44.51 182.56 177.17 175.24 0.021
0 0 0 0 0 0 0
0.561 -1.169 40.94 -8.03 -11.19 -0.97 0.0
5.287 3.518 45.6 155.13 185.23 164.27 0.0297
0 0 0 0 0 0 0
-0.815 -1.192 44.09 5.6 0.47 17.58 0.0
4.696 4.276 49.75 172.23 170.89 177.25 0.034
0 0 0 0 0 0 0
0.39 -0.394 35.9 6.14 16.95 -4.73 0.0
4.813 4.145 40.41 177.3 178.32 166.36 0.0284
0 0 0 0 0 0 0
0.271 0.044 44.26 2.76 6.73 3.22 0.0
4.622 4.357 48.95 175.18 172.24 180.69 0.0268
0 0 0 0 0 0 0
0.261 0.661 36.33 -16.2 2.03 -18.82 0.0
4.27 4.701 40.37 189.85 169.24 164.57 0.0252
0 0 0 0 0 0 0
-0.132 -0.071 43.22 -8.64 7.99 -14.08 0.0
4.471 4.511 48.04 164.08 184.8 178.25 0.0296
0 0 0 0 0 0 0
0.915 -0.031 40.39 -23.38 11.19 23.44 0.0
4.821 4.135 44.77 187.13 160.95 185.6 0.0261
0 0 0 0 0 0 0
-0.565 0.889 38.27 44.87 3.98 -15.84 0.0
3.843 5.056 42.65 183.37 172.79 167.33 0.0267
0 0 0 0 0 0 0
0.345 -0.479 38.53 -5.76 -1.33 -41.8 0.0
4.863 4.085 43.3 157.17 184.06 166.04 0.0291
0 0 0 0 0 0 0
-0.496 1.583 35.85 -1.38 -25.24 -20.12 0.0
3.329 5.408 39.87 176.37 178.32 181.02 0.0251
0 0 0 0 0 0 0
-0.305 -0.648 44.27 -19.76 -3.6 -2.48 0.0
4.575 4.405 49.44 150.92 163.05 168.12 0.0325
0 0 0 0 0 0 0
-0.228 1.87 43.7 2.14 -4.76 22.96 0.0
3.287 5.435 47.38 177.2 172.35 185.07 0.0231
0 0 0 0 0 0 0
1.511 0.142 37.34 -6.51 -15.61 -2.61 0.0
5.183 3.671 41.16 173.52 162.68 182.27 0.0239
0 0 0 0 0 0 0
-0.227 -0.135 43.74 -20.42 6.97 14.85 0.0
4.525 4.457 48.85 173.64 164.32 177.85 0.0302
0 0 0 0 0 0 0
-1.715 0.782 39.47 7.41 1.9 8.59 0.0
3.005 5.594 44.63 172.75 168.51 177.29 0.0303
0 0 0 0 0 0 0
-1.322 1.085 40.82 17.73 -18.48 20.15 0.0
3.168 5.505 45.61 168.68 174.67 171.1 0.0281
0 0 0 0 0 0 0
-1.322 -0.018 41.36 0.83 -5.66 -32.15 0.0
3.759 5.118 46.8 170.1 181.67 172.3 0.0322
0 0 0 0 0 0 0
0.283 1.919 43.61 -7.26 -26.12 -6.3 0.0
3.481 5.311 47.04 169.64 180.03 173.91 0.0218
0 0 0 0 0 0 0
0.482 1.201 42.99 9.13 -0.28 17.39 0.0
4.078 4.87 46.85 180.55 170.01 165.65 0.0239
0 0 0 0 0 0 0
1.505 0.649 40.61 -13.77 -5.66 3.67 0.0
4.83 4.124 44.05 180.16 175.86 185.93 0.0214
0 0 0 0 0 0 0
1.517 -0.961 37.86 -22.72 -8.74 -0.63 0.0
5.538 3.11 42.11 168.99 178.08 176.61 0.0264
0 0 0 0 0 0 0
0.8 1.165 35.22 7.46 11.8 1.23 0.0
4.451 4.53 38.9 171.21 177.22 185.94 0.0221
0 0 0 0 0 0 0
0.634 0.523 39.47 -3.39 3.82 -8.06 0.0
4.432 4.549 43.35 181.24 179.29 155.38 0.0244
0 0 0 0 0 0 0
-1.49 -0.883 37.66 6.31 -2.91 15.8 0.0
4.08 4.867 43.85 161.19 192.13 190.34 0.0355
0 0 0 0 0 0 0
1.565 -0.587 37.46 -35.05 -9.13 29.29 0.0
5.503 3.169 41.51 183.68 165.33 180.57 0.0254
0 0 0 0 0 0 0
0.206 -0.254 38.19 6.22 -38.07 0.36 0.0
4.769 4.194 42.84 192.93 175.1 185.48 0.0278
0 0 0 0 0 0 0
0.773 -1.696 40.03 -10.24 6.32 4.9 0.0
5.486 3.199 44.98 163.2 158.22 178.85 0.0293
0 0 0 0 0 0 0
-0.342 1.958 38.58 -2.18 22.07 -19.33 0.0
3.208 5.48 42.32 170.86 191.92 171.08 0.0228
0 0 0 0 0 0 0
-0.65 -0.288 44.54 25.18 -0.92 -23.57 0.0
4.378 4.6 49.84 182.07 182.02 175.53 0.0321
0 0 0 0 0 0 0
0.297 0.005 43.69 13.16 14.47 -11.65 0.0
4.651 4.325 48.18 157.69 176.7 199.06 0.0268
0 0 0 0 0 0 0
-1.019 -1.608 39.01 22.36 16.15 -6.78 0.0
4.767 4.197 45.37 182.03 192.07 181.31 0.0363
0 0 0 0 0 0 0
0.0 0.055 43.31 -18.77 -10.24 23.71 0.0
4.438 4.542 48.21 171.12 168.76 183.06 0.0288
0 0 0 0 0 0 0
-0.004 0.387 40.42 7.41 17.79 -2.74 0.0
4.186 4.776 44.94 185.84 166.7 182.98 0.0267
0 0 0 0 0 0 0
0.261 1.731 36.94 -2.52 14.31 9.37 0.0
3.603 5.229 40.68 175.24 172.49 197.06 0.0232
0 0 0 0 0 0 0
-0.004 -1.081 40.64 -0.91 -0.23 -4.54 0.0
4.984 3.936 45.92 173.35 170.74 173.3 0.0324
0 0 0 0 0 0 0
1.445 0.498 35.92 -12.41 10.68 -22.93 0.0
4.849 4.101 39.61 164.27 176.07 174.02 0.0227
0 0 0 0 0 0 0
0.179 -1.567 37.31 -6.37 -23.97 11.5 0.0
5.314 3.479 42.74 176.23 176.89 161.86 0.0322
0 0 0 0 0 0 0
-1.249 0.716 40.78 -5.41 -1.23 -15.81 0.0
3.456 5.328 45.63 161.08 160.44 164.84 0.0297
0 0 0 0 0 0 0
-1.041 -1.014 38.92 -0.25 -5.54 2.78 0.0
4.505 4.478 44.81 187.89 153.19 174.97 0.0343
0 0 0 0 0 0 0
0.023 1.301 43.79 -23.03 30.91 -1.38 0.0
3.797 5.091 47.81 173.64 170.09 191.85 0.0242
0 0 0 0 0 0 0
-1.367 0.367 36.5 21.97 -10.9 0.46 0.0
3.541 5.273 41.69 163.94 163.62 184.67 0.0309
0 0 0 0 0 0 0
0.713 0.4 41.86 -6.59 2.3 -14.99 0.0
4.577 4.403 46.1 176.91 168.27 179.22 0.0262
0 0 0 0 0 0 0
1.652 1.077 41.38 -30.29 -14.13 12.53 0.0
4.719 4.251 44.65 162.72 178.49 174.21 0.0203
0 0 0 0 0 0 0
-0.502 -0.154 39.51 -5.05 -0.21 5.3 0.0
4.496 4.486 44.51 177.84 188.46 187.33 0.0294
0 0 0 0 0 0 0
-0.061 -0.016 37.13 13.58 -6.21 -2.48 0.0
4.404 4.576 41.78 184.37 182.59 186.99 0.0279
0 0 0 0 0 0 0
0.141 -0.595 37.55 0.01 9.55 -6.16 0.0
4.891 4.052 42.54 158.95 180.88 171.44 0.0297
0 0 0 0 0 0 0
-0.362 1.05 39.48 -18.68 13.25 -11.22 0.0
3.623 5.217 43.68 180.44 172.49 167.97 0.0263
0 0 0 0 0 0 0
-0.491 -1.333 43.9 -9.42 13.35 -7.18 0.0
4.846 4.104 49.83 165.91 166.68 162.33 0.0349
0 0 0 0 0 0 0
0.164 -0.579 35.5 8.31 12.76 -1.11 0.0
4.748 4.219 40.57 168.7 187.67 175.72 0.0299
0 0 0 0 0 0 0
0.123 -0.311 43.75 -8.94 -2.25 1.92 0.0
4.575 4.404 48.77 176.74 180.32 162.34 0.0298
0 0 0 0 0 0 0
-0.32 1.122 35.04 -26.44 -6.16 -0.53 0.0
3.793 5.094 39.33 176.09 154.15 182.58 0.0264
0 0 0 0 0 0 0
0.687 0.505 37.03 -22.32 -4.01 -5.88 0.0
4.428 4.553 41.14 170.34 173.2 165.1 0.0252
0 0 0 0 0 0 0
0.789 0.704 42.47 -5.88 -2.83 14.21 0.0
4.565 4.414 46.43 161.29 156.76 183.68 0.0247
0 0 0 0 0 0 0
-1.068 1.55 35.18 4.13 9.97 -7.77 0.0
3.179 5.497 39.39 176.05 175.94 159.96 0.0264
0 0 0 0 0 0 0
0.278 0.285 37.8 12.81 0.55 0.14 0.0
4.478 4.503 42.21 182.44 169.37 191.63 0.0271
0 0 0 0 0 0 0
-1.652 -0.807 36.86 -1.1 -14.97 20.48 0.0
3.932 4.987 42.8 174.66 183.65 175.33 0.0353
0 0 0 0 0 0 0
0.075 0.327 36.65 -25.74 -14.11 5.14 0.0
4.447 4.534 41.13 173.65 163.77 183.31 0.027
0 0 0 0 0 0 0
0.145 -0.44 38.55 -14.84 5.66 10.78 0.0
4.696 4.274 43.45 176.49 164.4 180.0 0.0303
0 0 0 0 0 0 0
0.438 -0.579 44.72 -11.15 21.48 -1.78 0.0
4.924 4.012 49.36 159.76 171.29 166.2 0.0293
0 0 0 0 0 0 0
-0.017 0.055 40.76 -7.07 0.39 -4.46 0.0
4.491 4.49 45.63 154.36 159.06 167.88 0.0295
0 0 0 0 0 0 0
1.618 -0.367 41.59 -13.6 -20.34 11.84 0.0
5.359 3.409 45.62 168.8 185.65 157.47 0.0242
0 0 0 0 0 0 0
-0.681 1.559 41.7 -9.47 -9.15 20.14 0.0
3.258 5.452 45.88 155.8 166.12 174.12 0.0257
0 0 0 0 0 0 0
-0.835 1.44 37.2 15.94 5.84 5.93 0.0
3.077 5.556 41.39 166.32 174.94 183.35 0.0251
0 0 0 0 0 0 0
0.215 -0.119 37.37 -16.16 -12.43 -5.96 0.0
4.674 4.3 42.25 174.71 170.72 189.5 0.0295
0 0 0 0 0 0 0
-1.135 0.212 38.66 -6.6 -14.95 -13.36 0.0
3.853 5.047 43.78 163.19 176.78 158.09 0.0316
0 0 0 0 0 0 0
0.966 -0.301 42.67 15.75 24.31 16.1 0.0
5.043 3.86 46.95 179.11 175.28 189.85 0.026
0 0 0 0 0 0 0
-0.239 0.813 41.33 0.4 20.17 -15.21 0.0
3.926 4.991 45.56 176.13 163.95 163.42 0.0264
0 0 0 0 0 0 0
-0.225 -0.9 44.92 21.69 -4.38 9.28 0.0
4.92 4.015 50.16 154.47 171.97 178.3 0.0313
0 0 0 0 0 0 0
-0.004 1.16 38.57 16.08 0.32 -3.61 0.0
3.934 4.986 42.33 171.92 177.74 175.32 0.0244
0 0 0 0 0 0 0
-0.404 0.185 44.29 -5.57 -15.51 -3.11 0.0
4.36 4.618 49.03 168.61 165.85 167.62 0.0291
0 0 0 0 0 0 0
-0.59 0.339 41.86 22.01 -5.73 -20.26 0.0
4.123 4.831 46.27 178.02 172.36 176.76 0.0286
0 0 0 0 0 0 0
-1.06 1.521 39.73 15.12 19.21 4.06 0.0
2.964 5.618 43.75 179.61 186.28 171.09 0.0256
0 0 0 0 0 0 0
0.21 -1.433 35.72 -1.28 -5.88 16.52 0.0
5.212 3.629 40.9 178.46 171.31 169.86 0.0324
0 0 0 0 0 0 0
-0.094 -0.639 43.94 -0.07 12.41 -0.05 0.0
4.715 4.254 49.0 174.23 166.7 172.94 0.0306
0 0 0 0 0 0 0
1.04 1.576 38.66 8.07 -2.09 -11.62 0.0
4.38 4.598 41.89 197.62 166.69 183.95 0.0209
0 0 0 0 0 0 0
0.288 0.507 39.81 -1.26 -21.23 2.98 0.0
4.497 4.484 44.18 178.1 169.58 165.48 0.026
0 0 0 0 0 0 0
-0.275 -0.012 43.91 -7.62 3.43 4.62 0.0
4.371 4.608 48.77 169.92 164.02 169.07 0.0301
0 0 0 0 0 0 0
-0.082 1.343 42.56 1.82 -4.88 8.91 0.0
3.774 5.109 46.62 180.87 164.42 179.74 0.0255
0 0 0 0 0 0 0
-1.504 0.138 36.82 -18.57 5.43 -8.34 0.0
3.55 5.265 42.11 175.56 153.33 179.08 0.0308
0 0 0 0 0 0 0
0.046 0.531 40.72 -6.37 -10.6 3.59 0.0
4.341 4.635 45.09 189.49 169.83 168.11 0.027
0 0 0 0 0 0 0
-0.116 0.031 38.4 2.6 -18.55 6.53 0.0
4.465 4.515 43.36 192.15 183.25 196.33 0.0291
0 0 0 0 0 0 0
1.494 0.999 42.58 1.92 -2.16 -15.24 0.0
4.753 4.212 45.96 172.86 186.14 169.75 0.022
0 0 0 0 0 0 0
-0.874 -1.175 35.55 2.85 -26.72 12.58 0.0
4.728 4.24 41.31 176.04 173.63 161.42 0.0342
0 0 0 0 0 0 0
0.892 0.925 42.92 -7.05 -9.04 -11.56 0.0
4.444 4.536 46.76 168.99 186.43 171.66 0.0234
0 0 0 0 0 0 0
-0.764 -1.772 38.48 -13.84 -14.1 -4.5 0.0
4.957 3.97 44.77 182.82 179.52 177.32 0.0356
0 0 0 0 0 0 0
0.091 -0.062 40.45 4.78 -4.81 23.46 0.0
4.507 4.473 45.17 175.64 174.56 171.34 0.0283
0 0 0 0 0 0 0
-1.047 1.396 37.0 -7.75 -0.05 18.02 0.0
3.132 5.525 41.41 176.52 182.57 168.96 0.0258
0 0 0 0 0 0 0
0.06 0.521 41.56 -3.87 -1.25 15.21 0.0
4.218 4.747 46.21 183.86 160.77 171.91 0.0269
0 0 0 0 0 0 0
0.286 -0.917 38.93 -3.35 -9.28 1.4 0.0
5.055 3.844 43.9 168.72 158.96 180.87 0.0301
0 0 0 0 0 0 0
0.939 0.479 44.41 6.43 15.17 -21.61 0.0
4.826 4.128 48.16 186.5 179.38 177.65 0.0248
0 0 0 0 0 0 0
0.73 0.973 44.22 -18.49 6.79 11.31 0.0
4.29 4.683 48.18 166.9 164.2 164.59 0.0245
0 0 0 0 0 0 0
1.088 1.356 36.39 3.93 -7.4 -17.12 0.0
4.459 4.523 39.58 176.16 175.6 160.83 0.0203
0 0 0 0 0 0 0
-1.25 1.225 44.71 15.48 21.47 -40.56 0.0
3.162 5.508 48.92 194.68 169.47 159.55 0.0273
0 0 0 0 0 0 0
0.861 -0.925 39.14 -6.72 -1.76 -0.77 0.0
5.398 3.347 43.89 176.31 179.46 180.61 0.0279
0 0 0 0 0 0 0
-0.874 -0.683 36.78 -6.43 -1.94 -2.87 0.0
4.52 4.461 42.37 184.6 176.54 170.85 0.0331
0 0 0 0 0 0 0
0.265 -0.301 36.84 -9.09 -34.94 5.0 0.0
4.759 4.206 41.84 175.26 182.76 174.8 0.029
0 0 0 0 0 0 0
1.015 -0.307 43.76 -5.7 -1.83 4.79 0.0
5.158 3.705 48.01 186.18 176.26 168.11 0.0266
0 0 0 0 0 0 0
-0.164 0.141 35.19 -17.91 -1.82 6.34 0.0
4.309 4.665 39.87 178.77 180.21 167.71 0.0289
0 0 0 0 0 0 0
-0.329 0.526 43.44 0.27 1.49 -36.9 0.0
4.074 4.871 47.86 182.49 169.98 177.11 0.0279
0 0 0 0 0 0 0
0.328 -0.388 38.43 -2.09 -16.79 11.94 0.0
4.811 4.147 43.26 176.52 167.53 186.93 0.029
0 0 0 0 0 0 0
0.048 0.732 41.44 -18.64 7.01 -3.44 0.0
4.055 4.887 45.7 152.52 171.2 178.83 0.0263
0 0 0 0 0 0 0
0.52 -0.538 43.31 -3.88 -8.3 -17.33 0.0
5.027 3.882 47.7 179.22 177.98 177.91 0.0276
0 0 0 0 0 0 0
0.572 0.409 38.65 -12.68 5.65 0.94 0.0
4.583 4.396 42.93 177.07 173.4 187.0 0.0257
0 0 0 0 0 0 0
-0.264 -1.607 36.5 12.3 5.53 5.21 0.0
5.147 3.721 42.28 174.52 183.09 166.53 0.0344
0 0 0 0 0 0 0
1.06 -0.581 43.98 -7.08 -6.23 -4.54 0.0
5.157 3.708 48.41 175.09 152.8 173.49 0.027
0 0 0 0 0 0 0
-0.42 -1.89 44.53 -0.51 -12.7 -31.05 0.0
5.19 3.661 50.37 161.03 182.54 173.19 0.0348
0 0 0 0 0 0 0
-1.313 0.902 42.55 31.14 -2.94 29.82 0.0
3.31 5.419 47.25 171.35 162.21 180.38 0.0283
0 0 0 0 0 0 0
-0.588 1.395 35.34 -26.44 6.6 18.49 0.0
3.226 5.471 39.72 167.74 184.65 177.9 0.0258
0 0 0 0 0 0 0
-1.524 -0.722 39.68 21.56 2.17 24.07 0.0
4.145 4.811 45.48 180.71 175.49 167.69 0.0341
0 0 0 0 0 0 0
1.69 -0.648 39.9 9.09 6.3 4.4 0.0
5.502 3.171 43.89 175.43 161.3 159.57 0.0244
0 0 0 0 0 0 0
0.092 -0.824 35.25 -14.11 -9.39 -26.52 0.0
4.878 4.068 40.36 165.05 177.04 180.95 0.0304
0 0 0 0 0 0 0
0.241 0.319 43.09 14.63 -3.06 -18.32 0.0
4.482 4.501 47.46 164.87 148.68 178.27 0.027
0 0 0 0 0 0 0
-1.677 0.357 40.62 -11.1 1.64 4.1 0.0
3.102 5.542 45.85 168.99 174.5 181.03 0.0311
0 0 0 0 0 0 0
1.497 1.154 39.52 -21.2 16.06 7.25 0.0
4.68 4.294 42.92 180.57 178.38 158.65 0.0207
0 0 0 0 0 0 0
-0.22 0.211 37.63 13.05 12.7 -2.56 0.0
4.387 4.593 42.36 194.46 177.13 175.55 0.0277
0 0 0 0 0 0 0
0.06 -0.209 44.36 -14.09 5.01 -9.59 0.0
4.631 4.346 49.01 179.23 175.59 163.76 0.0281
0 0 0 0 0 0 0
-0.638 1.447 43.85 1.55 -6.89 5.53 0.0
3.343 5.4 48.21 181.56 163.33 179.04 0.0256
0 0 0 0 0 0 0
-0.869 0.938 40.58 -7.29 2.77 -8.98 0.0
3.555 5.261 44.89 170.42 189.13 172.88 0.0269
0 0 0 0 0 0 0
-1.486 -0.634 40.24 -2.91 6.01 -5.58 0.0
4.033 4.906 46.04 166.72 164.58 165.57 0.0345
0 0 0 0 0 0 0
-1.098 -0.354 35.35 -7.23 -8.23 -2.31 0.0
4.301 4.673 40.87 179.4 173.34 173.16 0.0334
0 0 0 0 0 0 0
0.172 0.274 42.11 3.76 -11.85 15.62 0.0
4.435 4.547 46.67 167.54 175.94 162.42 0.0277
0 0 0 0 0 0 0
0.105 0.062 43.96 -4.67 0.32 3.08 0.0
4.646 4.331 48.49 175.76 170.41 159.11 0.0282
0 0 0 0 0 0 0
0.016 0.089 41.81 6.62 -6.54 11.9 0.0
4.416 4.565 46.32 175.9 179.57 171.71 0.0286
0 0 0 0 0 0 0
-0.348 -1.333 43.68 -4.13 -8.68 16.53 0.0
4.877 4.067 49.36 156.48 173.77 166.19 0.034
0 0 0 0 0 0 0
0.174 0.393 35.61 -0.77 24.93 2.02 0.0
4.302 4.672 39.78 181.27 182.9 180.43 0.0254
0 0 0 0 0 0 0
-0.825 -0.631 40.88 -2.49 17.38 4.25 0.0
4.371 4.606 46.38 168.63 190.43 152.96 0.0328
0 0 0 0 0 0 0
-1.229 -1.233 38.91 -12.81 0.69 20.57 0.0
4.397 4.581 45.07 172.52 171.05 158.53 0.0353
0 0 0 0 0 0 0
1.385 -0.778 35.52 8.48 0.93 -9.51 0.0
5.494 3.184 39.55 181.79 169.92 157.49 0.0255
0 0 0 0 0 0 0
-1.706 -0.122 40.07 -2.7 -7.36 18.51 0.0
3.475 5.315 46.01 169.48 164.83 181.16 0.0347
0 0 0 0 0 0 0
-1.408 -1.314 36.31 9.71 -3.87 3.85 0.0
4.633 4.343 42.44 186.64 180.08 178.31 0.0362
0 0 0 0 0 0 0
-0.115 0.218 37.85 -0.31 -21.98 -7.09 0.0
4.374 4.605 42.72 167.52 156.37 178.41 0.0286
0 0 0 0 0 0 0
-0.945 -0.277 36.44 6.34 14.0 -9.87 0.0
4.164 4.797 41.96 183.25 174.92 181.46 0.0323
0 0 0 0 0 0 0
-1.346 0.566 42.98 6.04 -14.49 6.03 0.0
3.427 5.347 47.82 171.09 177.55 185.61 0.0288
0 0 0 0 0 0 0
0.43 0.481 42.32 -28.59 -8.77 13.89 0.0
4.397 4.582 46.51 163.33 177.08 179.16 0.026
0 0 0 0 0 0 0
0.009 0.693 42.35 -13.7 -1.11 -19.61 0.0
4.102 4.849 46.56 177.49 148.13 177.76 0.0267
0 0 0 0 0 0 0
0.689 0.388 43.74 8.59 28.19 -9.3 0.0
4.665 4.31 47.77 160.11 166.72 179.19 0.0255
0 0 0 0 0 0 0
-0.199 0.022 36.91 -12.54 1.64 -7.53 0.0
4.425 4.555 41.5 169.15 162.22 177.36 0.0283
0 0 0 0 0 0 0
0.05 -0.036 40.41 23.97 5.49 -8.54 0.0
4.6 4.38 45.29 180.68 176.05 180.62 0.0289
0 0 0 0 0 0 0
-0.09 -0.248 40.27 -5.13 -12.41 -8.6 0.0
4.536 4.446 45.2 164.38 179.23 168.14 0.0295
0 0 0 0 0 0 0
-0.088 -0.961 42.59 4.3 -13.76 -12.99 0.0
4.946 3.984 47.84 180.21 164.24 172.69 0.0321
0 0 0 0 0 0 0
-0.064 0.087 37.21 -9.32 2.83 7.07 0.0
4.366 4.612 41.69 162.34 183.61 165.15 0.0277
0 0 0 0 0 0 0
0.648 -0.17 36.56 -18.05 14.81 5.19 0.0
4.907 4.032 40.92 174.52 182.95 180.55 0.0269
0 0 0 0 0 0 0
0.001 0.131 40.34 5.96 9.39 -1.96 0.0
4.527 4.454 45.12 162.01 164.22 181.92 0.0289
0 0 0 0 0 0 0
1.253 -0.199 41.33 0.59 -10.83 -12.13 0.0
5.127 3.748 45.56 171.07 156.62 174.92 0.0253
0 0 0 0 0 0 0
1.407 0.403 44.36 7.6 -2.33 -7.01 0.0
4.953 3.974 47.93 155.33 183.85 163.57 0.0227
0 0 0 0 0 0 0
1.432 -0.782 41.08 -2.28 0.96 -42.62 0.0
5.452 3.257 45.15 184.62 190.06 162.86 0.0257
0 0 0 0 0 0 0
0.076 0.139 39.61 9.21 -5.39 -6.94 0.0
4.504 4.476 44.21 154.83 169.7 175.13 0.028
0 0 0 0 0 0 0
-0.433 -0.42 43.04 -5.83 1.91 10.4 0.0
4.455 4.526 48.31 166.58 176.12 175.65 0.0312
0 0 0 0 0 0 0
0.349 -0.479 36.91 -16.88 5.19 -4.38 0.0
4.862 4.086 41.71 163.61 180.54 163.56 0.0291
0 0 0 0 0 0 0
0.248 0.284 42.41 4.1 -12.11 -2.83 0.0
4.445 4.536 46.64 160.09 173.49 171.57 0.0273
0 0 0 0 0 0 0
-0.351 -0.25 41.13 13.6 -0.44 -10.64 0.0
4.505 4.475 46.25 187.22 173.17 171.71 0.0299
0 0 0 0 0 0 0
0.665 -0.28 39.91 -6.64 28.37 -3.99 0.0
4.982 3.938 44.34 173.47 169.74 169.1 0.0271
0 0 0 0 0 0 0
-0.632 0.244 35.64 -3.92 4.56 16.38 0.0
4.086 4.862 40.55 166.49 168.41 167.3 0.0296
0 0 0 0 0 0 0
0.215 1.204 37.66 10.88 6.39 13.38 0.0
3.952 4.971 41.84 168.49 169.51 187.62 0.0248
0 0 0 0 0 0 0
-0.803 0.215 43.14 18.63 -15.81 -5.99 0.0
4.084 4.864 48.19 170.45 180.53 175.54 0.03
0 0 0 0 0 0 0
1.514 0.17 37.01 -11.28 -1.15 -7.92 0.0
5.041 3.862 40.89 156.0 160.45 174.16 0.0241
0 0 0 0 0 0 0
-0.257 1.251 41.65 -6.88 -8.21 8.01 0.0
3.862 5.042 45.77 178.14 163.34 178.69 0.0256
0 0 0 0 0 0 0
1.414 0.782 36.59 3.3 -20.74 10.61 0.0
4.952 3.975 39.92 168.89 181.36 183.08 0.021
0 0 0 0 0 0 0
-1.676 0.769 36.49 -6.67 8.72 6.24 0.0
3.076 5.556 41.68 177.32 166.34 176.83 0.0304
0 0 0 0 0 0 0
1.793 -0.733 42.48 -7.76 -6.42 -2.66 0.0
5.573 3.044 46.48 175.47 186.72 185.82 0.0249
0 0 0 0 0 0 0
1.025 0.137 37.65 -14.86 4.61 1.7 0.0
4.94 3.992 41.82 165.95 164.96 173.91 0.0255
0 0 0 0 0 0 0
0.87 0.516 40.54 16.67 -0.84 -17.42 0.0
4.722 4.248 44.42 175.74 175.62 173.28 0.0245
0 0 0 0 0 0 0
0.329 0.065 36.75 -18.28 18.43 -4.48 0.0
4.522 4.46 41.25 183.25 183.89 174.81 0.0265
0 0 0 0 0 0 0
1.332 0.827 43.29 23.3 22.76 4.02 0.0
4.745 4.221 46.67 190.77 177.17 183.87 0.0217
0 0 0 0 0 0 0
0.054 -0.025 41.85 4.63 -18.54 -1.5 0.0
4.539 4.442 46.49 168.42 164.59 177.25 0.0283
0 0 0 0 0 0 0
0.042 -0.237 42.26 -14.63 16.1 15.4 0.0
4.596 4.383 47.21 167.32 174.86 176.24 0.0287
0 0 0 0 0 0 0
-0.895 1.021 37.41 -13.52 -20.74 -1.14 0.0
3.354 5.393 41.82 161.39 172.2 172.69 0.0284
0 0 0 0 0 0 0
0.012 0.052 43.27 -9.4 5.9 -6.5 0.0
4.449 4.532 47.78 185.12 167.14 173.85 0.0277
0 0 0 0 0 0 0
-0.393 -1.715 42.61 -4.16 -9.74 -12.53 0.0
5.134 3.738 48.38 175.1 179.15 177.36 0.0349
0 0 0 0 0 0 0
-0.12 -0.081 38.1 13.32 -16.06 -27.51 0.0
4.579 4.401 42.8 181.77 159.18 181.14 0.0281
0 0 0 0 0 0 0
0.025 -1.354 39.89 -3.63 -10.23 -1.67 0.0
5.103 3.781 45.3 157.04 172.07 181.3 0.0319
0 0 0 0 0 0 0
-0.331 -0.022 42.29 10.24 -13.6 1.08 0.0
4.393 4.586 47.19 163.19 187.02 173.39 0.0298
0 0 0 0 0 0 0
0.584 0.613 38.45 5.11 7.12 -0.3 0.0
4.593 4.385 42.48 174.01 178.3 171.8 0.0236
0 0 0 0 0 0 0
0.045 -0.018 36.81 11.15 -27.06 2.87 0.0
4.509 4.472 41.62 178.39 175.38 160.33 0.0289
0 0 0 0 0 0 0
1.568 -0.906 41.59 2.17 -3.38 -9.71 0.0
5.611 2.974 45.63 175.62 165.16 173.36 0.0259
0 0 0 0 0 0 0
-1.774 -0.861 37.19 -2.91 5.79 8.25 0.0
3.895 5.017 43.38 179.34 165.42 187.04 0.0355
0 0 0 0 0 0 0
1.316 0.819 43.81 19.69 -18.69 -13.02 0.0
4.745 4.222 47.41 169.08 177.15 182.31 0.0223
0 0 0 0 0 0 0
-0.952 0.259 40.44 -2.1 -10.63 -8.12 0.0
3.77 5.111 45.3 167.17 192.39 162.07 0.0305
0 0 0 0 0 0 0
-0.174 0.188 42.89 -3.92 -33.68 10.03 0.0
4.315 4.659 47.54 164.07 177.13 171.16 0.0289
0 0 0 0 0 0 0
-0.237 0.499 40.23 9.53 -7.47 20.41 0.0
3.991 4.94 44.72 181.42 170.88 155.7 0.0278
0 0 0 0 0 0 0
-0.523 -0.444 42.71 -22.96 5.53 -8.5 0.0
4.52 4.461 47.76 192.03 163.94 154.44 0.0308
0 0 0 0 0 0 0
-0.646 -0.676 43.93 -5.34 2.64 10.71 0.0
4.516 4.464 49.69 187.24 168.17 173.86 0.0327
0 0 0 0 0 0 0
0.22 0.279 43.06 30.22 -18.01 7.61 0.0
4.425 4.555 47.37 166.4 153.77 174.67 0.0271
0 0 0 0 0 0 0
-1.173 -0.577 41.51 2.91 11.85 -25.25 0.0
4.236 4.73 47.15 175.94 180.66 173.27 0.0333
0 0 0 0 0 0 0
0.696 -1.192 39.91 -11.8 23.24 13.15 0.0
5.348 3.425 44.64 178.31 184.86 170.11 0.0287
0 0 0 0 0 0 0
0.484 1.145 36.72 18.25 -0.68 15.34 0.0
4.101 4.849 40.43 172.76 166.45 169.54 0.0234
0 0 0 0 0 0 0
0.588 -1.253 37.62 -4.37 -6.07 -7.24 0.0
5.287 3.518 42.71 161.49 165.88 183.33 0.0309
0 0 0 0 0 0 0
0.61 -0.332 39.54 -11.77 -10.01 -5.38 0.0
4.937 3.996 44.23 181.45 180.64 167.19 0.0279
0 0 0 0 0 0 0
-0.102 -0.006 41.3 -14.79 -17.49 -3.73 0.0
4.522 4.458 45.86 181.8 177.27 171.66 0.0284
0 0 0 0 0 0 0
0.553 -0.433 41.78 23.64 -19.13 13.37 0.0
4.959 3.967 46.47 171.22 176.85 187.87 0.0277
0 0 0 0 0 0 0
1.368 -0.196 37.78 -14.29 -14.1 10.08 0.0
5.225 3.609 41.92 172.26 172.62 176.01 0.0255
0 0 0 0 0 0 0
-1.068 0.297 36.62 16.63 -2.28 7.88 0.0
3.637 5.205 41.68 165.29 176.82 183.12 0.0298
0 0 0 0 0 0 0
0.635 -0.367 40.75 0.43 -6.35 16.75 0.0
4.877 4.07 45.27 189.23 180.87 180.56 0.0278
0 0 0 0 0 0 0
0.902 -1.092 36.71 -3.18 -2.67 12.7 0.0
5.397 3.348 41.62 186.23 178.81 176.29 0.0285
0 0 0 0 0 0 0
-1.637 0.026 35.46 -4.24 3.32 -12.82 0.0
3.612 5.223 40.65 175.41 188.78 162.31 0.032
0 0 0 0 0 0 0
-0.117 -1.515 37.38 -4.2 -4.19 9.76 0.0
5.193 3.656 43.06 181.26 183.89 173.92 0.0327
0 0 0 0 0 0 0
-0.142 1.154 42.93 2.26 19.7 -6.79 0.0
3.818 5.075 46.88 164.68 171.17 168.93 0.0252
0 0 0 0 0 0 0
-0.961 0.037 44.48 20.99 -28.47 20.26 0.0
4.025 4.913 49.94 170.62 161.34 178.69 0.0314
0 0 0 0 0 0 0
-0.098 -0.697 36.15 1.52 -0.59 14.7 0.0
4.75 4.214 41.28 170.64 167.94 173.91 0.0302
0 0 0 0 0 0 0
0.443 -0.503 41.44 -32.24 -16.28 -2.71 0.0
4.947 3.984 46.19 178.64 169.29 182.43 0.029
0 0 0 0 0 0 0
-0.119 1.262 41.82 -10.21 -13.84 -11.95 0.0
3.855 5.047 45.96 173.42 163.11 171.87 0.0249
0 0 0 0 0 0 0
-0.654 0.767 44.83 -14.25 -18.82 12.13 0.0
3.775 5.107 49.42 167.64 171.29 168.55 0.0283
0 0 0 0 0 0 0
0.464 0.513 42.76 -14.64 1.71 -10.84 0.0
4.502 4.48 46.86 182.58 180.35 184.52 0.0258
0 0 0 0 0 0 0
0.194 -0.585 38.9 -6.99 10.22 -10.93 0.0
4.786 4.174 43.75 176.77 172.96 178.26 0.0296
0 0 0 0 0 0 0
-0.38 -0.102 39.94 -15.01 -27.25 -13.0 0.0
4.449 4.532 44.64 169.25 168.09 179.56 0.0299
0 0 0 0 0 0 0
0.067 -0.131 40.44 3.12 1.87 5.3 0.0
4.472 4.509 44.9 162.79 191.76 180.54 0.0282
0 0 0 0 0 0 0
-0.0 -0.024 41.67 4.93 3.78 -11.79 0.0
4.63 4.348 46.38 165.45 172.6 173.91 0.0284
0 0 0 0 0 0 0
1.739 0.889 41.68 2.39 -17.3 -0.27 0.0
4.931 4.001 44.9 175.9 180.72 162.47 0.0204
0 0 0 0 0 0 0
-1.482 0.337 36.42 1.55 -1.44 -19.32 0.0
3.529 5.28 41.52 173.48 170.89 172.6 0.0312
0 0 0 0 0 0 0
0.382 0.195 36.43 -0.02 -2.91 14.54 0.0
4.529 4.452 40.83 154.94 171.31 192.21 0.0272
0 0 0 0 0 0 0
-0.478 -1.152 35.53 23.55 16.5 9.04 0.0
4.834 4.12 41.17 149.24 170.89 171.54 0.0329
0 0 0 0 0 0 0
0.18 -0.553 39.98 2.57 10.21 11.28 0.0
4.855 4.095 45.04 184.03 193.98 170.04 0.029
0 0 0 0 0 0 0
0.122 -0.042 37.85 16.79 -21.01 -6.45 0.0
4.714 4.256 42.64 182.57 167.27 163.29 0.0278
0 0 0 0 0 0 0
0.01 -0.025 38.5 9.83 17.04 3.2 0.0
4.481 4.499 42.93 178.5 181.66 160.03 0.0279
0 0 0 0 0 0 0
-0.293 0.542 39.86 12.2 25.89 22.35 0.0
4.141 4.815 44.32 167.74 162.25 196.09 0.0266
0 0 0 0 0 0 0
-0.736 -0.597 43.75 26.55 -14.89 21.52 0.0
4.611 4.367 49.17 178.82 160.24 171.66 0.0322
0 0 0 0 0 0 0
-1.606 -0.043 44.51 -1.94 -1.27 2.25 0.0
3.657 5.192 49.96 180.96 165.5 168.4 0.0335
0 0 0 0 0 0 0
-1.255 0.229 42.51 3.62 3.28 5.94 0.0
3.814 5.079 47.64 181.89 181.38 168.55 0.0312
0 0 0 0 0 0 0
0.06 0.393 43.09 -3.31 2.18 -22.35 0.0
4.349 4.627 47.4 179.43 171.19 183.93 0.0274
0 0 0 0 0 0 0
-0.108 1.056 35.09 19.26 -3.61 -8.52 0.0
3.931 4.988 39.09 161.07 166.57 183.92 0.0252
0 0 0 0 0 0 0
-0.523 1.022 36.62 9.79 -10.9 -5.38 0.0
3.629 5.211 40.98 174.15 174.56 163.14 0.0266
0 0 0 0 0 0 0
0.022 0.079 39.45 9.65 6.0 -2.39 0.0
4.557 4.425 43.92 175.43 184.12 161.05 0.0268
0 0 0 0 0 0 0
-0.043 0.287 42.35 6.92 2.56 1.96 0.0
4.412 4.569 46.77 158.24 175.92 181.71 0.0281
0 0 0 0 0 0 0
1.823 0.148 37.77 15.9 -3.1 -2.01 0.0
5.187 3.666 41.21 169.47 160.48 178.73 0.0224
0 0 0 0 0 0 0
1.203 0.414 42.56 -7.62 9.62 -11.78 0.0
4.918 4.02 46.33 175.22 175.88 190.34 0.0236
0 0 0 0 0 0 0
0.637 -0.326 42.06 9.74 4.55 -6.4 0.0
4.878 4.066 46.71 164.08 180.01 202.16 0.0277
0 0 0 0 0 0 0
0.6 0.435 39.72 -0.81 8.27 -0.89 0.0
4.657 4.317 44.02 176.11 161.35 166.91 0.0256
0 0 0 0 0 0 0
0.121 0.809 35.06 -8.98 9.66 -7.47 0.0
4.092 4.856 39.2 189.65 178.15 174.97 0.0258
0 0 0 0 0 0 0
0.618 -1.727 35.32 22.25 -19.05 -1.45 0.0
5.694 2.813 40.74 172.73 162.78 182.83 0.0309
0 0 0 0 0 0 0
-0.663 -0.913 43.66 -10.03 -11.14 -1.86 0.0
4.519 4.463 49.12 177.23 181.98 163.33 0.0334
0 0 0 0 0 0 0
-1.107 -0.736 39.72 -6.84 14.69 12.95 0.0
4.471 4.511 45.65 178.3 178.69 180.71 0.0344
0 0 0 0 0 0 0
-1.674 -0.568 37.54 -4.15 -8.76 18.41 0.0
3.985 4.945 43.49 174.18 170.88 165.09 0.0353
0 0 0 0 0 0 0
-0.395 0.118 40.65 -5.95 -9.82 -0.08 0.0
4.275 4.696 45.55 159.67 185.26 182.23 0.0293
0 0 0 0 0 0 0
1.164 -1.458 43.97 26.38 15.66 -7.45 0.0
5.608 2.98 48.61 196.41 176.75 183.05 0.0279
0 0 0 0 0 0 0
-1.021 -0.536 39.35 5.48 10.66 6.36 0.0
4.147 4.81 44.79 166.93 175.47 182.39 0.032
0 0 0 0 0 0 0
0.639 -1.349 36.7 -5.06 8.15 -6.95 0.0
5.364 3.399 41.2 182.33 173.99 170.16 0.0294
0 0 0 0 0 0 0
0.872 0.53 38.01 8.77 12.04 -20.02 0.0
4.667 4.308 41.83 160.44 151.43 163.81 0.0244
0 0 0 0 0 0 0
-0.458 -0.058 44.99 -0.65 1.07 -4.67 0.0
4.283 4.689 49.87 178.97 162.03 172.86 0.029
0 0 0 0 0 0 0
0.001 1.599 43.85 11.91 2.6 14.75 0.0
3.598 5.233 47.42 180.61 180.86 176.36 0.023
0 0 0 0 0 0 0
0.646 0.836 38.44 2.0 11.02 -14.72 0.0
4.378 4.601 42.38 175.36 178.85 186.88 0.0243
0 0 0 0 0 0 0
1.167 0.701 41.74 18.64 13.64 -8.01 0.0
4.733 4.235 45.26 181.34 197.96 164.79 0.0227
0 0 0 0 0 0 0
-0.117 0.012 35.33 -24.33 4.98 11.03 0.0
4.409 4.572 40.11 182.35 172.94 184.47 0.029
0 0 0 0 0 0 0
-0.278 0.045 37.24 -6.91 -15.28 0.44 0.0
4.275 4.696 42.16 163.98 150.93 170.43 0.0306
0 0 0 0 0 0 0
0.275 -0.982 36.38 3.56 -6.43 4.51 0.0
5.031 3.875 41.48 161.58 166.17 178.41 0.0303
0 0 0 0 0 0 0
0.104 0.222 36.96 16.88 -1.15 0.67 0.0
4.446 4.536 41.34 184.74 182.83 182.83 0.0264
0 0 0 0 0 0 0
0.349 0.948 36.14 -18.98 2.13 11.21 0.0
4.168 4.791 40.18 184.23 177.6 176.21 0.0246
0 0 0 0 0 0 0
-0.825 1.005 36.26 0.74 8.2 8.58 0.0
3.33 5.407 40.67 170.25 162.96 175.04 0.027
0 0 0 0 0 0 0
0.183 -0.044 41.28 -6.08 -2.87 8.33 0.0
4.658 4.317 45.84 175.21 174.28 173.23 0.028
0 0 0 0 0 0 0
-0.943 1.697 42.25 3.3 20.29 -12.48 0.0
2.881 5.66 46.44 168.87 180.47 165.48 0.0249
0 0 0 0 0 0 0
0.06 -1.882 37.25 16.44 -22.71 0.73 0.0
5.437 3.28 42.7 161.34 169.62 172.92 0.0335
0 0 0 0 0 0 0
0.453 -1.358 35.88 18.95 2.03 17.65 0.0
5.331 3.449 40.7 153.08 162.2 166.55 0.0299
0 0 0 0 0 0 0
-0.268 -0.369 38.69 13.43 -7.11 6.96 0.0
4.453 4.527 43.79 168.49 175.42 174.1 0.0304
0 0 0 0 0 0 0
-0.155 -1.641 39.87 15.97 -5.67 8.91 0.0
5.295 3.505 45.57 186.42 172.72 165.84 0.0328
0 0 0 0 0 0 0
-1.095 1.545 40.04 2.05 -4.19 -6.4 0.0
2.953 5.623 44.32 181.27 177.7 180.26 0.0258
0 0 0 0 0 0 0
-0.256 -0.191 36.74 -17.51 10.46 9.64 0.0
4.504 4.476 41.63 140.76 169.5 175.75 0.0294
0 0 0 0 0 0 0
-0.114 1.588 35.23 -8.59 1.01 20.25 0.0
3.673 5.181 39.23 180.83 167.55 182.5 0.0236
0 0 0 0 0 0 0
-0.915 -0.172 38.69 -15.21 0.35 -3.29 0.0
4.083 4.865 43.94 160.42 163.1 171.91 0.0314
0 0 0 0 0 0 0
0.302 -0.123 36.18 -11.77 17.81 2.14 0.0
4.722 4.246 40.68 189.1 172.2 177.38 0.0266
0 0 0 0 0 0 0
0.648 -0.031 42.07 5.15 4.25 -7.35 0.0
4.744 4.222 46.29 168.22 180.46 179.94 0.0265
0 0 0 0 0 0 0
-1.005 0.437 36.47 5.81 3.38 19.59 0.0
3.823 5.071 41.25 181.08 162.67 172.77 0.0299
0 0 0 0 0 0 0
-0.04 -0.038 36.53 -12.89 -11.77 4.69 0.0
4.456 4.524 41.46 176.6 156.21 193.62 0.0291
0 0 0 0 0 0 0
0.5 -0.089 41.81 0.26 5.98 19.62 0.0
4.737 4.232 46.52 174.44 167.91 166.26 0.0274
0 0 0 0 0 0 0
-1.029 1.381 35.78 0.76 13.63 -12.47 0.0
3.113 5.536 40.34 176.35 171.8 180.9 0.0261
0 0 0 0 0 0 0
-0.122 -1.978 41.39 -1.03 -7.55 7.98 0.0
5.421 3.308 47.12 171.42 157.91 172.35 0.0342
0 0 0 0 0 0 0
0.497 -0.845 43.16 10.48 12.94 -7.02 0.0
5.168 3.691 47.73 187.35 181.89 174.46 0.0282
0 0 0 0 0 0 0
-0.659 0.415 36.21 -19.02 2.39 6.69 0.0
3.875 5.031 41.12 163.31 168.72 177.85 0.029
0 0 0 0 0 0 0
1.983 0.137 40.78 9.98 4.19 -25.81 0.0
5.373 3.386 43.9 171.65 166.5 163.72 0.0212
0 0 0 0 0 0 0
0.153 1.126 41.72 5.95 -8.63 0.14 0.0
3.914 5.001 45.91 162.56 173.09 167.89 0.0246
0 0 0 0 0 0 0
0.914 0.185 35.89 -27.6 7.59 5.56 0.0
4.713 4.255 40.25 161.4 179.7 174.97 0.026
0 0 0 0 0 0 0
-0.691 0.531 37.41 -18.81 0.75 12.1 0.0
3.676 5.18 42.0 165.98 160.64 172.71 0.0283
0 0 0 0 0 0 0
0.939 1.441 36.29 -14.42 -8.57 18.27 0.0
4.203 4.761 39.71 182.26 178.97 172.34 0.0221
0 0 0 0 0 0 0
-0.879 0.263 36.03 3.01 0.89 -19.79 0.0
3.861 5.042 40.89 175.28 175.83 183.22 0.0297
0 0 0 0 0 0 0
-1.181 1.108 35.36 10.32 11.9 15.86 0.0
2.986 5.605 39.85 179.28 190.2 176.62 0.0271
0 0 0 0 0 0 0
-0.617 0.139 39.69 -17.53 1.97 23.11 0.0
4.123 4.831 44.86 181.46 154.52 162.36 0.03
0 0 0 0 0 0 0
0.732 -1.075 38.89 -3.6 29.14 5.28 0.0
5.205 3.64 43.64 186.05 174.48 178.06 0.0279
0 0 0 0 0 0 0
-1.925 0.478 35.09 -23.55 -8.01 16.0 0.0
3.007 5.594 40.48 180.7 175.49 176.67 0.0315
0 0 0 0 0 0 0
-0.909 1.269 39.46 -14.94 15.33 15.53 0.0
3.233 5.467 43.74 162.39 169.64 167.27 0.0265
0 0 0 0 0 0 0
-0.414 0.811 36.87 -2.89 -2.55 21.22 0.0
3.905 5.008 41.52 178.48 153.09 176.28 0.0274
0 0 0 0 0 0 0
-0.415 -1.93 42.62 16.43 -5.83 19.67 0.0
5.193 3.654 48.3 189.4 184.61 180.19 0.0341
0 0 0 0 0 0 0
-0.078 -0.488 41.17 -3.29 7.92 5.97 0.0
4.67 4.303 46.3 163.81 173.63 174.51 0.0307
0 0 0 0 0 0 0
0.483 1.293 38.2 1.9 8.14 4.3 0.0
3.966 4.959 41.97 164.88 170.38 186.79 0.0231
0 0 0 0 0 0 0
0.043 -1.513 43.53 9.49 8.47 11.57 0.0
5.193 3.656 49.05 163.67 152.3 171.98 0.0326
0 0 0 0 0 0 0
-0.158 -0.571 43.11 -15.91 -0.49 -21.78 0.0
4.675 4.3 48.02 172.59 170.62 184.72 0.0305
0 0 0 0 0 0 0
0.675 0.758 39.0 -2.54 -12.71 -8.77 0.0
4.313 4.663 43.04 173.29 187.68 177.39 0.0249
0 0 0 0 0 0 0
-0.049 0.045 41.07 -0.42 20.98 18.88 0.0
4.395 4.585 45.73 176.4 172.69 169.82 0.0291
0 0 0 0 0 0 0
-0.476 1.43 41.18 -0.41 -21.47 -20.64 0.0
3.481 5.313 45.2 189.36 182.32 189.47 0.0251
0 0 0 0 0 0 0
-1.587 1.144 37.33 -5.99 -22.38 8.4 0.0
2.953 5.622 41.98 158.86 161.86 185.61 0.0288
0 0 0 0 0 0 0
-0.816 -0.825 44.28 13.48 -18.14 -13.17 0.0
4.624 4.353 50.11 172.48 174.41 185.27 0.0339
0 0 0 0 0 0 0
0.287 0.447 40.92 19.61 -3.1 3.54 0.0
4.503 4.478 45.09 179.22 173.79 181.33 0.0263
0 0 0 0 0 0 0
1.216 -0.685 38.27 -24.68 -2.42 -16.69 0.0
5.271 3.543 42.57 187.68 166.46 166.07 0.0266
0 0 0 0 0 0 0
1.018 -0.372 44.31 9.51 8.83 -9.44 0.0
5.248 3.577 48.55 185.81 175.16 193.14 0.0255
0 0 0 0 0 0 0
-0.665 0.869 41.73 -11.92 -2.35 5.88 0.0
3.507 5.294 46.32 180.41 158.13 182.36 0.0282
0 0 0 0 0 0 0
0.001 0.031 36.55 -13.85 7.67 1.25 0.0
4.525 4.456 41.49 187.89 186.32 182.88 0.0285
0 0 0 0 0 0 0
0.78 -0.663 41.83 18.14 7.23 -24.56 0.0
5.151 3.715 46.52 159.08 169.39 173.84 0.028
0 0 0 0 0 0 0
-0.15 0.897 43.54 -0.47 2.59 -1.46 0.0
3.972 4.956 47.82 168.55 164.66 179.31 0.0264
0 0 0 0 0 0 0
0.267 -1.097 37.27 1.79 -15.23 -11.83 0.0
5.125 3.751 42.28 170.0 174.71 187.42 0.0305
0 0 0 0 0 0 0
-0.312 0.26 39.59 9.72 28.08 -18.97 0.0
4.026 4.912 44.19 160.54 183.61 177.41 0.028
0 0 0 0 0 0 0
-1.074 -0.121 35.45 4.92 2.82 0.65 0.0
4.0 4.932 40.86 188.21 180.69 184.34 0.0315
0 0 0 0 0 0 0
0.312 0.515 35.22 6.36 4.68 -8.53 0.0
4.419 4.562 39.6 187.01 173.86 169.67 0.0269
0 0 0 0 0 0 0
0.018 0.025 38.61 -1.14 -5.98 -2.1 0.0
4.376 4.603 43.17 152.38 167.6 179.4 0.0287
0 0 0 0 0 0 0
-0.938 -0.158 41.02 15.79 -4.05 -11.23 0.0
3.959 4.966 46.24 184.21 175.01 195.83 0.0312
0 0 0 0 0 0 0
0.214 -0.287 37.12 -7.63 -9.82 -15.89 0.0
4.809 4.148 41.84 188.38 152.65 167.6 0.0287
0 0 0 0 0 0 0
0.316 -1.683 37.09 -8.95 -15.79 -1.72 0.0
5.346 3.43 42.54 180.62 149.84 171.96 0.0328
0 0 0 0 0 0 0
-0.035 0.039 42.3 16.36 5.07 -3.74 0.0
4.523 4.46 46.85 176.54 169.96 162.17 0.0285
0 0 0 0 0 0 0
-1.652 0.932 36.49 9.48 19.49 -8.34 0.0
3.034 5.58 41.1 180.89 171.92 173.35 0.0283
0 0 0 0 0 0 0
-0.508 -0.241 41.45 18.19 3.17 1.12 0.0
4.436 4.546 46.27 172.04 166.71 154.98 0.0314
0 0 0 0 0 0 0
0.302 0.611 44.91 -6.53 7.89 -3.84 0.0
4.285 4.688 49.12 158.45 192.95 187.16 0.0258
0 0 0 0 0 0 0
0.916 0.229 36.94 -4.14 1.46 -21.01 0.0
4.963 3.963 40.96 182.76 169.63 171.51 0.0243
0 0 0 0 0 0 0
-1.167 1.606 39.3 -19.34 -12.05 -14.3 0.0
2.947 5.625 43.6 172.78 160.41 190.16 0.0263
0 0 0 0 0 0 0
-0.738 0.305 41.75 6.61 12.91 -33.0 0.0
4.012 4.924 46.51 165.49 164.21 154.45 0.0296
0 0 0 0 0 0 0
0.876 -0.723 37.95 -8.71 3.74 -12.37 0.0
5.129 3.747 42.6 178.4 178.28 172.17 0.0284
0 0 0 0 0 0 0
-0.091 -0.036 37.99 -10.3 18.13 -16.17 0.0
4.445 4.536 42.8 160.08 174.62 177.38 0.0281
0 0 0 0 0 0 0
-0.334 0.002 40.29 -10.1 -17.57 9.41 0.0
4.255 4.715 45.19 168.79 187.78 173.46 0.03
0 0 0 0 0 0 0
-1.256 -0.692 43.02 14.6 -28.95 -1.87 0.0
4.349 4.629 48.44 171.73 180.27 168.83 0.0345
0 0 0 0 0 0 0
0.165 0.449 43.9 6.35 0.12 16.84 0.0
4.371 4.608 48.26 183.03 191.28 168.0 0.0271
0 0 0 0 0 0 0
0.047 0.01 40.93 30.88 -19.46 -18.3 0.0
4.579 4.401 45.65 183.65 165.4 186.31 0.0283
0 0 0 0 0 0 0
0.043 0.407 37.82 13.14 6.06 -21.25 0.0
4.207 4.758 42.22 176.9 176.7 177.89 0.0267
0 0 0 0 0 0 0
-0.832 -1.508 44.08 -10.55 5.59 3.11 0.0
4.71 4.259 50.0 173.91 178.81 181.09 0.0354
0 0 0 0 0 0 0
0.285 0.649 36.77 -0.59 2.56 -2.09 0.0
4.251 4.717 40.83 170.95 184.13 171.21 0.0261
0 0 0 0 0 0 0
0.299 1.024 35.47 2.39 -7.25 -5.14 0.0
4.174 4.787 39.5 169.98 176.87 177.73 0.0247
0 0 0 0 0 0 0
-1.334 -0.658 37.57 11.77 9.64 -6.12 0.0
4.241 4.726 43.34 183.42 178.61 170.55 0.0341
0 0 0 0 0 0 0
0.135 -0.852 40.42 -6.46 -30.34 -10.66 0.0
4.896 4.045 45.62 187.56 172.17 177.47 0.0309
0 0 0 0 0 0 0
0.653 0.259 38.28 -12.58 -8.43 -9.19 0.0
4.799 4.159 42.42 167.97 148.64 186.46 0.0251
0 0 0 0 0 0 0
1.483 0.598 42.97 1.02 8.86 -4.06 0.0
4.97 3.954 46.44 170.07 177.72 178.35 0.0228
0 0 0 0 0 0 0
-0.062 0.753 35.14 -12.62 25.78 -31.08 0.0
4.121 4.832 39.58 185.0 190.66 200.75 0.0264
0 0 0 0 0 0 0
1.002 1.528 39.43 -5.93 -6.36 -1.74 0.0
4.158 4.8 42.75 177.21 170.85 182.79 0.0209
0 0 0 0 0 0 0
-0.182 0.125 36.51 -14.92 -7.72 53.27 0.0
4.208 4.757 41.28 162.73 184.57 157.63 0.0284
0 0 0 0 0 0 0
-0.139 -0.281 44.96 0.47 -1.98 15.47 0.0
4.549 4.432 49.96 175.4 164.99 170.15 0.0298
0 0 0 0 0 0 0
-0.715 0.397 35.19 1.32 -15.31 7.96 0.0
3.803 5.085 40.06 167.79 177.77 171.63 0.0291
0 0 0 0 0 0 0
-0.571 -1.536 41.36 7.79 -7.37 -9.86 0.0
5.005 3.908 47.03 185.2 171.57 157.17 0.0341
0 0 0 0 0 0 0
0.693 0.149 43.71 -19.98 38.88 14.55 0.0
4.657 4.317 47.95 176.04 165.74 168.59 0.0265
0 0 0 0 0 0 0
-1.117 0.716 35.16 19.67 7.07 15.09 0.0
3.536 5.276 40.05 180.73 172.55 184.61 0.0294
0 0 0 0 0 0 0
-0.327 -0.052 35.51 -2.93 -7.02 -7.92 0.0
4.529 4.452 40.07 192.3 159.63 185.55 0.029
0 0 0 0 0 0 0
0.691 -0.508 41.86 -5.11 7.09 3.83 0.0
4.987 3.933 46.46 181.5 166.02 192.01 0.0278
0 0 0 0 0 0 0
1.554 -0.731 38.13 -5.18 15.45 -12.25 0.0
5.444 3.269 42.26 186.17 170.89 181.04 0.0261
0 0 0 0 0 0 0
-1.573 -0.412 38.45 -6.99 16.36 7.29 0.0
3.968 4.958 44.14 179.39 178.67 183.37 0.0341
0 0 0 0 0 0 0
-0.359 1.835 36.3 -1.83 -9.08 -12.06 0.0
3.348 5.397 40.08 172.82 175.06 173.08 0.0232
0 0 0 0 0 0 0
-0.953 -0.404 37.52 8.69 -8.93 -3.0 0.0
4.076 4.869 42.68 172.81 160.16 178.92 0.0326
0 0 0 0 0 0 0
-0.386 1.439 39.26 -14.93 11.81 -8.98 0.0
3.637 5.207 43.45 173.73 169.0 192.93 0.0254
0 0 0 0 0 0 0
0.895 -1.572 42.93 1.25 -19.88 -0.12 0.0
5.525 3.134 47.86 176.84 174.99 179.39 0.03
0 0 0 0 0 0 0
0.301 0.442 37.89 -10.12 3.93 -10.19 0.0
4.323 4.651 42.31 182.93 188.35 181.65 0.0267
0 0 0 0 0 0 0
0.105 1.388 40.73 -0.59 0.95 -7.86 0.0
3.889 5.021 44.62 190.57 180.6 175.36 0.0239
0 0 0 0 0 0 0
-0.471 -0.265 37.72 8.75 9.54 24.97 0.0
4.474 4.507 42.91 163.54 162.63 192.47 0.0307
0 0 0 0 0 0 0
1.172 0.691 35.43 -14.68 17.78 7.33 0.0
4.691 4.281 39.04 165.61 165.74 194.34 0.0229
0 0 0 0 0 0 0
0.037 -0.006 38.14 -3.39 0.86 -16.34 0.0
4.526 4.455 42.64 188.06 184.08 191.56 0.0278
0 0 0 0 0 0 0
0.22 -0.93 38.42 20.8 -25.4 -8.02 0.0
5.066 3.83 43.52 174.92 161.41 166.25 0.0308
0 0 0 0 0 0 0
0.025 -0.091 43.73 -27.43 31.25 -7.29 0.0
4.43 4.551 48.49 171.72 180.91 191.51 0.0288
0 0 0 0 0 0 0
0.435 -0.961 43.34 -21.38 -5.03 -21.49 0.0
5.259 3.56 48.3 156.16 182.1 190.82 0.0294
0 0 0 0 0 0 0
-0.096 -1.368 35.1 -6.93 -8.66 6.27 0.0
5.135 3.736 40.5 174.0 165.95 189.71 0.0329
0 0 0 0 0 0 0
0.326 0.359 42.57 -2.54 20.31 -16.0 0.0
4.392 4.586 47.0 162.05 171.51 176.4 0.0268
0 0 0 0 0 0 0
-0.111 -0.812 43.11 -7.45 -7.96 -13.54 0.0
4.913 4.025 48.47 174.79 171.08 170.82 0.0321
0 0 0 0 0 0 0
0.648 0.135 37.39 15.18 5.35 -8.34 0.0
4.85 4.1 41.75 178.95 171.02 190.6 0.0257
0 0 0 0 0 0 0
0.004 -0.013 40.13 -8.17 -9.74 -1.46 0.0
4.367 4.61 44.89 150.5 168.46 166.99 0.0285
0 0 0 0 0 0 0
1.098 0.189 43.82 27.15 -0.29 0.7 0.0
5.065 3.831 47.81 180.75 168.75 175.3 0.0243
0 0 0 0 0 0 0
-0.769 -0.513 36.7 -14.02 -5.94 -5.14 0.0
4.47 4.51 42.06 158.34 170.33 187.25 0.0317
0 0 0 0 0 0 0
-0.85 1.134 39.0 -27.06 18.98 4.15 0.0
3.238 5.464 43.59 177.04 170.84 176.83 0.0277
0 0 0 0 0 0 0
1.333 -0.55 38.77 2.8 20.98 -2.71 0.0
5.314 3.479 43.15 186.12 176.04 182.27 0.0255
0 0 0 0 0 0 0
0.075 -0.057 41.1 3.8 3.25 -4.17 0.0
4.581 4.397 45.8 178.67 182.96 181.75 0.0278
0 0 0 0 0 0 0
0.976 0.008 42.89 -0.78 -19.15 -1.16 0.0
5.015 3.896 47.07 174.21 170.21 170.75 0.0261
0 0 0 0 0 0 0
1.661 0.307 43.35 24.54 -5.64 -14.06 0.0
5.197 3.65 46.9 179.88 159.69 187.78 0.0222
0 0 0 0 0 0 0
0.251 -1.831 41.48 -16.89 7.7 -8.13 0.0
5.445 3.268 47.05 172.39 187.81 188.29 0.0324
0 0 0 0 0 0 0
0.745 0.18 44.96 -14.34 4.03 -4.43 0.0
4.786 4.174 49.06 168.59 177.07 179.99 0.0256
0 0 0 0 0 0 0
0.385 -0.218 40.22 -13.74 17.58 -17.87 0.0
4.956 3.971 44.6 173.85 182.31 167.32 0.0281
0 0 0 0 0 0 0
-0.44 1.657 38.44 9.14 -3.86 -4.8 0.0
3.324 5.412 42.3 171.02 177.65 181.77 0.0242
0 0 0 0 0 0 0
0.272 0.138 36.98 -30.7 2.96 -23.39 0.0
4.529 4.453 41.4 181.26 158.66 173.71 0.0276
0 0 0 0 0 0 0
0.347 1.906 41.06 28.14 -6.25 21.98 0.0
3.69 5.169 44.61 163.95 170.4 169.84 0.0215
0 0 0 0 0 0 0
-0.578 0.209 37.09 -2.82 -5.65 -4.69 0.0
4.019 4.918 41.84 163.14 163.68 190.07 0.0296
0 0 0 0 0 0 0
0.896 1.361 35.13 -8.89 3.68 16.24 0.0
4.289 4.685 38.7 161.44 163.57 186.16 0.0217
0 0 0 0 0 0 0
1.163 -1.379 37.64 5.6 -2.55 2.03 0.0
5.636 2.926 42.22 168.4 164.92 175.68 0.0276
0 0 0 0 0 0 0
0.613 0.871 41.88 12.57 0.37 -20.22 0.0
4.467 4.514 45.75 163.82 170.91 178.88 0.0239
0 0 0 0 0 0 0
-1.973 -0.118 44.01 -10.46 -18.81 -3.76 0.0
3.613 5.224 49.75 165.57 176.16 195.69 0.0341
0 0 0 0 0 0 0
-0.874 -0.192 38.08 -9.37 5.87 -20.21 0.0
3.97 4.956 43.47 167.71 162.14 175.94 0.0322
0 0 0 0 0 0 0
-1.438 0.717 42.93 21.04 -17.84 5.97 0.0
3.34 5.402 48.0 172.67 170.55 155.89 0.0301
0 0 0 0 0 0 0
-0.052 -0.16 35.36 13.79 -11.78 -10.81 0.0
4.543 4.437 40.0 171.85 189.62 183.34 0.0275
0 0 0 0 0 0 0
-0.419 0.712 36.67 -12.99 7.55 -0.32 0.0
3.888 5.022 40.88 170.3 164.8 177.25 0.0264
0 0 0 0 0 0 0
0.388 -0.029 44.0 -18.96 19.13 1.13 0.0
4.532 4.45 48.61 187.34 176.56 188.13 0.0269
0 0 0 0 0 0 0
-0.001 0.16 39.88 2.32 3.87 18.14 0.0
4.499 4.483 44.6 187.51 172.16 174.71 0.028
0 0 0 0 0 0 0
-0.153 -0.035 42.98 7.23 -17.96 17.44 0.0
4.651 4.325 47.83 191.73 169.08 177.3 0.0293
0 0 0 0 0 0 0
0.554 -0.365 44.47 1.47 -12.56 -37.51 0.0
4.88 4.063 48.9 170.58 189.09 181.16 0.0275
0 0 0 0 0 0 0
-0.627 -0.287 40.63 7.06 -9.32 15.54 0.0
4.375 4.603 45.92 179.46 168.66 155.22 0.0317
0 0 0 0 0 0 0
-1.394 -0.809 36.23 -21.39 10.07 -31.72 0.0
4.236 4.732 42.1 179.71 175.19 187.5 0.0346
0 0 0 0 0 0 0
-0.337 0.923 38.92 14.62 -0.0 -7.53 0.0
4.013 4.923 43.12 170.08 155.46 164.76 0.0268
0 0 0 0 0 0 0
-0.207 -1.631 44.44 7.17 -21.61 7.43 0.0
5.209 3.632 50.15 184.21 171.64 151.02 0.0343
0 0 0 0 0 0 0
0.42 -0.111 38.01 5.3 -2.41 -3.29 0.0
4.759 4.204 42.48 174.53 177.66 162.15 0.0272
0 0 0 0 0 0 0
-0.168 -0.779 40.47 5.46 0.16 4.09 0.0
4.939 3.993 45.75 182.29 161.17 184.46 0.0311
0 0 0 0 0 0 0
0.514 -0.844 44.59 -5.75 0.69 -4.88 0.0
5.084 3.805 49.36 186.02 179.82 172.28 0.0288
0 0 0 0 0 0 0
-0.462 0.425 35.9 -0.25 19.24 1.84 0.0
3.923 4.994 40.68 164.21 169.79 176.76 0.0284
0 0 0 0 0 0 0
0.662 0.263 36.83 5.72 12.31 6.98 0.0
4.677 4.298 41.05 185.87 173.17 184.96 0.0251
0 0 0 0 0 0 0
1.406 0.697 41.5 6.7 6.63 9.63 0.0
4.895 4.047 45.05 163.47 164.73 173.43 0.0226
0 0 0 0 0 0 0
-0.198 -0.163 35.32 2.17 -4.72 -29.97 0.0
4.5 4.481 40.07 169.71 173.27 176.75 0.0302
0 0 0 0 0 0 0
1.821 0.807 36.37 6.02 1.43 10.65 0.0
4.986 3.933 39.82 176.24 172.32 167.86 0.0208
0 0 0 0 0 0 0
-0.811 1.823 38.95 -11.35 0.23 2.43 0.0
2.936 5.632 42.92 159.22 162.62 168.35 0.0243
0 0 0 0 0 0 0
-0.381 0.941 40.43 -18.27 -18.88 -41.25 0.0
3.638 5.205 44.91 149.69 179.87 185.82 0.0271
0 0 0 0 0 0 0
1.387 0.128 39.51 9.96 9.9 11.11 0.0
5.183 3.67 43.39 166.66 169.4 167.55 0.0241
0 0 0 0 0 0 0
-0.041 -0.978 41.23 8.98 0.34 31.33 0.0
4.741 4.225 46.46 166.23 184.29 179.8 0.031
0 0 0 0 0 0 0
1.048 -0.671 37.54 -1.25 0.05 -17.38 0.0
5.238 3.59 41.79 162.95 164.59 184.63 0.0273
0 0 0 0 0 0 0
0.122 0.152 37.8 20.91 -18.85 9.25 0.0
4.468 4.514 42.66 175.45 167.01 181.21 0.0283
0 0 0 0 0 0 0
-1.776 -0.08 40.31 -21.36 -21.57 -1.29 0.0
3.595 5.234 45.92 175.05 153.8 176.79 0.0339
0 0 0 0 0 0 0
1.504 -0.149 43.36 7.41 -1.71 3.64 0.0
5.157 3.708 47.17 178.28 174.8 172.97 0.0236
0 0 0 0 0 0 0
0.042 -1.996 36.49 22.95 6.14 8.66 0.0
5.423 3.304 42.02 163.67 159.77 164.64 0.0328
0 0 0 0 0 0 0
1.302 -1.268 38.33 9.05 17.75 -1.82 0.0
5.579 3.035 42.76 176.33 160.66 186.59 0.0271
0 0 0 0 0 0 0
-0.404 -1.717 42.39 -24.66 9.84 20.92 0.0
5.134 3.737 48.16 188.84 175.1 185.17 0.0343
0 0 0 0 0 0 0
0.931 -0.608 39.07 1.62 -19.05 20.32 0.0
5.17 3.688 43.36 173.69 171.29 177.68 0.0259
0 0 0 0 0 0 0
0.237 1.53 42.82 4.68 -11.32 3.6 0.0
3.526 5.282 46.54 170.61 187.24 168.91 0.0229
0 0 0 0 0 0 0
1.612 -0.428 39.45 9.42 21.98 14.49 0.0
5.385 3.368 43.13 178.19 173.28 186.37 0.0232
0 0 0 0 0 0 0
-0.039 -1.003 37.77 -12.78 -15.74 0.29 0.0
4.91 4.027 43.06 173.4 162.61 172.23 0.0321
0 0 0 0 0 0 0
1.258 1.297 42.14 -13.56 4.12 0.05 0.0
4.473 4.508 45.56 185.92 166.49 175.99 0.0212
0 0 0 0 0 0 0
0.745 1.045 39.41 -1.55 0.07 -5.64 0.0
4.392 4.587 42.94 162.46 176.11 163.8 0.0231
0 0 0 0 0 0 0
-0.671 -1.83 41.31 13.27 -0.66 -13.9 0.0
5.013 3.899 47.18 188.26 163.5 176.27 0.036
0 0 0 0 0 0 0
-0.835 0.154 41.95 -13.51 -17.71 -18.44 0.0
3.996 4.936 47.02 182.66 170.63 185.39 0.0303
0 0 0 0 0 0 0
0.674 -0.304 43.73 -19.27 -20.26 12.96 0.0
5.01 3.905 48.35 156.91 188.31 165.89 0.0282
0 0 0 0 0 0 0
0.769 0.979 37.6 -21.85 2.59 -4.49 0.0
4.325 4.651 41.2 177.3 177.43 168.78 0.0239
0 0 0 0 0 0 0
-0.1 -0.008 39.89 -3.38 -13.68 -2.23 0.0
4.418 4.562 44.47 189.51 178.86 170.86 0.0285
0 0 0 0 0 0 0
-0.921 -0.922 40.2 -32.84 -6.14 -8.46 0.0
4.401 4.577 45.83 165.74 194.68 176.43 0.0339
0 0 0 0 0 0 0
0.842 1.252 36.8 -12.63 18.0 -5.6 0.0
4.16 4.798 40.46 178.56 186.89 173.57 0.0228
0 0 0 0 0 0 0
0.362 0.506 40.15 0.12 -19.31 -23.52 0.0
4.515 4.465 44.45 179.57 166.66 178.9 0.0254
0 0 0 0 0 0 0
-0.597 1.356 37.33 -5.11 -1.91 -13.86 0.0
3.324 5.411 41.52 164.0 167.85 173.79 0.0262
0 0 0 0 0 0 0
-0.423 -0.826 36.84 4.97 -8.2 -12.58 0.0
4.678 4.296 42.17 174.66 178.56 172.54 0.0325
0 0 0 0 0 0 0
-0.135 0.063 42.27 -2.52 -3.12 2.18 0.0
4.317 4.657 47.08 174.7 171.44 178.33 0.0284
0 0 0 0 0 0 0
-0.636 -0.014 41.71 -0.17 -7.86 -17.66 0.0
4.232 4.737 46.9 183.18 183.34 184.13 0.03
0 0 0 0 0 0 0
-0.43 0.593 36.3 -17.62 7.57 20.76 0.0
3.704 5.159 40.82 177.31 180.23 180.89 0.0285
0 0 0 0 0 0 0
0.562 0.982 44.0 19.16 -14.09 1.96 0.0
4.232 4.735 47.86 174.86 193.93 165.1 0.0242
0 0 0 0 0 0 0
-1.02 1.373 41.29 16.65 -15.46 -19.77 0.0
3.122 5.531 45.5 190.28 172.11 169.11 0.0263
0 0 0 0 0 0 0
0.434 -1.228 38.79 2.64 8.51 -2.21 0.0
5.295 3.506 43.8 182.74 161.74 176.77 0.0298
0 0 0 0 0 0 0
-0.566 0.695 44.95 9.93 4.87 17.04 0.0
3.827 5.068 49.5 172.18 171.53 161.82 0.0279
0 0 0 0 0 0 0
0.037 0.111 39.05 -11.19 -1.84 -0.74 0.0
4.417 4.563 43.54 163.62 181.35 176.96 0.0277
0 0 0 0 0 0 0
-0.352 0.086 43.5 -4.5 23.65 -10.88 0.0
4.232 4.736 48.26 192.75 157.29 192.67 0.0291
0 0 0 0 0 0 0
-0.939 -0.876 36.36 -3.7 2.0 20.44 0.0
4.534 4.447 42.09 150.61 168.09 165.4 0.0339
0 0 0 0 0 0 0
-1.152 -0.709 35.16 -14.79 8.68 -7.62 0.0
4.213 4.751 40.98 172.63 185.74 180.42 0.0343
0 0 0 0 0 0 0
-0.955 0.69 38.86 -28.68 7.94 4.13 0.0
3.593 5.236 43.69 173.77 167.15 188.01 0.029
0 0 0 0 0 0 0
0.281 -0.194 37.69 2.73 -17.27 -9.16 0.0
4.736 4.232 42.17 177.12 185.14 194.35 0.0285
0 0 0 0 0 0 0
-0.011 0.081 40.27 1.6 -4.46 -0.74 0.0
4.485 4.496 44.97 179.15 160.12 186.81 0.0288
0 0 0 0 0 0 0
0.18 0.555 41.0 -14.74 16.08 23.89 0.0
4.262 4.708 45.43 167.22 182.42 183.94 0.0265
0 0 0 0 0 0 0
-0.085 0.481 39.46 22.55 7.29 -10.35 0.0
4.261 4.709 44.0 192.04 177.7 175.28 0.0274
0 0 0 0 0 0 0
0.147 0.08 38.87 -1.69 -25.51 -3.41 0.0
4.439 4.542 43.51 170.11 177.6 178.62 0.0277
0 0 0 0 0 0 0
0.418 1.883 35.13 4.85 3.57 -3.82 0.0
3.622 5.217 38.46 168.49 162.26 184.25 0.0212
0 0 0 0 0 0 0
0.131 -0.253 43.28 9.23 13.51 -4.74 0.0
4.67 4.305 48.06 161.42 189.01 189.27 0.0284
0 0 0 0 0 0 0
1.421 -0.368 37.7 3.72 -9.99 -14.05 0.0
5.242 3.587 41.87 179.92 166.36 180.91 0.0256
0 0 0 0 0 0 0
-0.685 -1.605 41.89 -17.34 -4.87 -10.63 0.0
4.797 4.161 47.79 187.3 181.78 172.64 0.0355
0 0 0 0 0 0 0
0.822 0.822 44.17 -15.78 -5.56 -29.23 0.0
4.556 4.425 47.99 176.95 161.04 169.18 0.0239
0 0 0 0 0 0 0
1.648 0.281 37.74 2.26 -8.09 9.81 0.0
5.127 3.748 41.22 168.24 168.66 168.06 0.0226
0 0 0 0 0 0 0
1.093 0.819 42.23 -5.88 -6.4 30.58 0.0
4.749 4.216 46.11 185.12 191.4 189.1 0.0241
0 0 0 0 0 0 0
0.304 0.087 40.88 9.6 7.2 -11.99 0.0
4.588 4.391 45.41 171.05 149.04 175.32 0.0279
0 0 0 0 0 0 0
0.054 -0.146 38.28 13.45 -12.04 5.31 0.0
4.687 4.285 42.93 169.99 171.11 174.18 0.0291
0 0 0 0 0 0 0
0.138 0.085 39.53 12.96 4.02 2.99 0.0
4.542 4.44 44.11 172.73 161.93 171.09 0.0268
0 0 0 0 0 0 0
-0.105 0.242 42.88 8.5 11.88 -6.2 0.0
4.403 4.576 47.49 191.26 163.18 166.88 0.0277
0 0 0 0 0 0 0
0.942 -0.204 37.83 -11.22 0.47 9.46 0.0
4.987 3.933 42.28 164.27 167.48 199.02 0.0265
0 0 0 0 0 0 0
0.038 1.068 38.65 1.81 -27.35 -8.4 0.0
4.058 4.886 42.77 171.09 177.26 201.16 0.0256
0 0 0 0 0 0 0
0.27 -0.079 39.04 8.09 -22.47 8.93 0.0
4.73 4.237 43.83 160.86 171.62 192.19 0.0282
0 0 0 0 0 0 0
-0.302 1.897 41.59 5.99 -25.71 -19.67 0.0
3.29 5.432 45.3 163.44 178.64 189.13 0.0235
0 0 0 0 0 0 0
-0.594 -1.234 38.06 6.06 23.86 -10.27 0.0
4.745 4.22 43.42 169.0 181.55 172.27 0.0327
0 0 0 0 0 0 0
-0.397 1.901 35.01 -9.35 13.65 -8.85 0.0
3.242 5.462 38.72 173.91 154.12 161.97 0.0235
0 0 0 0 0 0 0
0.794 -1.473 39.72 -9.89 -1.94 -0.98 0.0
5.371 3.389 44.7 160.41 185.18 187.2 0.0298
0 0 0 0 0 0 0
-0.34 1.404 40.09 -11.65 -2.64 -9.12 0.0
3.454 5.33 44.18 184.78 184.37 190.95 0.0243
0 0 0 0 0 0 0
0.003 -0.013 36.09 5.89 -5.8 39.48 0.0
4.544 4.436 41.0 186.02 177.81 186.93 0.0286
0 0 0 0 0 0 0
0.123 0.475 37.88 2.53 -11.83 -11.36 0.0
4.303 4.67 42.34 163.67 180.99 168.35 0.0272
0 0 0 0 0 0 0
0.449 0.445 36.54 0.48 25.29 -2.0 0.0
4.516 4.465 40.84 158.03 162.84 176.91 0.0259
0 0 0 0 0 0 0
0.175 -0.562 37.01 11.69 -5.03 6.37 0.0
4.988 3.932 41.87 174.88 178.12 177.43 0.0296
0 0 0 0 0 0 0
-0.394 0.039 38.99 32.13 -17.21 -8.47 0.0
4.428 4.552 43.83 192.01 175.9 162.8 0.0298
0 0 0 0 0 0 0
1.701 -0.112 44.4 -1.51 9.75 6.96 0.0
5.238 3.592 48.04 177.3 173.8 177.32 0.0232
0 0 0 0 0 0 0
0.266 0.76 40.45 -18.9 8.31 -0.2 0.0
4.154 4.803 44.49 170.35 180.91 175.34 0.025
0 0 0 0 0 0 0
-0.674 -0.66 38.16 -11.13 15.64 0.66 0.0
4.52 4.463 43.77 156.66 168.72 179.29 0.0334
0 0 0 0 0 0 0
-0.045 0.02 43.29 11.17 -32.68 20.27 0.0
4.657 4.317 48.22 160.15 169.33 173.04 0.029
0 0 0 0 0 0 0
-0.94 -0.223 36.19 3.21 -1.16 -2.12 0.0
4.184 4.777 41.62 166.65 168.16 170.49 0.032
0 0 0 0 0 0 0
-0.455 0.654 44.58 -12.76 6.43 4.07 0.0
3.95 4.973 49.18 173.55 181.58 174.35 0.0281
0 0 0 0 0 0 0
1.148 1.182 42.07 1.04 19.46 -18.41 0.0
4.437 4.544 45.49 173.18 171.3 165.56 0.0215
0 0 0 0 0 0 0
-1.139 -1.075 38.55 10.75 -19.47 -4.47 0.0
4.593 4.386 44.64 178.35 168.57 173.42 0.0367
0 0 0 0 0 0 0
-1.527 -0.947 38.7 11.95 -23.73 10.51 0.0
4.191 4.771 44.81 180.17 177.24 163.92 0.036
0 0 0 0 0 0 0
0.474 -0.798 35.03 -16.4 -15.48 -9.28 0.0
4.984 3.936 39.84 165.7 167.18 185.87 0.0294
0 0 0 0 0 0 0
0.46 -0.862 40.2 8.7 -23.24 10.6 0.0
5.141 3.728 45.01 172.41 179.74 182.08 0.0293
0 0 0 0 0 0 0
-0.525 0.99 38.36 13.2 -4.48 14.03 0.0
3.659 5.191 42.74 168.53 159.68 189.95 0.0261
0 0 0 0 0 0 0
-0.377 -1.523 44.64 2.19 18.48 13.62 0.0
5.112 3.768 50.17 168.59 168.74 184.48 0.0333
0 0 0 0 0 0 0
-0.619 0.135 37.48 -9.78 1.61 -3.79 0.0
4.09 4.859 42.33 170.17 180.59 161.75 0.0302
0 0 0 0 0 0 0
-0.015 -0.079 41.27 -13.42 0.07 10.1 0.0
4.563 4.417 46.15 161.04 167.09 182.91 0.0291
0 0 0 0 0 0 0
0.207 -0.454 35.01 -4.29 4.62 6.51 0.0
4.858 4.089 39.89 193.41 173.52 171.65 0.0287
0 0 0 0 0 0 0
-1.326 0.857 43.61 10.38 0.2 4.88 0.0
3.496 5.301 48.32 185.04 160.44 178.71 0.0289
0 0 0 0 0 0 0
0.556 -0.67 39.77 16.58 4.78 -2.47 0.0
5.086 3.802 44.4 183.86 171.7 196.26 0.0281
0 0 0 0 0 0 0
-0.045 0.045 41.6 14.56 -10.05 33.66 0.0
4.561 4.42 46.35 182.25 170.32 173.32 0.0279
0 0 0 0 0 0 0
-1.669 0.653 44.61 -20.68 -8.5 -2.56 0.0
3.171 5.503 49.68 190.79 163.63 172.95 0.0314
0 0 0 0 0 0 0
0.285 0.081 41.5 -4.62 3.68 -2.68 0.0
4.529 4.452 46.08 174.77 173.9 155.39 0.0269
0 0 0 0 0 0 0
1.27 -0.777 41.3 35.13 -34.96 0.84 0.0
5.48 3.21 45.68 166.58 170.44 185.43 0.0261
0 0 0 0 0 0 0
0.742 -0.179 35.84 2.63 19.99 22.69 0.0
4.748 4.218 40.35 152.56 171.81 175.27 0.0276
0 0 0 0 0 0 0
0.429 1.108 42.33 -3.34 3.55 10.46 0.0
4.185 4.777 46.29 181.96 162.75 183.63 0.0238
0 0 0 0 0 0 0
0.451 1.875 40.19 -11.31 2.52 -3.09 0.0
3.761 5.117 43.61 165.48 169.54 162.14 0.0217
0 0 0 0 0 0 0
-0.255 0.266 44.46 -1.97 15.05 4.9 0.0
4.137 4.817 48.97 167.24 174.9 188.35 0.0286
0 0 0 0 0 0 0
-0.296 0.647 43.69 -15.78 15.53 -1.35 0.0
3.979 4.95 48.09 171.55 175.71 180.62 0.0274
0 0 0 0 0 0 0
-1.416 -0.409 41.14 4.6 7.88 -1.37 0.0
3.789 5.096 46.96 171.47 172.08 174.21 0.0335
0 0 0 0 0 0 0
0.169 0.732 42.77 13.61 -1.1 -12.2 0.0
4.312 4.662 47.02 189.02 174.9 193.33 0.0259
0 0 0 0 0 0 0
-0.357 -0.199 37.06 3.31 2.64 -5.9 0.0
4.329 4.647 42.02 158.36 186.18 192.33 0.0301
0 0 0 0 0 0 0
0.89 -0.758 40.02 4.02 9.98 -6.98 0.0
5.147 3.722 44.55 169.34 177.54 190.5 0.0273
0 0 0 0 0 0 0
0.581 -0.154 40.23 -15.46 0.73 -1.51 0.0
4.788 4.171 44.79 148.84 163.12 187.36 0.0273
0 0 0 0 0 0 0
0.252 -0.012 38.27 23.32 1.33 10.13 0.0
4.63 4.347 42.92 178.42 177.58 172.67 0.0272
0 0 0 0 0 0 0
-1.462 0.766 36.24 7.27 0.23 12.05 0.0
3.221 5.474 41.11 175.74 168.3 171.55 0.0296
0 0 0 0 0 0 0
-0.409 -0.492 41.4 16.07 -2.56 -0.74 0.0
4.657 4.319 46.7 184.09 190.28 176.43 0.0309
0 0 0 0 0 0 0
0.072 -0.197 38.53 -3.79 7.12 1.61 0.0
4.691 4.282 43.56 162.07 162.49 189.28 0.0296
0 0 0 0 0 0 0
-0.042 0.21 42.09 -29.68 13.8 -4.26 0.0
4.37 4.608 46.8 169.42 161.96 164.24 0.0286
0 0 0 0 0 0 0
-0.734 -0.147 43.78 15.35 13.7 7.23 0.0
4.111 4.84 48.98 177.91 174.09 176.74 0.0301
0 0 0 0 0 0 0
-0.003 0.001 43.88 2.63 2.24 -18.08 0.0
4.587 4.392 48.39 165.53 171.21 163.44 0.0284
0 0 0 0 0 0 0
1.517 -0.895 41.24 -3.47 10.19 -12.13 0.0
5.536 3.113 45.26 165.54 181.81 190.99 0.0255
0 0 0 0 0 0 0
-0.01 0.694 37.17 -22.29 -3.83 11.77 0.0
4.061 4.883 41.72 185.56 166.92 166.22 0.0271
0 0 0 0 0 0 0
-0.388 -0.497 36.95 -0.23 13.73 -23.59 0.0
4.535 4.445 42.23 157.85 178.16 177.25 0.032
0 0 0 0 0 0 0
-0.442 0.203 38.18 -1.91 15.65 0.32 0.0
4.145 4.811 42.93 174.53 161.05 180.21 0.0289
0 0 0 0 0 0 0
1.828 0.636 38.48 -22.07 -16.81 17.23 0.0
5.008 3.906 41.98 169.17 173.91 191.22 0.0216
0 0 0 0 0 0 0
-0.173 -0.104 43.49 3.12 10.0 -12.19 0.0
4.41 4.571 48.23 169.71 171.76 178.37 0.0282
0 0 0 0 0 0 0
1.227 -1.368 44.1 9.58 14.3 -7.64 0.0
5.59 3.013 48.51 173.13 173.83 186.76 0.0272
0 0 0 0 0 0 0
0.249 0.228 41.97 -25.3 -8.9 -5.21 0.0
4.448 4.533 46.43 175.12 180.68 167.23 0.0276
0 0 0 0 0 0 0
0.399 0.025 36.89 15.09 8.6 3.44 0.0
4.653 4.323 41.11 183.14 173.8 162.57 0.0266
0 0 0 0 0 0 0
0.626 0.998 36.35 3.91 2.91 10.76 0.0
4.366 4.612 40.2 186.6 169.57 177.2 0.0235
0 0 0 0 0 0 0
-0.013 -1.38 40.16 -0.62 -8.45 9.95 0.0
5.032 3.873 45.6 170.1 172.27 188.16 0.032
0 0 0 0 0 0 0
-0.147 -0.036 42.35 36.33 11.36 -20.12 0.0
4.626 4.352 47.03 172.0 156.89 176.31 0.0284
0 0 0 0 0 0 0
-1.245 -0.025 41.23 -7.59 12.65 10.68 0.0
3.986 4.944 46.85 164.29 166.72 194.13 0.0319
0 0 0 0 0 0 0
0.665 -0.791 38.24 23.31 -1.98 18.03 0.0
5.259 3.56 42.97 171.43 161.64 166.86 0.028
0 0 0 0 0 0 0
1.464 -1.143 35.69 -27.5 2.83 25.63 0.0
5.532 3.121 40.37 159.67 179.32 188.34 0.027
0 0 0 0 0 0 0
-0.288 -1.39 35.71 -11.66 -17.55 -10.54 0.0
5.202 3.642 41.51 181.37 164.83 183.69 0.0341
0 0 0 0 0 0 0
0.038 -0.829 35.21 -0.84 0.56 -3.96 0.0
4.882 4.061 40.28 179.81 166.55 174.47 0.0302
0 0 0 0 0 0 0
-0.295 -0.056 35.37 0.91 0.12 -30.03 0.0
4.395 4.585 40.21 171.92 183.64 191.27 0.0297
0 0 0 0 0 0 0
0.45 -0.77 38.74 4.64 2.76 -2.47 0.0
5.158 3.706 43.71 182.75 166.52 199.78 0.0299
0 0 0 0 0 0 0
-0.506 -0.231 40.56 2.45 -18.13 -12.58 0.0
4.443 4.539 45.6 171.14 183.95 180.16 0.0304
0 0 0 0 0 0 0
1.356 0.151 37.53 -8.86 -0.36 6.63 0.0
5.011 3.903 41.44 182.27 185.67 175.09 0.0236
0 0 0 0 0 0 0
0.14 -0.161 41.61 9.29 3.53 12.38 0.0
4.722 4.247 46.3 169.85 163.54 170.4 0.0273
0 0 0 0 0 0 0
0.112 0.351 44.16 16.12 1.63 14.97 0.0
4.468 4.514 48.38 176.46 176.86 173.64 0.0258
0 0 0 0 0 0 0
-0.495 0.518 40.22 -13.31 6.5 -1.8 0.0
3.906 5.007 44.95 161.72 165.1 175.51 0.0289
0 0 0 0 0 0 0
-1.238 0.068 39.74 1.96 -9.95 20.24 0.0
3.837 5.06 44.78 177.89 180.48 171.37 0.0313
0 0 0 0 0 0 0
-1.251 -1.259 43.85 14.94 11.27 -27.96 0.0
4.456 4.526 49.7 177.98 181.83 186.34 0.0354
0 0 0 0 0 0 0
1.42 0.009 35.72 -8.25 -17.74 -4.13 0.0
5.083 3.807 40.02 169.08 160.55 189.48 0.0252
0 0 0 0 0 0 0
-1.902 0.075 37.01 -12.97 -10.4 -3.32 0.0
3.394 5.367 42.54 180.12 158.04 174.6 0.0338
0 0 0 0 0 0 0
-0.71 1.123 44.15 -23.26 30.36 -2.16 0.0
3.461 5.325 48.73 176.18 164.77 196.49 0.0261
0 0 0 0 0 0 0
-0.042 0.087 35.9 21.54 -2.32 16.11 0.0
4.464 4.517 40.51 160.35 166.26 190.53 0.0282
0 0 0 0 0 0 0
-0.225 0.028 36.67 2.81 -40.44 5.89 0.0
4.525 4.455 41.52 158.22 173.77 185.24 0.0302
0 0 0 0 0 0 0
1.202 -1.428 44.28 -13.61 -28.01 10.63 0.0
5.476 3.214 49.15 163.19 178.32 176.06 0.0291
0 0 0 0 0 0 0
0.234 -0.688 41.05 6.24 -12.87 -8.15 0.0
4.858 4.09 46.06 169.8 172.24 167.62 0.0306
0 0 0 0 0 0 0
0.041 -0.102 35.04 -7.75 -4.05 7.8 0.0
4.604 4.374 40.0 163.39 183.31 176.39 0.0299
0 0 0 0 0 0 0
1.403 -1.179 39.17 16.17 7.81 -14.55 0.0
5.501 3.174 43.66 166.65 175.45 173.5 0.0268
0 0 0 0 0 0 0
1.614 -0.404 36.93 -18.5 6.12 11.33 0.0
5.389 3.359 40.9 181.79 185.41 178.86 0.0244
0 0 0 0 0 0 0
-1.262 1.34 40.76 -1.15 -2.35 -18.67 0.0
2.877 5.661 44.92 178.01 184.23 173.33 0.0274
0 0 0 0 0 0 0
-0.256 -0.519 40.61 -31.74 -11.98 8.15 0.0
4.543 4.439 45.68 175.19 188.67 172.41 0.0319
0 0 0 0 0 0 0
0.98 0.959 42.28 14.9 19.81 -5.09 0.0
4.472 4.51 46.11 174.16 180.65 173.44 0.023
0 0 0 0 0 0 0
1.186 0.002 38.09 -11.54 -16.89 -15.94 0.0
5.118 3.759 42.23 179.52 177.41 182.24 0.0251
0 0 0 0 0 0 0
1.01 0.122 39.89 -7.4 6.7 -8.37 0.0
4.849 4.101 43.83 167.98 167.25 178.78 0.0249
0 0 0 0 0 0 0
-1.308 0.875 38.22 -10.99 -11.01 25.47 0.0
3.227 5.47 43.17 162.72 172.51 188.73 0.0295
0 0 0 0 0 0 0
0.837 0.338 41.83 6.72 -7.15 -5.67 0.0
4.777 4.184 45.92 191.19 161.82 177.42 0.0258
0 0 0 0 0 0 0
0.658 -0.923 38.56 -6.94 2.88 15.28 0.0
5.263 3.554 43.34 179.02 168.71 186.3 0.0286
0 0 0 0 0 0 0
0.65 1.548 41.35 13.91 -0.35 -3.57 0.0
4.099 4.85 44.92 168.85 170.86 181.49 0.0218
0 0 0 0 0 0 0
-1.203 0.36 44.45 19.17 -11.31 -0.41 0.0
3.846 5.054 49.46 181.02 172.47 192.1 0.0302
0 0 0 0 0 0 0
0.986 -0.194 39.98 -6.76 -13.69 -1.05 0.0
5.013 3.9 44.2 181.68 174.11 161.38 0.0262
0 0 0 0 0 0 0
1.066 -0.765 38.53 14.35 -11.99 1.3 0.0
5.469 3.228 42.97 176.06 165.1 177.54 0.0274
0 0 0 0 0 0 0
1.277 -0.228 37.09 -6.17 14.09 5.93 0.0
5.131 3.743 41.15 176.02 181.96 192.3 0.0242
0 0 0 0 0 0 0
-0.699 -1.734 42.37 -0.07 18.47 6.59 0.0
4.927 4.007 48.16 188.07 178.43 159.19 0.0356
0 0 0 0 0 0 0
-1.465 -0.106 40.01 7.55 21.41 3.15 0.0
3.77 5.11 45.6 187.94 177.39 166.35 0.0324
0 0 0 0 0 0 0
0.804 -0.997 43.03 -7.54 -21.74 29.11 0.0
5.208 3.634 47.84 162.01 175.44 190.95 0.0291
0 0 0 0 0 0 0
-1.386 1.308 40.38 -12.03 11.32 -2.16 0.0
2.86 5.671 44.71 166.72 183.3 186.49 0.0274
0 0 0 0 0 0 0
0.003 0.054 38.51 -1.35 -6.02 0.53 0.0
4.461 4.522 43.15 156.63 171.51 179.38 0.0289
0 0 0 0 0 0 0
-0.053 1.351 44.21 3.45 36.49 9.15 0.0
3.715 5.151 48.17 164.37 169.21 169.39 0.0242
0 0 0 0 0 0 0
-0.776 -1.081 42.14 3.83 15.81 9.91 0.0
4.6 4.38 47.85 167.37 184.07 158.88 0.0341
0 0 0 0 0 0 0
-0.029 1.247 37.35 13.92 -8.92 0.59 0.0
3.931 4.988 41.47 179.63 170.48 181.72 0.0251
0 0 0 0 0 0 0
-0.74 -0.287 35.72 -7.82 7.84 -18.84 0.0
4.333 4.642 40.86 174.89 169.22 174.2 0.0325
0 0 0 0 0 0 0
-0.522 0.292 43.61 18.97 -5.89 9.15 0.0
3.996 4.935 48.42 158.69 178.19 187.32 0.0288
0 0 0 0 0 0 0
0.106 0.002 35.26 -15.06 15.35 -0.62 0.0
4.52 4.461 39.96 176.33 171.29 164.68 0.0286
0 0 0 0 0 0 0
-1.309 -1.051 35.12 6.72 10.08 -8.36 0.0
4.415 4.565 40.85 168.49 173.27 167.48 0.0351
0 0 0 0 0 0 0
-0.111 -0.003 42.57 6.43 -15.03 12.87 0.0
4.457 4.524 47.47 166.45 175.68 189.42 0.0296
0 0 0 0 0 0 0
-0.473 -1.244 37.66 8.86 6.28 -8.93 0.0
4.888 4.054 43.12 180.29 181.34 178.91 0.0326
0 0 0 0 0 0 0
0.802 -0.088 38.91 -23.97 -8.32 16.18 0.0
5.017 3.893 43.1 171.62 178.87 174.88 0.0265
0 0 0 0 0 0 0
-1.872 -0.243 36.57 -1.42 13.27 13.2 0.0
3.497 5.302 42.2 172.02 168.34 164.67 0.0335
0 0 0 0 0 0 0
-1.02 -1.038 40.35 9.05 -5.88 -6.07 0.0
4.664 4.311 46.06 167.17 162.45 159.32 0.0342
0 0 0 0 0 0 0
-0.231 -0.41 40.42 21.82 8.64 10.66 0.0
4.734 4.234 45.27 177.19 162.67 181.85 0.0296
0 0 0 0 0 0 0
0.579 -1.291 37.06 3.18 -10.68 3.43 0.0
5.374 3.383 42.13 171.91 179.44 165.23 0.0294
0 0 0 0 0 0 0
-0.653 0.789 44.07 16.94 3.75 12.69 0.0
3.789 5.097 48.58 181.8 177.02 184.93 0.0272
0 0 0 0 0 0 0
0.458 -0.835 41.91 1.44 -0.66 13.88 0.0
5.104 3.78 46.86 193.62 161.85 170.95 0.0292
0 0 0 0 0 0 0
-1.634 -1.005 39.23 -0.68 -2.84 6.92 0.0
4.244 4.724 45.34 175.69 162.71 187.56 0.0366
0 0 0 0 0 0 0
-0.451 1.638 36.96 7.62 2.66 9.47 0.0
3.412 5.357 40.97 178.36 172.78 189.48 0.0238
0 0 0 0 0 0 0
0.041 -1.447 43.75 30.59 16.74 -1.43 0.0
5.232 3.601 48.97 171.2 190.48 170.84 0.0313
0 0 0 0 0 0 0
0.076 -0.008 36.09 -24.71 -22.34 5.01 0.0
4.493 4.49 40.84 164.77 179.62 170.53 0.0287
0 0 0 0 0 0 0
-0.012 -0.017 35.25 -1.07 3.18 -12.94 0.0
4.378 4.6 39.88 169.11 176.07 177.75 0.029
0 0 0 0 0 0 0
0.496 -1.185 36.02 -6.97 9.31 0.83 0.0
5.196 3.653 41.11 169.03 178.06 189.8 0.0302
0 0 0 0 0 0 0
1.589 -0.718 44.18 -10.71 -9.74 19.46 0.0
5.572 3.046 48.15 185.5 170.8 187.18 0.0249
0 0 0 0 0 0 0
0.298 -0.471 35.72 22.21 1.29 -30.62 0.0
4.845 4.105 40.47 165.24 190.54 161.58 0.0285
0 0 0 0 0 0 0
1.362 0.126 35.58 -0.05 9.38 -3.22 0.0
5.075 3.817 39.37 177.18 178.23 185.01 0.0242
0 0 0 0 0 0 0
0.756 -0.222 44.35 14.07 0.26 -7.64 0.0
4.884 4.058 48.8 165.67 161.63 162.37 0.027
0 0 0 0 0 0 0
0.378 0.954 38.43 -2.15 -7.65 -12.14 0.0
4.291 4.682 42.4 170.91 184.06 184.61 0.0249
0 0 0 0 0 0 0
-0.344 0.773 40.01 10.55 -1.03 0.14 0.0
3.888 5.022 44.5 165.87 177.09 159.13 0.0272
0 0 0 0 0 0 0
-0.915 -0.984 42.72 -0.49 23.64 -6.17 0.0
4.465 4.516 48.32 166.26 173.07 183.47 0.0343
0 0 0 0 0 0 0
0.666 1.444 42.4 12.28 31.68 19.2 0.0
4.073 4.873 45.82 179.49 188.14 160.41 0.0219
0 0 0 0 0 0 0
-0.528 -0.773 42.03 -16.87 -17.26 -4.16 0.0
4.605 4.373 47.42 160.76 160.58 180.3 0.033
0 0 0 0 0 0 0
-0.088 -0.14 35.56 -9.98 13.33 -11.69 0.0
4.61 4.367 40.37 181.59 173.14 185.39 0.0288
0 0 0 0 0 0 0
-0.465 1.927 35.6 5.02 -2.22 -22.57 0.0
3.198 5.487 39.54 167.92 166.14 169.04 0.0236
0 0 0 0 0 0 0
0.129 -0.952 41.28 20.09 -3.71 2.98 0.0
5.061 3.837 46.57 179.34 162.42 184.61 0.0306
0 0 0 0 0 0 0
0.042 0.075 37.0 4.37 -7.14 -5.02 0.0
4.57 4.409 41.5 159.53 168.71 184.29 0.0276
0 0 0 0 0 0 0
1.657 0.172 37.32 8.06 -0.19 2.23 0.0
5.2 3.645 41.01 151.85 163.39 184.86 0.0225
0 0 0 0 0 0 0
0.813 0.647 41.16 -7.16 -15.96 -10.34 0.0
4.651 4.324 45.06 171.84 180.28 190.83 0.025
0 0 0 0 0 0 0
0.006 0.121 35.88 4.16 3.14 3.31 0.0
4.438 4.544 40.41 166.46 175.88 166.71 0.0281
0 0 0 0 0 0 0
0.197 -0.124 42.59 4.06 -4.5 9.57 0.0
4.666 4.308 47.06 179.33 178.65 161.25 0.0281
0 0 0 0 0 0 0
-1.058 -0.041 35.97 24.64 -0.49 14.93 0.0
4.032 4.908 41.19 162.66 171.71 185.06 0.0311
0 0 0 0 0 0 0
0.43 1.35 41.42 -8.63 25.48 10.35 0.0
3.994 4.939 45.41 165.44 190.05 190.13 0.0233
0 0 0 0 0 0 0
0.296 1.075 35.22 11.22 -14.8 5.47 0.0
4.119 4.833 39.22 180.57 154.78 191.37 0.0246
0 0 0 0 0 0 0
0.506 0.117 42.7 14.15 23.39 -21.43 0.0
4.709 4.261 46.91 181.47 169.57 161.01 0.0263
0 0 0 0 0 0 0
0.258 0.447 44.38 -5.92 -9.52 -2.61 0.0
4.425 4.556 48.76 179.08 165.9 173.97 0.0266
0 0 0 0 0 0 0
-0.086 0.035 36.13 -9.09 -6.5 5.35 0.0
4.444 4.536 40.88 162.14 193.81 176.72 0.0287
0 0 0 0 0 0 0
-1.627 0.588 38.12 3.48 14.3 -15.73 0.0
3.338 5.403 43.13 199.53 176.11 173.91 0.0307
0 0 0 0 0 0 0
0.55 0.52 35.29 1.01 13.68 10.71 0.0
4.521 4.46 39.59 165.8 178.81 170.57 0.0261
0 0 0 0 0 0 0
1.535 -0.251 41.9 -1.61 -13.2 10.29 0.0
5.341 3.437 45.74 170.37 172.66 178.17 0.0238
0 0 0 0 0 0 0
1.265 -1.18 43.72 -5.55 -2.55 9.38 0.0
5.558 3.072 48.43 160.37 174.73 180.42 0.0269
0 0 0 0 0 0 0
-1.809 -0.492 42.55 23.27 -23.17 17.74 0.0
4.052 4.889 48.55 174.89 164.4 169.57 0.0358
0 0 0 0 0 0 0
-0.382 0.051 43.34 -18.44 -4.74 4.25 0.0
4.238 4.729 48.17 174.11 170.64 175.73 0.0295
0 0 0 0 0 0 0
-0.652 -0.858 36.44 26.55 -3.72 13.67 0.0
4.564 4.416 41.81 188.96 180.79 179.18 0.0329
0 0 0 0 0 0 0
-0.107 0.414 38.75 -13.36 -9.91 9.99 0.0
4.122 4.832 43.31 163.81 183.48 181.4 0.0278
0 0 0 0 0 0 0
-0.949 0.679 43.86 15.8 1.58 15.32 0.0
3.659 5.192 48.65 149.91 165.23 180.5 0.0294
0 0 0 0 0 0 0
0.864 -0.376 35.16 22.18 -29.61 0.49 0.0
4.974 3.948 39.56 170.81 169.94 181.38 0.0269
0 0 0 0 0 0 0
0.018 -0.389 39.6 5.62 -14.27 15.76 0.0
4.672 4.302 44.55 160.43 152.33 171.72 0.0297
0 0 0 0 0 0 0
-0.953 0.406 36.53 0.47 5.34 -4.35 0.0
3.799 5.089 41.55 181.38 186.43 180.14 0.0299
0 0 0 0 0 0 0
0.644 0.506 35.38 -36.34 6.04 19.98 0.0
4.501 4.48 39.5 178.15 188.17 164.97 0.0253
0 0 0 0 0 0 0
1.417 0.926 39.24 -6.3 18.24 8.59 0.0
4.768 4.196 42.64 178.61 178.91 171.03 0.022
0 0 0 0 0 0 0
0.042 -1.912 35.82 -6.57 -9.49 -16.17 0.0
5.361 3.405 41.51 178.56 156.0 170.61 0.0337
0 0 0 0 0 0 0
1.413 0.437 37.01 -13.39 0.89 -16.6 0.0
4.881 4.064 40.81 173.65 189.08 180.32 0.0228
0 0 0 0 0 0 0
1.103 -0.783 39.03 -8.13 8.81 0.39 0.0
5.319 3.471 43.42 172.96 168.47 185.52 0.0267
0 0 0 0 0 0 0
0.538 -1.728 39.27 7.18 13.18 -2.6 0.0
5.441 3.274 44.31 177.7 162.4 154.92 0.0308
0 0 0 0 0 0 0
0.068 -0.889 43.5 9.8 -12.52 -20.04 0.0
4.801 4.156 48.6 178.34 173.59 186.28 0.0302
0 0 0 0 0 0 0
-1.071 0.983 42.71 4.07 29.13 3.4 0.0
3.278 5.439 47.25 174.16 174.26 183.44 0.0272
0 0 0 0 0 0 0
-0.35 0.703 41.64 -2.42 21.66 -1.9 0.0
3.925 4.993 46.21 176.25 175.21 181.35 0.0272
0 0 0 0 0 0 0
-0.05 1.187 44.9 9.02 -0.96 22.32 0.0
3.923 4.993 49.16 180.65 181.85 166.99 0.0245
0 0 0 0 0 0 0
-0.294 -0.295 39.42 29.44 37.91 -13.76 0.0
4.506 4.475 44.32 161.96 182.09 194.21 0.0296
0 0 0 0 0 0 0
0.249 0.111 42.14 -15.75 27.92 -2.57 0.0
4.5 4.482 46.8 180.52 172.7 170.54 0.0273
0 0 0 0 0 0 0
-0.996 1.202 41.03 -7.56 20.86 13.81 0.0
3.36 5.39 45.73 171.66 183.01 179.58 0.0272
0 0 0 0 0 0 0
-0.768 0.988 42.09 0.68 -18.82 -17.95 0.0
3.629 5.212 46.55 168.74 169.65 178.08 0.0278
0 0 0 0 0 0 0
-0.433 0.303 41.98 -1.64 -7.85 -12.17 0.0
4.236 4.732 46.82 175.61 183.23 183.81 0.0289
0 0 0 0 0 0 0
0.879 1.476 40.89 24.96 -6.72 -15.81 0.0
4.215 4.75 44.4 175.55 176.55 182.42 0.0212
0 0 0 0 0 0 0
1.65 -0.824 39.82 0.06 5.04 -25.26 0.0
5.585 3.021 43.5 181.91 179.16 173.76 0.0246
0 0 0 0 0 0 0
-0.333 0.669 40.3 0.45 20.37 -25.2 0.0
3.751 5.125 44.6 166.88 190.14 183.2 0.0272
0 0 0 0 0 0 0
0.552 0.642 37.94 5.45 -17.5 -7.07 0.0
4.483 4.499 42.02 188.79 178.06 186.5 0.0245
0 0 0 0 0 0 0
-1.036 1.048 37.8 5.74 17.85 1.53 0.0
3.353 5.394 42.13 171.34 181.17 165.63 0.0269
0 0 0 0 0 0 0
0.259 -0.003 36.6 17.8 23.82 7.53 0.0
4.661 4.313 41.3 179.05 178.32 166.51 0.0279
0 0 0 0 0 0 0
-0.492 -0.954 36.69 1.74 1.69 -31.53 0.0
4.848 4.102 41.83 168.7 167.0 175.32 0.033
0 0 0 0 0 0 0
0.253 -1.687 40.29 -4.65 7.26 15.38 0.0
5.25 3.575 45.65 169.39 179.19 158.33 0.0316
0 0 0 0 0 0 0
0.468 0.187 37.69 -17.34 -13.77 18.62 0.0
4.535 4.446 42.16 168.46 177.23 159.16 0.0268
0 0 0 0 0 0 0
-0.978 0.24 37.43 -6.99 -15.4 33.7 0.0
3.887 5.023 42.84 165.65 176.2 188.91 0.0302
0 0 0 0 0 0 0
0.361 -1.047 38.22 -16.29 -16.16 -34.57 0.0
5.199 3.648 43.3 161.53 165.93 176.41 0.03
0 0 0 0 0 0 0
0.741 1.005 43.22 2.24 12.26 14.58 0.0
4.294 4.678 47.05 173.87 172.2 190.3 0.0231
0 0 0 0 0 0 0
0.871 0.037 37.1 14.98 -9.14 13.01 0.0
4.939 3.993 41.25 167.55 163.81 173.04 0.0253
0 0 0 0 0 0 0
-0.935 -0.28 38.82 -3.48 -19.92 -14.31 0.0
4.079 4.868 44.19 170.56 171.91 174.54 0.032
0 0 0 0 0 0 0
0.653 -0.269 37.13 -1.27 1.54 -3.54 0.0
4.975 3.947 41.64 175.79 164.45 173.9 0.0271
0 0 0 0 0 0 0
0.895 0.635 39.79 11.83 11.27 7.35 0.0
4.596 4.382 43.48 164.16 193.3 186.16 0.0233
0 0 0 0 0 0 0
0.936 -1.661 36.43 -6.34 1.62 -6.6 0.0
5.627 2.944 41.28 181.78 185.7 167.8 0.0293
0 0 0 0 0 0 0
-1.85 -0.105 44.76 3.08 -0.2 -15.22 0.0
3.704 5.158 50.46 162.17 169.92 176.72 0.0341
0 0 0 0 0 0 0
-0.021 -0.016 41.34 2.19 -7.38 3.84 0.0
4.6 4.38 46.01 179.81 184.5 180.88 0.0284
0 0 0 0 0 0 0
1.412 0.118 37.32 6.53 8.39 37.89 0.0
5.07 3.824 41.09 184.71 177.01 181.45 0.0237
0 0 0 0 0 0 0
1.33 -1.456 43.0 -5.49 0.29 -11.15 0.0
5.668 2.863 47.16 179.17 188.93 174.1 0.0271
0 0 0 0 0 0 0
-0.249 -0.745 43.38 16.49 10.84 13.88 0.0
4.698 4.272 48.63 157.85 173.03 176.41 0.032
0 0 0 0 0 0 0
0.613 -0.647 42.33 -18.73 -15.66 -15.07 0.0
5.052 3.85 47.1 168.91 197.38 194.86 0.0281
0 0 0 0 0 0 0
-0.048 0.126 35.8 -3.41 -23.61 13.46 0.0
4.217 4.748 40.29 163.19 175.22 169.48 0.029
0 0 0 0 0 0 0
1.031 -1.668 35.79 8.04 -4.43 10.21 0.0
5.658 2.884 40.66 172.31 167.58 181.05 0.0299
0 0 0 0 0 0 0
-1.675 -0.827 35.46 11.38 -8.58 -37.65 0.0
4.095 4.853 41.51 153.76 179.34 179.37 0.0344
0 0 0 0 0 0 0
-0.833 -0.614 38.6 -16.62 13.48 -11.37 0.0
4.34 4.637 43.99 170.96 176.91 180.22 0.0337
0 0 0 0 0 0 0
1.079 -1.401 39.43 5.83 8.78 -4.12 0.0
5.592 3.012 44.06 184.39 191.26 186.18 0.0277
0 0 0 0 0 0 0
-0.185 -1.238 42.46 11.72 -24.06 0.48 0.0
5.081 3.81 47.9 174.66 165.82 168.35 0.0325
0 0 0 0 0 0 0
-0.379 0.91 43.76 -11.21 1.58 -9.86 0.0
3.787 5.098 48.19 171.51 175.02 182.5 0.0272
0 0 0 0 0 0 0
-0.033 -0.151 39.62 -20.74 25.76 0.73 0.0
4.518 4.465 44.34 178.2 162.05 169.85 0.0286
0 0 0 0 0 0 0
0.575 -0.441 44.09 -11.28 1.49 -13.22 0.0
4.995 3.924 48.7 199.87 180.1 185.9 0.0284
0 0 0 0 0 0 0
-0.761 -1.575 44.35 4.65 -16.86 -1.83 0.0
5.012 3.901 50.36 159.69 176.92 182.49 0.0346
0 0 0 0 0 0 0
-0.193 -0.313 42.38 -5.43 0.97 4.03 0.0
4.62 4.357 47.61 192.75 169.01 168.42 0.0302
0 0 0 0 0 0 0
-0.65 -0.783 40.05 9.62 -18.29 -0.62 0.0
4.617 4.362 45.4 171.68 168.97 181.85 0.0329
0 0 0 0 0 0 0
-0.428 -0.561 35.44 19.64 -17.43 -12.96 0.0
4.659 4.317 40.83 177.13 173.46 171.15 0.0325
0 0 0 0 0 0 0
-0.939 0.608 35.37 -13.47 18.24 -14.72 0.0
3.706 5.158 40.22 186.24 160.9 175.01 0.0289
0 0 0 0 0 0 0
-0.329 0.203 42.2 -4.33 -14.63 -5.13 0.0
4.213 4.751 47.19 171.86 170.2 187.7 0.0291
0 0 0 0 0 0 0
-1.109 -0.991 39.81 -15.05 6.41 -16.85 0.0
4.302 4.672 45.75 172.81 175.19 183.3 0.0351
0 0 0 0 0 0 0
0.848 0.45 36.23 -8.11 2.03 1.07 0.0
4.728 4.239 40.28 164.69 166.01 178.29 0.0244
0 0 0 0 0 0 0
0.094 0.655 43.03 -7.38 0.87 -14.92 0.0
4.273 4.698 47.54 156.41 174.99 173.95 0.0268
0 0 0 0 0 0 0
-0.974 -1.509 36.2 7.32 -12.06 14.68 0.0
4.781 4.182 42.31 158.91 163.36 168.15 0.0356
0 0 0 0 0 0 0
-0.023 0.169 36.9 -0.71 -11.89 -7.66 0.0
4.435 4.545 41.48 171.73 162.12 187.43 0.0278
0 0 0 0 0 0 0
-0.053 -0.194 41.98 -5.04 -6.97 14.77 0.0
4.663 4.312 46.77 177.47 161.51 176.63 0.0289
0 0 0 0 0 0 0
-0.658 1.382 43.39 2.21 23.17 11.33 0.0
3.245 5.46 47.74 158.33 167.07 175.22 0.0262
0 0 0 0 0 0 0
1.611 0.843 39.98 -4.32 -10.49 -21.43 0.0
4.872 4.074 43.41 167.54 179.15 168.97 0.0211
0 0 0 0 0 0 0
-0.657 1.406 43.8 4.97 -21.34 0.59 0.0
3.276 5.442 47.93 174.04 172.27 179.73 0.025
0 0 0 0 0 0 0
-0.775 -0.136 40.76 -3.35 15.62 1.12 0.0
4.098 4.851 45.65 167.87 167.43 159.11 0.0304
0 0 0 0 0 0 0
-0.184 -0.458 43.99 -17.59 -10.22 0.76 0.0
4.62 4.358 49.08 167.15 185.45 169.08 0.0306
0 0 0 0 0 0 0
0.811 -1.53 35.26 -9.91 2.14 0.69 0.0
5.475 3.217 40.32 167.94 159.66 186.29 0.0302
0 0 0 0 0 0 0
