x (mm)   y (mm)   z (mm)   vx (m/s)   vy (m/s)   vz (m/s)   time (ms)   dens
-0.452 1.069 42.75 2.63 11.06 -0.88 0.0
3.745 5.128 47.11 164.37 179.04 175.88 0.0257
0 0 0 0 0 0 0
-1.402 -0.149 42.42 -15.78 2.48 -18.78 0.0
3.771 5.11 47.8 176.33 169.96 179.95 0.0313
0 0 0 0 0 0 0
0.621 -0.889 37.87 22.86 18.96 1.26 0.0
5.231 3.601 42.62 176.76 167.54 165.49 0.0275
0 0 0 0 0 0 0
-0.538 0.042 40.66 5.94 4.4 1.58 0.0
4.176 4.784 45.57 169.85 178.7 182.25 0.0293
0 0 0 0 0 0 0
0.01 -0.145 38.17 12.52 11.87 18.84 0.0
4.583 4.397 43.09 179.18 171.73 177.33 0.0283
0 0 0 0 0 0 0
-0.686 0.42 37.06 -12.36 5.8 -6.07 0.0
3.976 4.952 42.07 179.93 160.14 162.54 0.0289
0 0 0 0 0 0 0
0.363 -0.33 35.58 -11.28 4.88 -6.98 0.0
4.696 4.275 40.38 166.37 166.04 169.69 0.0276
0 0 0 0 0 0 0
0.006 -1.435 43.78 8.18 -2.89 15.1 0.0
5.2 3.644 49.15 188.31 162.52 170.38 0.0312
0 0 0 0 0 0 0
-0.387 -0.384 43.7 2.46 -0.99 31.83 0.0
4.427 4.553 48.74 173.15 167.22 174.55 0.0296
0 0 0 0 0 0 0
0.016 0.861 36.17 19.56 -18.25 -0.52 0.0
4.113 4.839 40.46 166.9 163.58 175.89 0.0257
0 0 0 0 0 0 0
0.264 0.235 35.68 -27.39 13.8 -16.93 0.0
4.444 4.537 40.03 180.32 173.79 168.41 0.0259
0 0 0 0 0 0 0
0.443 1.405 42.28 -5.58 11.31 -16.62 0.0
3.91 5.004 45.99 162.67 164.45 177.84 0.0222
0 0 0 0 0 0 0
-0.319 0.124 35.39 -25.25 -1.91 16.28 0.0
4.356 4.622 40.39 178.28 160.68 170.32 0.0279
0 0 0 0 0 0 0
-0.658 0.404 37.41 -2.45 -1.92 -13.35 0.0
3.943 4.978 42.25 171.45 181.72 158.71 0.0279
0 0 0 0 0 0 0
0.349 -1.664 35.84 9.34 -1.49 7.04 0.0
5.357 3.41 41.06 172.59 177.8 167.42 0.0309
0 0 0 0 0 0 0
-0.283 0.049 36.76 12.38 -0.33 8.45 0.0
4.334 4.642 41.58 183.11 182.78 169.8 0.0275
0 0 0 0 0 0 0
0.595 -1.497 38.19 6.6 5.7 15.45 0.0
5.376 3.38 43.21 194.19 178.36 180.98 0.0294
0 0 0 0 0 0 0
-0.042 0.083 44.18 -7.99 16.4 10.05 0.0
4.313 4.662 49.04 167.85 180.74 167.63 0.0283
0 0 0 0 0 0 0
0.566 -1.664 37.16 -19.39 -11.4 -21.6 0.0
5.419 3.312 41.96 166.6 170.98 165.98 0.03
0 0 0 0 0 0 0
0.011 -0.819 39.62 11.34 -11.46 17.95 0.0
4.85 4.1 44.91 156.08 183.54 193.16 0.0295
0 0 0 0 0 0 0
0.537 0.235 37.6 2.89 7.65 3.63 0.0
4.684 4.288 41.75 173.92 170.42 186.35 0.0254
0 0 0 0 0 0 0
0.077 0.019 44.41 2.61 -9.41 13.41 0.0
4.442 4.539 49.22 175.24 172.69 170.12 0.0276
0 0 0 0 0 0 0
0.271 -0.081 43.03 7.96 5.16 -1.19 0.0
4.587 4.392 47.83 192.94 170.68 183.9 0.0278
0 0 0 0 0 0 0
0.831 1.213 39.42 2.32 4.39 -22.19 0.0
4.281 4.69 43.06 158.23 167.41 164.79 0.0215
0 0 0 0 0 0 0
0.885 0.075 37.42 12.15 4.75 3.19 0.0
4.821 4.133 41.54 162.68 189.45 172.11 0.0247
0 0 0 0 0 0 0
-0.624 0.209 41.62 1.72 4.7 -0.42 0.0
4.093 4.856 46.58 167.84 173.75 173.4 0.0292
0 0 0 0 0 0 0
-0.354 1.958 42.97 -13.39 16.8 20.94 0.0
3.135 5.523 46.71 180.38 169.46 162.14 0.0221
0 0 0 0 0 0 0
-1.57 0.566 44.08 8.86 15.97 20.03 0.0
3.203 5.484 49.25 177.48 174.33 174.76 0.0292
0 0 0 0 0 0 0
-1.377 -0.109 41.59 -6.98 0.26 11.07 0.0
3.809 5.081 47.35 180.94 165.1 165.88 0.0321
0 0 0 0 0 0 0
-0.14 0.125 43.4 17.02 1.13 -10.77 0.0
4.282 4.69 48.11 177.56 185.08 175.08 0.028
0 0 0 0 0 0 0
-0.32 0.148 42.71 18.76 14.62 -16.97 0.0
4.206 4.758 47.39 165.64 153.94 172.59 0.0282
0 0 0 0 0 0 0
-0.24 -0.405 35.9 -5.6 5.41 4.95 0.0
4.536 4.444 40.94 182.33 176.41 172.95 0.0294
0 0 0 0 0 0 0
-0.15 0.508 40.13 3.9 11.96 -12.88 0.0
4.186 4.775 44.58 175.08 168.18 184.84 0.0268
0 0 0 0 0 0 0
-1.296 1.116 38.31 -8.27 -3.84 -1.23 0.0
2.978 5.609 42.96 162.95 158.72 179.72 0.0269
0 0 0 0 0 0 0
0.056 0.022 44.52 1.49 3.2 -17.64 0.0
4.651 4.324 49.15 177.08 162.84 168.87 0.0271
0 0 0 0 0 0 0
1.593 -1.007 41.32 -3.05 1.36 17.77 0.0
5.554 3.081 45.58 175.82 173.9 177.83 0.0244
0 0 0 0 0 0 0
-0.572 0.818 41.89 0.38 12.89 -11.07 0.0
3.712 5.152 46.36 162.49 171.79 174.38 0.0264
0 0 0 0 0 0 0
-0.017 -0.012 38.08 -2.37 -11.8 3.36 0.0
4.592 4.388 42.85 177.4 191.43 183.21 0.0277
0 0 0 0 0 0 0
-0.139 1.847 44.49 -2.35 -5.05 -5.05 0.0
3.298 5.426 48.1 166.72 183.41 181.35 0.022
0 0 0 0 0 0 0
-0.04 0.515 38.48 8.92 -12.83 22.37 0.0
4.307 4.668 43.07 175.73 163.46 175.45 0.0264
0 0 0 0 0 0 0
0.971 -1.045 39.37 -6.05 9.89 6.84 0.0
5.347 3.427 44.16 170.64 201.01 188.53 0.0272
0 0 0 0 0 0 0
0.195 -0.114 39.1 -12.14 -2.68 1.01 0.0
4.686 4.287 43.69 184.7 182.67 178.3 0.0274
0 0 0 0 0 0 0
-0.27 -0.2 43.64 12.51 5.05 8.58 0.0
4.525 4.457 48.66 172.15 171.54 190.55 0.029
0 0 0 0 0 0 0
-0.584 -1.129 35.72 -5.51 3.57 -1.47 0.0
4.736 4.231 41.43 176.23 170.33 183.24 0.0328
0 0 0 0 0 0 0
0.016 -1.408 43.07 14.92 -11.87 0.69 0.0
5.159 3.703 48.51 175.19 183.93 165.11 0.0322
0 0 0 0 0 0 0
0.904 -1.329 40.77 3.4 17.26 25.62 0.0
5.504 3.167 45.64 169.72 170.34 164.06 0.028
0 0 0 0 0 0 0
0.898 0.119 38.61 -8.74 11.21 -9.49 0.0
4.845 4.106 42.76 171.06 173.68 170.5 0.0252
0 0 0 0 0 0 0
-0.951 -0.985 42.51 15.39 5.53 -1.58 0.0
4.547 4.434 48.17 175.5 172.67 173.58 0.0323
0 0 0 0 0 0 0
0.132 -0.856 42.32 -17.03 26.53 -0.07 0.0
4.966 3.958 47.28 160.72 168.22 177.13 0.0288
0 0 0 0 0 0 0
-0.025 0.59 35.47 -17.13 10.99 11.17 0.0
4.109 4.842 39.92 176.49 169.11 172.42 0.0265
0 0 0 0 0 0 0
-0.683 0.588 42.33 -10.79 0.27 13.3 0.0
3.866 5.038 47.03 162.81 184.2 174.46 0.0276
0 0 0 0 0 0 0
0.086 0.031 35.28 -0.16 2.17 9.54 0.0
4.497 4.484 39.89 182.46 177.74 184.67 0.0264
0 0 0 0 0 0 0
-0.228 0.197 44.12 5.92 -10.85 22.28 0.0
4.352 4.625 48.88 181.74 177.01 178.78 0.0277
0 0 0 0 0 0 0
-1.355 0.161 42.54 5.28 4.03 -25.15 0.0
3.794 5.093 47.67 177.19 179.44 187.62 0.0301
0 0 0 0 0 0 0
-0.798 -0.723 44.45 6.23 39.03 15.46 0.0
4.452 4.529 50.07 178.45 186.73 173.51 0.0316
0 0 0 0 0 0 0
-0.49 -0.646 35.94 8.37 10.94 -10.32 0.0
4.589 4.389 41.15 175.39 165.58 198.72 0.0302
0 0 0 0 0 0 0
-0.669 -1.42 41.52 4.62 -4.96 -17.04 0.0
4.866 4.081 47.27 152.79 176.15 171.81 0.0336
0 0 0 0 0 0 0
-0.194 -1.9 35.55 10.1 3.62 20.35 0.0
5.337 3.442 41.17 177.69 168.85 179.81 0.0325
0 0 0 0 0 0 0
-0.037 -0.463 37.36 -3.73 0.08 -0.57 0.0
4.656 4.318 42.43 166.45 172.03 175.23 0.029
0 0 0 0 0 0 0
0.152 0.695 40.57 19.43 -13.07 19.13 0.0
4.219 4.747 44.95 178.28 180.58 184.48 0.0251
0 0 0 0 0 0 0
-0.796 1.692 35.99 -0.91 -28.28 12.12 0.0
3.163 5.507 40.19 166.77 166.72 169.49 0.0246
0 0 0 0 0 0 0
-0.259 0.05 36.78 -3.48 9.57 9.78 0.0
4.241 4.727 41.61 170.82 178.4 162.16 0.0285
0 0 0 0 0 0 0
1.658 -1.055 37.11 -5.27 -12.9 -7.14 0.0
5.665 2.869 41.3 182.34 172.98 178.21 0.0256
0 0 0 0 0 0 0
0.121 0.892 37.07 -8.8 10.96 -6.6 0.0
4.134 4.821 41.29 180.8 175.24 177.12 0.0245
0 0 0 0 0 0 0
0.276 0.095 40.23 -6.88 -20.24 3.21 0.0
4.484 4.497 44.87 157.5 178.39 175.95 0.0269
0 0 0 0 0 0 0
0.017 -0.012 41.47 -1.69 -25.37 10.0 0.0
4.611 4.366 46.4 164.82 169.1 172.55 0.0282
0 0 0 0 0 0 0
-0.236 -0.053 38.36 5.65 -31.07 -14.47 0.0
4.304 4.669 43.1 164.4 163.26 187.64 0.0281
0 0 0 0 0 0 0
0.093 -1.758 44.61 -13.54 19.63 5.21 0.0
5.45 3.26 49.97 187.27 163.57 179.44 0.0314
0 0 0 0 0 0 0
-0.072 -0.154 44.4 -5.19 21.75 -15.22 0.0
4.512 4.468 49.16 172.71 167.83 174.46 0.0284
0 0 0 0 0 0 0
1.163 -0.17 36.18 1.86 25.67 19.0 0.0
5.122 3.754 40.29 178.84 174.22 179.38 0.0236
0 0 0 0 0 0 0
-0.121 0.257 40.92 -6.29 4.53 7.26 0.0
4.301 4.672 45.7 186.35 168.27 180.85 0.0278
0 0 0 0 0 0 0
0.082 -0.093 42.55 16.68 1.03 5.2 0.0
4.587 4.392 47.26 164.87 168.17 189.43 0.0273
0 0 0 0 0 0 0
-0.234 0.27 43.76 -3.59 -7.51 11.6 0.0
4.186 4.777 48.48 165.19 162.76 188.11 0.0271
0 0 0 0 0 0 0
0.44 0.139 42.95 2.47 -2.22 0.56 0.0
4.548 4.432 47.42 172.12 160.79 168.23 0.0259
0 0 0 0 0 0 0
-0.746 -0.292 36.44 1.98 -44.46 -4.87 0.0
4.344 4.633 41.64 171.78 178.11 166.11 0.0307
0 0 0 0 0 0 0
1.356 -0.777 44.5 -8.1 22.76 -24.81 0.0
5.403 3.338 48.72 181.62 187.54 164.64 0.0253
0 0 0 0 0 0 0
-0.686 -1.798 39.65 -5.06 -7.14 -0.02 0.0
4.988 3.932 45.66 177.96 181.95 149.94 0.035
0 0 0 0 0 0 0
0.137 0.078 36.24 13.93 -3.69 9.13 0.0
4.527 4.454 40.79 180.07 172.1 159.52 0.0263
0 0 0 0 0 0 0
0.179 -0.33 38.26 6.7 -9.75 1.22 0.0
4.769 4.193 43.06 172.64 155.75 169.02 0.0284
0 0 0 0 0 0 0
0.112 1.261 40.48 -19.42 0.86 -3.23 0.0
3.804 5.085 44.47 182.19 196.56 183.23 0.0232
0 0 0 0 0 0 0
1.05 0.532 43.98 1.16 13.11 -5.29 0.0
4.821 4.134 47.82 180.03 170.09 175.13 0.0231
0 0 0 0 0 0 0
-0.143 -0.108 38.87 -24.17 11.15 -2.59 0.0
4.451 4.529 43.68 185.68 181.63 170.87 0.0277
0 0 0 0 0 0 0
0.102 -0.609 42.08 19.69 -4.57 4.93 0.0
4.788 4.171 47.15 169.01 176.86 177.73 0.0298
0 0 0 0 0 0 0
1.101 1.236 43.26 -0.24 -24.59 1.65 0.0
4.454 4.527 46.84 161.99 169.05 177.04 0.0216
0 0 0 0 0 0 0
-1.485 -0.789 44.2 2.82 12.01 3.17 0.0
4.066 4.879 49.99 177.17 182.26 176.05 0.034
0 0 0 0 0 0 0
0.659 0.945 39.58 -1.29 5.53 -6.86 0.0
4.362 4.615 43.43 189.92 173.86 172.4 0.0229
0 0 0 0 0 0 0
0.194 -0.789 39.24 -0.19 4.4 21.39 0.0
5.008 3.905 44.4 162.77 175.94 173.45 0.0295
0 0 0 0 0 0 0
-0.749 0.737 43.92 0.11 -4.16 0.11 0.0
3.726 5.143 48.51 164.35 158.22 181.02 0.0269
0 0 0 0 0 0 0
0.93 -0.733 36.53 3.34 2.76 1.06 0.0
5.279 3.529 41.07 152.88 188.07 172.71 0.0266
0 0 0 0 0 0 0
0.695 -0.41 38.79 -13.27 -1.24 4.51 0.0
4.948 3.98 43.27 173.43 169.07 189.75 0.0264
0 0 0 0 0 0 0
0.122 0.353 43.07 3.16 22.26 2.81 0.0
4.386 4.593 47.49 172.1 179.95 185.06 0.0263
0 0 0 0 0 0 0
-0.071 0.859 39.04 26.93 -0.65 6.56 0.0
4.003 4.93 43.31 167.89 167.7 178.84 0.025
0 0 0 0 0 0 0
-0.239 -0.133 39.04 -12.32 -13.31 -7.56 0.0
4.387 4.591 44.01 158.1 188.02 173.33 0.0288
0 0 0 0 0 0 0
-0.916 0.155 43.85 13.18 2.02 -0.94 0.0
3.992 4.939 49.09 171.03 175.41 161.08 0.029
0 0 0 0 0 0 0
1.211 -1.344 41.26 -4.36 -32.63 11.66 0.0
5.558 3.071 45.77 173.67 171.71 175.52 0.0269
0 0 0 0 0 0 0
-0.994 -0.819 44.7 -4.9 -0.19 -16.23 0.0
4.41 4.57 50.31 170.51 183.25 160.12 0.0331
0 0 0 0 0 0 0
0.947 -1.407 41.87 0.75 -25.31 -10.65 0.0
5.481 3.208 46.74 184.73 173.66 176.97 0.0279
0 0 0 0 0 0 0
1.17 0.515 39.26 5.76 -3.47 4.09 0.0
4.661 4.313 43.08 172.88 176.67 178.97 0.0228
0 0 0 0 0 0 0
-0.319 -0.651 44.08 9.2 -18.03 14.76 0.0
4.625 4.352 49.41 165.93 191.09 181.02 0.0303
0 0 0 0 0 0 0
-0.556 -0.906 35.16 4.71 18.46 20.04 0.0
4.627 4.35 40.61 167.68 170.94 185.47 0.0316
0 0 0 0 0 0 0
0.303 -1.007 35.78 -13.94 6.52 -11.72 0.0
5.049 3.853 40.92 175.64 163.86 179.69 0.0295
0 0 0 0 0 0 0
-0.974 -1.74 44.55 2.39 19.37 -4.81 0.0
4.942 3.989 50.58 178.76 166.77 198.58 0.0351
0 0 0 0 0 0 0
0.167 0.073 44.02 33.86 3.64 -26.91 0.0
4.539 4.441 48.53 185.25 184.56 180.03 0.0266
0 0 0 0 0 0 0
0.381 -0.132 43.93 4.4 4.14 -18.61 0.0
4.766 4.197 48.31 166.77 170.73 164.29 0.0265
0 0 0 0 0 0 0
-0.66 -0.711 36.35 1.2 22.54 -12.18 0.0
4.361 4.616 41.68 170.62 182.8 173.36 0.0309
0 0 0 0 0 0 0
-0.35 1.828 43.39 6.83 -0.58 7.47 0.0
3.247 5.458 47.16 185.69 170.92 174.75 0.0224
0 0 0 0 0 0 0
-1.447 -0.44 43.19 -7.84 10.62 -2.29 0.0
3.975 4.953 49.11 168.59 174.41 178.28 0.0334
0 0 0 0 0 0 0
-0.531 -0.453 37.88 18.07 8.98 14.42 0.0
4.433 4.548 43.31 156.91 178.71 170.87 0.0305
0 0 0 0 0 0 0
-0.04 1.069 42.91 -10.27 -12.64 -15.73 0.0
3.854 5.048 46.92 174.83 169.81 160.95 0.0246
0 0 0 0 0 0 0
-0.946 -0.413 44.81 0.58 9.37 -8.51 0.0
4.237 4.73 50.22 173.18 165.59 161.05 0.0316
0 0 0 0 0 0 0
0.257 0.156 41.05 17.72 -3.99 -7.43 0.0
4.577 4.404 45.55 175.29 172.66 180.86 0.0262
0 0 0 0 0 0 0
1.08 1.173 43.42 22.78 26.02 -14.27 0.0
4.39 4.588 46.93 182.28 174.0 174.63 0.0213
0 0 0 0 0 0 0
-0.049 -0.159 43.95 -1.66 -13.6 -16.99 0.0
4.501 4.48 48.89 174.69 176.75 182.24 0.0288
0 0 0 0 0 0 0
-1.123 -0.167 35.4 -9.78 2.25 -14.64 0.0
3.998 4.934 40.79 167.06 163.03 190.57 0.0309
0 0 0 0 0 0 0
0.001 -0.001 43.12 -22.28 19.55 -4.11 0.0
4.509 4.472 48.0 179.61 161.53 186.04 0.0282
0 0 0 0 0 0 0
0.855 -0.433 39.97 5.85 -10.81 -13.86 0.0
5.078 3.815 44.61 180.83 170.92 174.39 0.027
0 0 0 0 0 0 0
1.046 -0.183 37.3 3.89 5.51 0.02 0.0
5.177 3.679 41.46 176.92 177.17 165.47 0.0243
0 0 0 0 0 0 0
-0.908 1.042 38.59 20.78 -8.53 -11.66 0.0
3.345 5.397 43.16 179.83 168.89 184.46 0.027
0 0 0 0 0 0 0
0.002 0.004 41.6 -8.31 1.24 -1.21 0.0
4.447 4.534 46.36 172.33 166.64 174.4 0.0278
0 0 0 0 0 0 0
0.282 -0.118 41.98 10.82 2.04 -8.72 0.0
4.775 4.187 46.76 170.24 180.22 171.09 0.0273
0 0 0 0 0 0 0
0.787 -0.016 44.11 -8.63 -4.8 8.41 0.0
4.809 4.147 48.55 167.59 155.16 169.01 0.0261
0 0 0 0 0 0 0
0.173 -1.237 39.88 13.18 16.29 8.94 0.0
5.124 3.751 45.21 161.91 165.67 174.24 0.03
0 0 0 0 0 0 0
-0.613 0.185 39.63 -18.58 10.72 -19.06 0.0
4.08 4.867 44.59 169.76 169.93 186.57 0.0285
0 0 0 0 0 0 0
0.009 -0.013 44.77 -13.86 -26.53 -30.98 0.0
4.571 4.409 49.47 168.37 166.12 175.38 0.0278
0 0 0 0 0 0 0
0.308 0.798 36.71 5.03 -1.93 -2.8 0.0
4.172 4.787 40.86 167.04 179.29 171.03 0.024
0 0 0 0 0 0 0
-1.082 1.537 42.68 -29.81 -7.24 -14.38 0.0
2.992 5.601 47.06 201.37 170.57 177.55 0.0254
0 0 0 0 0 0 0
-0.076 -0.18 40.29 -4.94 12.76 13.72 0.0
4.614 4.364 45.27 192.21 177.81 174.29 0.0289
0 0 0 0 0 0 0
-0.898 -0.548 36.93 31.43 6.13 9.15 0.0
4.26 4.709 42.27 183.09 169.72 170.45 0.0315
0 0 0 0 0 0 0
-0.2 -0.123 36.7 -14.06 24.52 5.11 0.0
4.281 4.69 41.7 186.48 177.28 178.46 0.0288
0 0 0 0 0 0 0
1.081 1.429 38.52 6.24 5.76 16.16 0.0
4.34 4.637 41.87 170.43 151.17 186.35 0.0203
0 0 0 0 0 0 0
0.629 -0.612 39.13 -23.16 -8.28 11.88 0.0
5.096 3.789 44.05 169.93 182.56 185.71 0.0276
0 0 0 0 0 0 0
0.662 0.064 37.13 0.58 1.41 3.19 0.0
4.852 4.097 41.52 178.21 166.87 164.39 0.0255
0 0 0 0 0 0 0
-1.453 1.261 35.65 -16.32 -1.42 14.3 0.0
3.067 5.561 40.28 181.96 175.05 167.9 0.0274
0 0 0 0 0 0 0
0.832 0.727 41.27 -2.44 3.76 -32.73 0.0
4.486 4.494 45.0 167.32 179.57 176.74 0.0226
0 0 0 0 0 0 0
-0.031 -0.294 38.62 9.07 -22.46 -0.19 0.0
4.65 4.326 43.43 188.67 178.21 169.16 0.0286
0 0 0 0 0 0 0
1.069 -0.282 35.59 19.82 12.3 10.96 0.0
5.153 3.712 39.76 171.83 178.19 186.16 0.0251
0 0 0 0 0 0 0
-0.365 0.457 37.51 19.86 23.26 -2.21 0.0
4.045 4.896 42.08 165.04 151.99 174.63 0.0268
0 0 0 0 0 0 0
0.738 0.642 35.88 -8.93 -6.9 -19.19 0.0
4.522 4.459 40.05 149.84 169.9 169.25 0.0241
0 0 0 0 0 0 0
0.838 -0.297 43.26 -9.53 15.09 6.38 0.0
5.031 3.874 47.54 172.71 173.08 163.37 0.0253
0 0 0 0 0 0 0
-0.62 -0.616 38.79 1.96 8.53 6.83 0.0
4.488 4.494 44.06 170.52 165.05 184.55 0.0312
0 0 0 0 0 0 0
-0.072 -0.365 42.08 13.61 7.1 7.24 0.0
4.585 4.394 47.18 169.46 171.97 183.99 0.0288
0 0 0 0 0 0 0
0.175 0.466 40.25 2.34 14.42 9.42 0.0
4.412 4.568 44.6 168.33 160.65 178.48 0.026
0 0 0 0 0 0 0
0.197 -1.314 36.19 -0.51 -12.56 1.6 0.0
5.242 3.584 41.55 179.38 181.94 190.22 0.031
0 0 0 0 0 0 0
-0.289 -0.034 40.61 -7.54 -7.65 -21.22 0.0
4.375 4.602 45.5 177.14 163.72 176.77 0.0287
0 0 0 0 0 0 0
-1.155 -1.027 41.07 -11.19 7.19 -15.76 0.0
4.357 4.619 46.98 175.82 164.19 178.8 0.0334
0 0 0 0 0 0 0
0.943 0.419 41.7 -2.06 10.95 -1.24 0.0
4.573 4.406 45.72 166.8 178.12 160.52 0.0243
0 0 0 0 0 0 0
-1.531 1.127 42.56 -6.39 -1.98 -23.74 0.0
2.944 5.627 47.22 169.24 187.62 168.32 0.0275
0 0 0 0 0 0 0
-0.044 -0.002 36.19 17.53 -14.6 -5.51 0.0
4.484 4.498 40.94 165.27 190.45 184.04 0.0273
0 0 0 0 0 0 0
0.57 -0.989 43.42 17.31 -10.47 7.03 0.0
5.14 3.73 48.32 188.57 194.63 190.95 0.0286
0 0 0 0 0 0 0
-0.256 -0.25 36.77 6.99 -21.45 10.99 0.0
4.529 4.452 41.94 176.91 169.5 179.92 0.0291
0 0 0 0 0 0 0
1.11 0.062 35.54 1.65 25.25 12.86 0.0
4.971 3.952 39.6 183.39 174.6 185.35 0.0241
0 0 0 0 0 0 0
-0.202 -1.083 40.51 17.87 13.43 2.28 0.0
4.936 3.996 46.03 162.74 182.4 175.41 0.031
0 0 0 0 0 0 0
-1.46 -1.041 43.78 0.99 4.91 11.33 0.0
4.241 4.727 49.96 178.38 167.11 163.15 0.0352
0 0 0 0 0 0 0
0.459 -0.805 42.74 0.5 13.77 -23.69 0.0
5.022 3.887 47.55 170.65 176.23 182.44 0.0281
0 0 0 0 0 0 0
0.022 -0.031 40.2 -3.14 12.28 7.74 0.0
4.537 4.443 44.84 176.07 177.02 166.14 0.0271
0 0 0 0 0 0 0
-1.566 1.18 38.73 -1.52 -11.54 -16.47 0.0
2.879 5.661 43.42 180.72 174.89 177.93 0.0274
0 0 0 0 0 0 0
-0.107 1.535 44.94 29.26 -10.64 7.95 0.0
3.738 5.133 48.81 175.19 176.7 183.82 0.023
0 0 0 0 0 0 0
0.879 -0.023 43.69 10.4 15.39 13.49 0.0
4.977 3.945 47.97 167.51 169.2 184.94 0.0248
0 0 0 0 0 0 0
1.565 1.05 40.08 11.89 -4.57 -7.63 0.0
4.727 4.24 43.57 153.4 174.86 182.34 0.0204
0 0 0 0 0 0 0
-0.037 0.718 44.23 21.87 14.98 6.76 0.0
4.099 4.85 48.68 171.99 174.8 176.68 0.0252
0 0 0 0 0 0 0
0.791 -0.064 39.93 -23.41 7.34 -13.83 0.0
4.85 4.1 44.21 168.09 163.97 186.37 0.026
0 0 0 0 0 0 0
0.285 0.197 42.88 -5.78 -5.24 3.71 0.0
4.555 4.424 47.54 151.79 171.31 176.64 0.0274
0 0 0 0 0 0 0
0.641 0.905 43.73 -24.46 -20.24 9.52 0.0
4.365 4.612 47.56 169.5 175.4 182.89 0.0229
0 0 0 0 0 0 0
-0.975 -1.243 38.73 -16.4 13.99 -12.2 0.0
4.669 4.304 44.39 158.78 166.88 179.21 0.0331
0 0 0 0 0 0 0
0.133 -0.039 40.81 -22.9 10.4 12.44 0.0
4.635 4.341 45.67 182.91 175.63 177.29 0.0276
0 0 0 0 0 0 0
-0.631 1.457 40.22 6.13 9.16 -9.72 0.0
3.272 5.442 44.3 172.96 177.93 163.48 0.0237
0 0 0 0 0 0 0
-1.579 -1.024 37.19 27.13 -5.77 6.91 0.0
4.229 4.738 43.28 179.93 165.97 184.17 0.0351
0 0 0 0 0 0 0
-0.6 -1.522 35.48 2.88 3.56 5.97 0.0
4.858 4.089 41.26 151.75 188.18 176.09 0.0334
0 0 0 0 0 0 0
0.002 -0.661 38.11 -1.6 -2.81 -5.68 0.0
4.812 4.144 43.27 197.15 176.15 170.99 0.0291
0 0 0 0 0 0 0
0.007 0.015 39.44 -6.95 -9.78 -10.71 0.0
4.547 4.434 44.27 170.51 171.89 173.96 0.0276
0 0 0 0 0 0 0
0.029 0.039 38.5 -9.16 8.85 1.53 0.0
4.509 4.472 43.19 181.49 181.62 183.16 0.0275
0 0 0 0 0 0 0
1.007 -1.28 42.97 -14.5 -25.78 12.34 0.0
5.514 3.151 47.55 184.86 167.23 171.76 0.0276
0 0 0 0 0 0 0
0.557 -0.177 43.48 -7.05 23.84 3.13 0.0
4.853 4.096 47.86 191.93 166.14 171.07 0.0266
0 0 0 0 0 0 0
0.173 -0.045 42.43 22.36 -16.22 -9.42 0.0
4.618 4.359 47.05 185.35 147.9 169.8 0.0276
0 0 0 0 0 0 0
1.112 -0.583 44.61 -7.04 -1.64 16.62 0.0
5.249 3.575 48.99 174.64 170.76 172.69 0.0259
0 0 0 0 0 0 0
1.12 -0.852 37.82 -9.38 13.66 4.35 0.0
5.391 3.357 42.41 165.86 175.82 179.51 0.0266
0 0 0 0 0 0 0
-0.687 -0.335 41.68 -2.0 -9.47 -7.77 0.0
4.336 4.639 47.01 181.48 171.74 159.2 0.0312
0 0 0 0 0 0 0
1.124 -1.049 39.98 8.33 -15.97 5.76 0.0
5.447 3.264 44.5 175.82 178.29 169.01 0.0264
0 0 0 0 0 0 0
0.906 -0.549 38.03 1.19 11.68 -11.34 0.0
5.207 3.635 42.56 172.11 162.53 172.75 0.0262
0 0 0 0 0 0 0
0.791 -0.43 41.33 -10.48 -4.58 4.76 0.0
4.951 3.977 45.86 174.66 165.72 181.19 0.0269
0 0 0 0 0 0 0
1.18 0.593 40.5 3.49 8.06 7.62 0.0
4.742 4.225 44.32 177.84 169.91 180.37 0.0224
0 0 0 0 0 0 0
1.759 -0.521 43.18 18.61 -13.31 36.04 0.0
5.449 3.261 47.26 159.64 180.68 181.22 0.0234
0 0 0 0 0 0 0
-0.366 0.281 35.48 11.67 18.31 1.22 0.0
4.081 4.865 39.99 189.65 162.81 178.0 0.0269
0 0 0 0 0 0 0
-1.18 0.831 35.14 3.41 3.75 -11.41 0.0
3.464 5.322 39.99 170.13 159.56 179.16 0.0284
0 0 0 0 0 0 0
1.797 -0.811 36.9 15.77 3.03 -1.77 0.0
5.575 3.041 40.87 169.65 166.21 172.12 0.0242
0 0 0 0 0 0 0
1.115 0.762 41.87 -13.28 -2.13 -6.89 0.0
4.559 4.422 45.64 160.92 176.98 187.13 0.022
0 0 0 0 0 0 0
0.41 -0.203 43.99 14.02 -4.38 -4.53 0.0
4.776 4.186 48.56 168.42 177.41 175.9 0.0271
0 0 0 0 0 0 0
-0.173 0.611 41.59 -10.05 -3.76 1.0 0.0
4.137 4.818 46.2 154.63 149.43 167.75 0.0271
0 0 0 0 0 0 0
-0.002 0.171 43.52 -2.39 -11.41 -3.3 0.0
4.415 4.565 48.18 170.45 171.1 167.47 0.0274
0 0 0 0 0 0 0
0.798 0.978 41.72 17.46 -1.78 5.08 0.0
4.356 4.621 45.42 159.3 165.78 186.54 0.0227
0 0 0 0 0 0 0
0.357 1.916 36.38 -18.48 30.17 6.27 0.0
3.627 5.213 39.78 168.94 178.65 179.05 0.0206
0 0 0 0 0 0 0
0.085 -1.865 44.88 -22.05 -7.1 7.43 0.0
5.297 3.503 50.6 171.1 170.78 176.75 0.032
0 0 0 0 0 0 0
0.798 -1.736 39.17 3.64 14.24 -11.36 0.0
5.632 2.935 44.07 173.81 179.17 174.91 0.0285
0 0 0 0 0 0 0
0.212 1.126 39.92 -20.29 -9.33 21.04 0.0
4.054 4.889 44.0 180.23 186.46 174.23 0.0234
0 0 0 0 0 0 0
-1.496 0.01 37.25 8.71 -14.54 12.39 0.0
3.668 5.184 42.74 167.43 176.6 163.39 0.0324
0 0 0 0 0 0 0
0.11 -0.178 35.15 18.34 22.84 -0.42 0.0
4.641 4.335 40.0 168.54 162.35 183.74 0.0277
0 0 0 0 0 0 0
1.154 -1.521 38.68 -7.19 -15.25 -8.78 0.0
5.575 3.042 43.37 184.02 167.87 184.3 0.0277
0 0 0 0 0 0 0
0.333 -0.245 42.48 -27.45 -9.09 -11.41 0.0
4.804 4.153 47.24 167.94 182.23 181.82 0.0276
0 0 0 0 0 0 0
0.209 0.418 36.64 -12.46 -10.66 13.14 0.0
4.324 4.652 40.85 180.31 161.69 176.94 0.0259
0 0 0 0 0 0 0
0.34 0.38 43.38 22.75 2.83 15.82 0.0
4.466 4.515 47.9 167.33 170.36 177.98 0.026
0 0 0 0 0 0 0
-0.097 -0.003 35.53 9.38 4.46 -18.22 0.0
4.429 4.551 40.27 175.83 177.86 176.61 0.0274
0 0 0 0 0 0 0
-0.014 0.249 40.39 9.22 4.47 13.18 0.0
4.36 4.617 44.96 171.34 163.72 181.12 0.0263
0 0 0 0 0 0 0
1.209 1.255 43.65 1.12 -7.74 2.87 0.0
4.487 4.494 46.96 170.09 172.78 173.29 0.0205
0 0 0 0 0 0 0
1.949 -0.375 43.42 32.23 16.79 26.78 0.0
5.425 3.301 47.27 150.85 181.89 179.64 0.0224
0 0 0 0 0 0 0
-0.816 0.004 37.05 -6.66 3.83 -10.58 0.0
4.069 4.876 42.12 166.53 154.47 188.34 0.0299
0 0 0 0 0 0 0
-0.113 0.431 38.99 29.89 11.33 2.63 0.0
4.252 4.717 43.56 161.55 162.84 172.93 0.0262
0 0 0 0 0 0 0
-1.528 -1.123 37.39 -6.08 -5.86 7.12 0.0
4.324 4.651 43.61 189.27 167.5 181.22 0.0357
0 0 0 0 0 0 0
0.177 -0.044 41.91 -3.83 -0.39 12.54 0.0
4.683 4.289 46.55 170.9 190.0 170.02 0.0269
0 0 0 0 0 0 0
-0.045 -1.855 36.12 7.99 -11.85 0.88 0.0
5.215 3.624 41.89 178.78 176.66 173.04 0.0326
0 0 0 0 0 0 0
-0.687 -1.007 41.17 13.32 -13.27 20.22 0.0
4.722 4.247 46.92 171.42 178.29 185.33 0.0327
0 0 0 0 0 0 0
0.41 0.602 36.66 -1.03 12.36 -9.7 0.0
4.299 4.674 40.75 175.5 183.31 161.81 0.0242
0 0 0 0 0 0 0
-0.405 -1.558 35.66 4.4 -6.35 28.19 0.0
5.063 3.834 41.39 175.08 172.77 197.44 0.0324
0 0 0 0 0 0 0
0.004 -0.001 41.26 -21.23 12.83 -14.38 0.0
4.436 4.545 46.01 172.6 180.66 170.32 0.0275
0 0 0 0 0 0 0
-0.789 0.575 39.82 -12.19 -3.88 11.02 0.0
3.83 5.066 44.66 169.23 176.92 187.21 0.0281
0 0 0 0 0 0 0
0.761 -1.594 39.74 15.21 4.04 2.43 0.0
5.512 3.154 44.78 175.19 189.56 168.87 0.0296
0 0 0 0 0 0 0
-0.155 -1.105 38.74 -26.29 -15.38 -1.07 0.0
4.978 3.943 44.07 167.98 152.33 170.88 0.0308
0 0 0 0 0 0 0
0.285 0.725 41.87 -15.91 -4.43 12.49 0.0
4.403 4.576 46.1 188.96 171.65 185.45 0.0249
0 0 0 0 0 0 0
0.334 -0.605 40.46 25.51 18.93 16.53 0.0
4.983 3.938 45.18 164.42 169.5 167.42 0.0282
0 0 0 0 0 0 0
0.182 0.09 39.62 -35.09 9.33 7.29 0.0
4.536 4.445 44.24 171.82 165.51 173.5 0.0267
0 0 0 0 0 0 0
-1.499 1.175 43.19 -38.99 -29.32 1.22 0.0
2.915 5.642 48.01 163.01 168.37 181.13 0.028
0 0 0 0 0 0 0
-0.784 0.379 37.93 12.04 2.21 2.28 0.0
3.782 5.101 42.71 162.41 166.51 192.96 0.0287
0 0 0 0 0 0 0
-0.099 -1.021 42.65 -13.28 8.66 4.09 0.0
4.838 4.114 47.99 170.8 170.32 173.71 0.0308
0 0 0 0 0 0 0
1.412 -1.113 44.54 3.52 12.4 29.56 0.0
5.556 3.075 49.1 171.19 172.74 165.62 0.0256
0 0 0 0 0 0 0
-0.842 1.518 44.95 -6.03 5.75 -0.66 0.0
3.226 5.47 49.3 161.09 161.12 170.43 0.0245
0 0 0 0 0 0 0
0.455 0.565 44.41 15.19 12.66 0.87 0.0
4.498 4.483 48.55 178.4 172.82 170.41 0.0245
0 0 0 0 0 0 0
-0.986 0.094 43.15 -3.33 21.58 3.11 0.0
3.98 4.949 48.13 172.18 165.17 159.74 0.0302
0 0 0 0 0 0 0
0.241 -0.869 39.69 -6.71 20.49 -10.75 0.0
5.073 3.821 44.58 160.74 166.61 181.18 0.0286
0 0 0 0 0 0 0
-1.75 0.936 38.2 -12.9 -22.13 11.09 0.0
2.991 5.602 43.13 177.82 179.74 178.78 0.0287
0 0 0 0 0 0 0
-0.225 0.273 41.19 12.02 10.07 4.07 0.0
4.162 4.796 45.81 168.46 178.98 168.5 0.0274
0 0 0 0 0 0 0
0.507 1.333 35.43 4.94 9.69 23.11 0.0
4.055 4.888 39.13 181.33 170.42 169.59 0.0223
0 0 0 0 0 0 0
0.046 -0.096 36.18 -10.57 -6.19 12.44 0.0
4.593 4.386 40.98 187.83 180.13 179.1 0.0274
0 0 0 0 0 0 0
-0.961 -0.071 42.07 -7.53 -0.57 16.32 0.0
4.058 4.885 47.46 155.49 164.72 181.02 0.0306
0 0 0 0 0 0 0
-1.224 0.562 42.61 -9.07 -0.47 35.7 0.0
3.474 5.316 47.74 174.83 183.63 162.1 0.0295
0 0 0 0 0 0 0
1.328 1.092 44.07 0.63 -2.77 -7.36 0.0
4.545 4.435 47.56 171.96 170.55 185.55 0.0207
0 0 0 0 0 0 0
0.63 -0.194 36.51 -9.58 -5.2 -22.54 0.0
4.898 4.043 40.87 193.41 178.18 170.05 0.0262
0 0 0 0 0 0 0
-0.214 -0.348 37.44 -2.16 -6.41 10.32 0.0
4.563 4.417 42.69 170.79 178.26 166.13 0.0302
0 0 0 0 0 0 0
-0.321 -1.168 37.96 18.75 -20.11 8.42 0.0
4.961 3.964 43.32 173.78 164.04 170.7 0.0314
0 0 0 0 0 0 0
-0.584 -0.89 35.96 0.14 -7.2 -3.13 0.0
4.717 4.252 41.48 191.07 155.61 170.09 0.0318
0 0 0 0 0 0 0
-0.02 -1.014 39.76 2.8 -6.69 -2.81 0.0
4.983 3.936 44.92 167.73 158.98 167.16 0.0303
0 0 0 0 0 0 0
-0.652 -0.521 35.35 -7.77 5.43 11.68 0.0
4.429 4.552 40.67 179.55 166.39 181.04 0.0308
0 0 0 0 0 0 0
1.091 -0.806 36.25 -3.38 -1.22 3.93 0.0
5.295 3.505 40.62 179.28 175.27 169.71 0.0257
0 0 0 0 0 0 0
0.468 0.981 42.41 18.41 6.29 -10.78 0.0
4.234 4.733 46.27 188.27 167.11 190.14 0.0232
0 0 0 0 0 0 0
0.199 1.556 42.82 -18.11 -19.17 -16.59 0.0
3.714 5.151 46.59 166.3 202.44 181.8 0.0223
0 0 0 0 0 0 0
0.075 0.015 41.61 23.45 4.15 19.98 0.0
4.452 4.53 46.15 158.44 184.7 169.59 0.0265
0 0 0 0 0 0 0
-0.09 0.989 43.63 -3.84 -5.99 33.32 0.0
3.926 4.991 47.97 180.83 174.58 186.17 0.0252
0 0 0 0 0 0 0
-1.061 0.381 38.85 -6.05 -3.96 2.56 0.0
3.619 5.219 43.55 165.16 163.08 168.23 0.0291
0 0 0 0 0 0 0
1.037 1.313 42.0 -18.74 25.75 11.5 0.0
4.251 4.718 45.53 181.3 174.89 200.3 0.0209
0 0 0 0 0 0 0
-0.42 1.902 40.54 2.94 -5.51 -0.11 0.0
3.128 5.526 44.25 160.27 177.28 174.1 0.0222
0 0 0 0 0 0 0
0.722 0.293 44.17 11.83 0.87 15.08 0.0
4.706 4.265 48.4 183.07 175.95 185.52 0.025
0 0 0 0 0 0 0
0.501 -0.192 43.74 10.01 15.12 -2.78 0.0
4.773 4.189 48.22 162.12 177.07 178.95 0.0263
0 0 0 0 0 0 0
0.899 -1.767 42.09 -5.86 -22.01 -6.22 0.0
5.596 3.002 47.18 173.25 187.42 185.74 0.0286
0 0 0 0 0 0 0
0.055 0.525 44.17 12.25 3.43 12.74 0.0
4.219 4.747 48.58 168.17 171.23 184.21 0.0256
0 0 0 0 0 0 0
0.355 1.79 38.89 -9.71 -14.68 -0.71 0.0
3.755 5.122 42.52 167.95 177.8 184.55 0.0211
0 0 0 0 0 0 0
-0.68 0.443 40.58 3.38 18.42 -11.58 0.0
3.849 5.051 45.45 183.27 192.49 172.99 0.0281
0 0 0 0 0 0 0
-0.159 -0.387 45.0 -10.64 5.66 -11.6 0.0
4.545 4.435 50.08 188.54 180.36 182.28 0.0292
0 0 0 0 0 0 0
0.103 -1.828 38.85 16.61 1.24 0.42 0.0
5.357 3.41 44.46 170.5 171.11 173.73 0.0318
0 0 0 0 0 0 0
1.768 -0.31 42.34 9.11 -3.18 15.61 0.0
5.445 3.269 46.29 185.78 163.09 164.25 0.0227
0 0 0 0 0 0 0
-0.469 -0.554 40.88 34.0 -14.42 13.29 0.0
4.547 4.433 46.15 180.13 168.32 180.16 0.0307
0 0 0 0 0 0 0
-0.446 -0.986 38.58 0.6 -0.9 -4.59 0.0
4.733 4.235 44.09 159.49 174.24 168.9 0.0319
0 0 0 0 0 0 0
-0.183 0.061 41.27 -15.77 -8.59 6.74 0.0
4.348 4.629 46.05 173.49 185.7 174.11 0.0286
0 0 0 0 0 0 0
0.089 -0.021 36.42 2.03 -0.72 1.0 0.0
4.516 4.465 41.29 170.81 182.26 162.45 0.0278
0 0 0 0 0 0 0
0.325 0.609 39.46 -6.85 -6.75 -9.15 0.0
4.368 4.61 43.85 171.18 169.02 177.9 0.0252
0 0 0 0 0 0 0
0.033 -0.138 40.09 -15.79 16.79 -8.46 0.0
4.462 4.52 44.64 164.35 182.55 178.58 0.028
0 0 0 0 0 0 0
-0.637 -0.389 37.49 22.94 -9.02 12.66 0.0
4.331 4.645 42.82 180.2 179.75 176.54 0.0298
0 0 0 0 0 0 0
0.482 0.364 39.58 26.75 -12.39 0.99 0.0
4.612 4.366 43.95 156.56 156.02 166.2 0.0256
0 0 0 0 0 0 0
-1.345 -0.547 40.56 -15.71 -0.76 -2.86 0.0
4.064 4.88 46.32 152.25 165.05 166.04 0.032
0 0 0 0 0 0 0
-0.786 0.467 43.71 0.07 10.99 -10.63 0.0
3.85 5.05 48.47 168.56 178.66 183.12 0.0281
0 0 0 0 0 0 0
0.214 -0.645 36.29 2.91 -9.9 -1.88 0.0
4.863 4.085 41.08 162.08 175.21 178.79 0.0279
0 0 0 0 0 0 0
0.124 -1.502 41.26 -23.84 -11.79 2.47 0.0
5.225 3.609 46.7 159.12 170.48 171.31 0.0311
0 0 0 0 0 0 0
-0.603 0.186 43.84 -30.06 10.81 -9.88 0.0
4.089 4.859 48.89 157.94 181.44 167.92 0.0295
0 0 0 0 0 0 0
0.862 -1.44 36.83 -0.42 17.46 17.56 0.0
5.533 3.116 41.74 185.43 170.42 185.01 0.0287
0 0 0 0 0 0 0
-0.274 0.182 40.48 16.27 17.95 -7.81 0.0
4.323 4.652 45.18 172.81 172.72 172.76 0.0282
0 0 0 0 0 0 0
-1.851 0.013 44.55 6.15 1.86 -0.58 0.0
3.406 5.36 50.08 169.37 161.61 187.76 0.0326
0 0 0 0 0 0 0
-0.452 -1.866 35.32 -2.46 9.76 -17.16 0.0
5.073 3.822 41.29 173.52 183.67 172.37 0.0338
0 0 0 0 0 0 0
-0.29 -1.379 41.2 -1.58 0.17 8.61 0.0
5.032 3.873 46.83 173.04 174.08 158.41 0.032
0 0 0 0 0 0 0
0.767 -0.47 38.21 -3.4 -20.05 -24.19 0.0
5.101 3.782 42.75 178.71 173.01 173.88 0.0266
0 0 0 0 0 0 0
0.412 1.152 44.47 -16.98 8.34 13.04 0.0
4.014 4.921 48.38 172.33 181.45 173.73 0.0226
0 0 0 0 0 0 0
-0.411 0.22 39.22 -22.01 21.95 -11.88 0.0
4.058 4.885 43.87 169.85 169.3 184.7 0.0277
0 0 0 0 0 0 0
1.731 0.106 42.57 -11.03 -22.41 2.94 0.0
5.306 3.49 46.19 160.83 163.75 166.37 0.022
0 0 0 0 0 0 0
-0.471 0.631 40.03 -0.06 -5.25 30.62 0.0
3.903 5.009 44.83 180.65 184.66 190.73 0.0273
0 0 0 0 0 0 0
-1.822 -0.456 44.31 -14.9 -2.54 1.85 0.0
3.937 4.982 50.28 182.34 175.95 184.9 0.0341
0 0 0 0 0 0 0
-0.151 -0.099 41.68 12.33 -25.65 1.03 0.0
4.556 4.424 46.43 165.05 164.42 178.36 0.028
0 0 0 0 0 0 0
-0.701 -1.195 35.81 -0.87 -13.54 -9.01 0.0
4.691 4.281 41.46 168.8 174.87 168.01 0.0328
0 0 0 0 0 0 0
0.268 0.342 42.82 -4.3 -7.54 4.57 0.0
4.486 4.495 47.25 169.39 188.87 176.2 0.0258
0 0 0 0 0 0 0
0.258 1.163 44.86 -4.78 8.45 3.3 0.0
3.994 4.936 48.85 163.69 181.73 160.95 0.0232
0 0 0 0 0 0 0
0.335 -1.061 37.84 -25.05 -21.18 9.62 0.0
5.267 3.547 42.95 202.1 166.46 175.44 0.0294
0 0 0 0 0 0 0
-0.179 0.303 38.23 11.95 2.73 -3.37 0.0
4.284 4.687 42.76 172.37 163.44 164.39 0.0272
0 0 0 0 0 0 0
-0.137 0.497 35.3 -1.56 17.04 11.91 0.0
4.127 4.827 39.83 156.62 175.73 168.41 0.0264
0 0 0 0 0 0 0
-0.137 -0.048 41.44 -5.98 0.17 -0.23 0.0
4.525 4.456 46.47 178.77 170.36 171.16 0.0281
0 0 0 0 0 0 0
-1.65 0.618 35.07 -4.02 35.14 20.18 0.0
3.213 5.477 40.11 179.16 164.65 166.97 0.0289
0 0 0 0 0 0 0
-0.77 0.162 40.29 0.49 -14.79 28.15 0.0
3.947 4.974 45.43 173.2 169.29 173.66 0.0292
0 0 0 0 0 0 0
0.537 0.866 36.34 -25.36 -11.44 16.55 0.0
4.342 4.634 40.28 158.72 167.96 173.54 0.0237
0 0 0 0 0 0 0
-0.058 0.935 41.82 -23.21 11.97 13.24 0.0
4.047 4.894 46.02 190.36 169.39 167.41 0.0248
0 0 0 0 0 0 0
-0.815 0.75 44.02 10.31 -21.41 4.42 0.0
3.792 5.095 48.84 180.93 168.44 160.35 0.0276
0 0 0 0 0 0 0
0.231 1.423 44.71 -20.23 2.2 -22.62 0.0
3.847 5.052 48.47 162.13 167.76 189.29 0.0224
0 0 0 0 0 0 0
0.065 0.431 35.44 3.89 5.12 -12.21 0.0
4.279 4.693 39.8 171.65 180.26 169.73 0.0263
0 0 0 0 0 0 0
0.729 -1.062 42.21 -10.2 -8.42 -14.58 0.0
5.266 3.55 46.92 188.51 171.77 168.8 0.0279
0 0 0 0 0 0 0
-1.312 1.223 38.79 14.49 -7.59 12.06 0.0
3.139 5.521 43.47 188.14 187.02 186.89 0.0268
0 0 0 0 0 0 0
0.216 -0.478 41.86 7.8 -28.6 4.14 0.0
4.968 3.955 46.71 177.57 181.78 165.95 0.0287
0 0 0 0 0 0 0
-1.155 0.414 42.91 -2.29 -5.59 -1.22 0.0
3.675 5.18 47.8 157.42 174.39 171.98 0.029
0 0 0 0 0 0 0
0.088 0.145 41.55 7.33 4.7 25.06 0.0
4.514 4.466 46.08 169.5 149.51 156.99 0.0266
0 0 0 0 0 0 0
1.478 1.185 44.47 18.88 1.45 14.33 0.0
4.697 4.274 47.79 173.25 172.44 160.94 0.0199
0 0 0 0 0 0 0
1.172 0.921 39.44 5.99 6.39 5.7 0.0
4.598 4.381 42.91 181.15 167.81 165.31 0.0211
0 0 0 0 0 0 0
1.257 -1.001 39.32 28.02 15.25 14.05 0.0
5.47 3.227 43.64 184.24 179.81 188.76 0.0255
0 0 0 0 0 0 0
-1.633 -0.934 41.61 -16.86 8.74 23.99 0.0
4.056 4.886 47.78 191.26 164.73 185.72 0.0354
0 0 0 0 0 0 0
1.608 -0.864 42.2 12.57 4.5 9.12 0.0
5.522 3.136 46.42 177.66 175.13 164.21 0.0245
0 0 0 0 0 0 0
-0.255 -1.2 38.65 -16.62 0.08 -1.65 0.0
4.939 3.991 44.0 165.51 164.15 165.94 0.0323
0 0 0 0 0 0 0
0.571 -1.139 39.24 14.88 7.36 -4.84 0.0
5.259 3.56 44.29 178.25 179.27 167.56 0.0294
0 0 0 0 0 0 0
-0.452 -1.79 36.31 -2.35 -15.5 3.05 0.0
5.143 3.725 42.05 167.71 173.88 177.14 0.0335
0 0 0 0 0 0 0
-0.315 0.177 38.3 -4.89 -10.34 30.59 0.0
4.138 4.818 43.35 164.8 176.13 173.27 0.0289
0 0 0 0 0 0 0
0.351 1.288 41.42 -13.99 14.61 -15.49 0.0
3.945 4.977 45.14 167.04 172.06 166.26 0.0226
0 0 0 0 0 0 0
-0.155 -1.03 36.13 0.25 7.89 -26.03 0.0
4.837 4.114 41.41 160.73 173.33 178.2 0.0306
0 0 0 0 0 0 0
-0.001 0.0 44.8 20.46 9.93 14.4 0.0
4.398 4.581 49.48 170.43 183.34 168.92 0.0275
0 0 0 0 0 0 0
0.278 1.767 38.84 16.16 -24.84 8.03 0.0
3.69 5.168 42.45 167.98 168.9 167.53 0.0217
0 0 0 0 0 0 0
0.932 0.387 43.3 0.07 -4.91 -13.02 0.0
4.694 4.277 47.2 178.58 183.45 187.78 0.0238
0 0 0 0 0 0 0
-0.083 0.224 39.4 11.73 -16.45 -13.02 0.0
4.298 4.675 44.15 166.47 159.99 178.43 0.0273
0 0 0 0 0 0 0
-0.788 -0.068 43.93 16.06 7.89 3.41 0.0
4.092 4.857 48.95 175.49 172.57 175.47 0.0293
0 0 0 0 0 0 0
-1.652 0.772 37.3 31.35 -12.94 9.71 0.0
3.028 5.582 42.22 165.58 171.28 166.01 0.0288
0 0 0 0 0 0 0
-0.256 -0.238 42.55 5.44 0.24 12.94 0.0
4.438 4.543 47.4 184.2 181.3 186.77 0.0292
0 0 0 0 0 0 0
-1.251 0.198 35.95 15.8 -13.94 -2.23 0.0
3.874 5.032 41.22 195.23 191.59 178.04 0.0307
0 0 0 0 0 0 0
-0.412 -0.148 42.59 -14.2 13.03 22.98 0.0
4.374 4.604 47.81 199.51 184.51 167.82 0.0297
0 0 0 0 0 0 0
1.035 1.666 42.99 16.48 8.01 -8.11 0.0
4.204 4.76 46.22 177.9 160.17 177.97 0.0195
0 0 0 0 0 0 0
-1.208 -0.707 41.48 23.7 13.78 7.56 0.0
4.302 4.672 47.14 172.25 177.81 171.41 0.0326
0 0 0 0 0 0 0
1.354 -1.078 39.92 -13.6 11.64 3.28 0.0
5.552 3.083 44.44 168.35 164.33 186.59 0.0263
0 0 0 0 0 0 0
0.007 0.712 39.72 3.26 -9.15 2.02 0.0
4.144 4.813 44.03 157.84 163.95 175.64 0.0252
0 0 0 0 0 0 0
0.216 0.22 44.88 -1.4 3.17 14.22 0.0
4.511 4.47 49.36 172.84 165.21 188.28 0.0262
0 0 0 0 0 0 0
0.044 -0.002 37.61 -28.16 1.89 -11.7 0.0
4.537 4.444 42.13 176.69 175.92 165.22 0.0274
0 0 0 0 0 0 0
-1.637 0.111 38.44 -16.27 2.57 4.83 0.0
3.529 5.28 43.71 177.79 168.69 145.25 0.0316
0 0 0 0 0 0 0
0.663 0.191 36.67 -2.1 19.25 19.04 0.0
4.637 4.339 41.05 158.25 181.0 184.36 0.0253
0 0 0 0 0 0 0
0.192 -0.294 44.28 -0.33 13.79 -9.17 0.0
4.732 4.236 48.94 185.88 168.69 183.96 0.0275
0 0 0 0 0 0 0
1.351 -0.325 40.1 -8.8 10.68 3.02 0.0
5.229 3.603 44.21 166.55 188.37 166.05 0.0244
0 0 0 0 0 0 0
0.674 1.185 42.36 -7.53 -4.15 11.3 0.0
4.181 4.78 46.19 163.19 170.23 187.69 0.022
0 0 0 0 0 0 0
-0.569 0.24 44.74 -16.67 -7.05 -2.56 0.0
4.091 4.858 49.55 168.15 173.48 160.66 0.0287
0 0 0 0 0 0 0
0.295 0.149 44.53 -24.65 5.88 1.8 0.0
4.498 4.483 48.96 154.71 170.49 167.86 0.0261
0 0 0 0 0 0 0
1.014 0.066 39.98 3.41 -4.75 12.57 0.0
4.823 4.131 44.08 179.76 166.97 176.89 0.0248
0 0 0 0 0 0 0
0.948 0.02 40.18 0.76 -9.4 -10.7 0.0
4.89 4.052 44.33 171.79 192.95 164.06 0.0242
0 0 0 0 0 0 0
0.838 -1.114 43.03 -14.36 18.86 11.66 0.0
5.391 3.356 47.74 166.74 188.26 161.0 0.0279
0 0 0 0 0 0 0
-1.56 -0.428 40.44 -24.89 22.61 -19.53 0.0
3.749 5.126 46.29 156.7 175.67 188.5 0.0329
0 0 0 0 0 0 0
0.1 -0.069 37.06 9.77 -2.27 -22.66 0.0
4.602 4.376 41.7 163.19 187.73 173.88 0.0273
0 0 0 0 0 0 0
0.018 -0.03 38.57 -0.75 10.07 -13.62 0.0
4.446 4.535 43.29 172.03 168.05 168.68 0.0277
0 0 0 0 0 0 0
-0.373 -0.033 44.87 19.69 -1.12 15.89 0.0
4.401 4.578 50.22 175.29 178.39 180.49 0.0293
0 0 0 0 0 0 0
0.299 -0.898 43.64 8.0 18.45 3.61 0.0
5.008 3.905 48.62 181.97 163.29 160.89 0.0291
0 0 0 0 0 0 0
-0.446 0.028 41.27 -0.94 1.57 -3.0 0.0
4.157 4.801 46.43 175.68 170.36 176.35 0.0293
0 0 0 0 0 0 0
0.656 -0.201 38.36 -1.24 -13.66 -38.83 0.0
4.808 4.149 42.83 172.35 161.84 163.61 0.0265
0 0 0 0 0 0 0
-1.018 1.621 40.54 12.27 -10.3 -3.65 0.0
3.034 5.579 44.55 179.95 172.83 175.71 0.0241
0 0 0 0 0 0 0
0.926 1.16 37.69 -34.91 5.29 3.77 0.0
4.44 4.54 41.22 188.79 167.17 172.67 0.0208
0 0 0 0 0 0 0
-0.359 -0.18 42.16 5.38 -27.14 -9.15 0.0
4.486 4.495 47.07 170.77 174.83 168.46 0.0284
0 0 0 0 0 0 0
0.131 -0.924 35.51 -4.65 -20.61 6.6 0.0
4.934 3.997 40.53 179.6 173.05 165.22 0.0296
0 0 0 0 0 0 0
-0.816 0.105 35.33 -2.85 27.22 -31.83 0.0
3.959 4.965 40.28 179.07 174.18 158.58 0.0295
0 0 0 0 0 0 0
1.958 -0.265 40.93 5.14 -7.2 -0.67 0.0
5.499 3.177 44.69 152.28 162.35 154.94 0.0226
0 0 0 0 0 0 0
-0.732 0.15 39.41 -11.72 -17.5 -15.4 0.0
4.134 4.821 44.59 169.16 190.92 181.38 0.029
0 0 0 0 0 0 0
-0.273 1.67 36.33 -11.39 -3.91 3.93 0.0
3.438 5.339 40.34 176.48 170.95 183.95 0.0234
0 0 0 0 0 0 0
0.403 0.793 44.17 -3.59 -11.75 8.12 0.0
4.285 4.687 48.36 174.02 167.28 166.43 0.0242
0 0 0 0 0 0 0
-0.124 -0.043 35.56 -3.31 -7.54 -10.47 0.0
4.399 4.581 40.3 166.56 164.31 177.58 0.0282
0 0 0 0 0 0 0
0.501 1.43 42.26 -11.14 -6.38 11.13 0.0
4.037 4.903 45.95 176.91 171.56 188.3 0.0218
0 0 0 0 0 0 0
1.62 -0.015 38.87 7.54 0.04 -9.14 0.0
5.185 3.667 42.62 167.46 178.58 183.74 0.0225
0 0 0 0 0 0 0
-0.196 -1.386 39.57 21.12 4.81 2.32 0.0
5.074 3.819 45.17 174.92 168.46 166.61 0.0317
0 0 0 0 0 0 0
0.989 -0.963 42.65 17.07 5.11 18.14 0.0
5.397 3.347 47.29 168.5 166.15 181.95 0.0276
0 0 0 0 0 0 0
0.575 0.809 35.02 -11.57 -6.64 -6.34 0.0
4.333 4.642 39.01 172.73 167.9 186.55 0.0234
0 0 0 0 0 0 0
0.575 0.923 40.82 -10.09 -0.41 11.63 0.0
4.34 4.637 44.66 179.68 175.3 165.89 0.0232
0 0 0 0 0 0 0
-0.92 -1.48 42.58 14.89 -13.77 21.16 0.0
4.809 4.148 48.55 173.53 168.07 165.71 0.0342
0 0 0 0 0 0 0
-0.35 0.269 43.78 -25.29 10.94 8.42 0.0
4.075 4.872 48.49 170.29 164.02 173.06 0.028
0 0 0 0 0 0 0
-0.346 0.467 40.61 6.98 9.1 -22.19 0.0
4.077 4.869 45.1 168.4 167.36 153.24 0.0271
0 0 0 0 0 0 0
0.417 0.485 44.31 13.87 -2.96 -3.87 0.0
4.463 4.518 48.7 175.25 165.17 175.5 0.0257
0 0 0 0 0 0 0
-0.551 -0.213 36.2 2.89 2.54 8.19 0.0
4.272 4.698 41.29 177.75 181.01 177.9 0.0297
0 0 0 0 0 0 0
-0.623 -0.588 35.71 -21.56 -5.01 12.04 0.0
4.455 4.526 41.31 181.4 159.72 186.54 0.0317
0 0 0 0 0 0 0
0.085 0.067 41.82 22.12 -3.35 -23.78 0.0
4.472 4.509 46.41 178.14 166.39 162.78 0.0274
0 0 0 0 0 0 0
-0.3 0.98 37.6 -5.26 6.86 -0.36 0.0
3.845 5.054 41.87 164.07 166.66 164.91 0.0256
0 0 0 0 0 0 0
-0.61 0.379 40.17 -12.88 12.34 -4.53 0.0
3.989 4.941 44.93 170.74 174.64 172.61 0.0284
0 0 0 0 0 0 0
-0.291 0.829 36.96 -12.29 -3.17 5.3 0.0
3.918 4.998 41.29 176.67 147.96 175.0 0.0262
0 0 0 0 0 0 0
-0.263 -0.289 37.55 -23.91 5.77 -15.9 0.0
4.49 4.491 42.42 158.64 184.88 168.63 0.0288
0 0 0 0 0 0 0
-0.24 -0.436 37.47 -10.49 5.96 5.53 0.0
4.52 4.46 42.59 168.8 165.82 181.75 0.0301
0 0 0 0 0 0 0
0.325 0.145 38.9 13.55 -10.42 -6.75 0.0
4.601 4.377 43.28 171.95 175.33 187.91 0.0263
0 0 0 0 0 0 0
-0.061 -0.639 39.11 22.03 -7.0 -15.59 0.0
4.78 4.181 44.2 177.42 171.54 182.61 0.0303
0 0 0 0 0 0 0
-0.454 -0.452 42.62 -6.99 13.91 12.87 0.0
4.465 4.516 47.8 181.56 174.47 169.27 0.0299
0 0 0 0 0 0 0
0.371 -0.138 36.94 -11.88 30.32 13.46 0.0
4.765 4.199 41.28 166.05 167.13 169.41 0.0263
0 0 0 0 0 0 0
-1.393 1.17 39.03 3.05 25.95 -3.29 0.0
3.086 5.551 43.67 188.18 168.68 177.04 0.0269
0 0 0 0 0 0 0
-1.175 -1.424 36.37 10.8 -16.55 18.95 0.0
4.661 4.312 42.43 193.87 184.58 182.87 0.0346
0 0 0 0 0 0 0
-0.006 -0.273 42.71 23.66 -6.21 -16.85 0.0
4.652 4.323 47.47 166.9 183.33 163.0 0.0278
0 0 0 0 0 0 0
-0.517 1.313 44.43 -1.64 0.29 2.77 0.0
3.477 5.313 48.67 181.42 190.3 171.54 0.0244
0 0 0 0 0 0 0
0.151 1.639 42.8 -9.35 1.67 5.52 0.0
3.727 5.142 46.61 180.25 172.31 173.51 0.0226
0 0 0 0 0 0 0
-0.559 -0.041 38.15 -21.39 2.69 -16.64 0.0
4.246 4.723 43.12 188.84 170.6 179.64 0.0288
0 0 0 0 0 0 0
-0.334 -0.69 40.67 -4.42 4.32 26.04 0.0
4.746 4.22 45.86 179.91 174.6 179.15 0.0305
0 0 0 0 0 0 0
0.379 0.343 35.6 18.5 8.2 10.69 0.0
4.543 4.437 40.05 176.29 169.33 177.28 0.0254
0 0 0 0 0 0 0
-0.927 1.513 44.52 0.62 10.14 16.98 0.0
3.212 5.479 48.85 175.04 164.67 183.87 0.0251
0 0 0 0 0 0 0
0.3 -0.509 37.16 6.07 5.18 12.48 0.0
4.871 4.075 41.99 164.1 186.5 183.43 0.0284
0 0 0 0 0 0 0
-0.081 -0.333 39.98 6.47 0.46 12.27 0.0
4.653 4.323 44.94 169.0 178.18 162.92 0.0287
0 0 0 0 0 0 0
-0.98 -0.415 44.68 32.58 -2.82 4.11 0.0
4.255 4.715 50.19 165.13 153.99 173.31 0.0315
0 0 0 0 0 0 0
-0.324 -0.648 35.83 13.7 -17.45 -19.97 0.0
4.738 4.228 41.12 188.81 186.82 183.16 0.0307
0 0 0 0 0 0 0
-1.016 1.413 39.08 18.82 9.63 4.59 0.0
3.119 5.531 43.41 178.38 191.69 185.26 0.0252
0 0 0 0 0 0 0
-0.067 0.883 39.7 -26.16 -9.02 6.19 0.0
3.93 4.989 43.91 170.76 178.55 185.64 0.0251
0 0 0 0 0 0 0
-0.587 -0.641 42.68 -3.89 7.28 20.22 0.0
4.587 4.392 48.2 166.62 164.81 187.79 0.0312
0 0 0 0 0 0 0
-0.31 0.169 41.45 0.21 -1.78 8.87 0.0
4.238 4.73 46.14 173.1 183.49 181.46 0.0278
0 0 0 0 0 0 0
-1.551 0.795 35.29 -4.06 -5.54 -24.93 0.0
3.135 5.523 39.93 179.55 171.49 178.03 0.0279
0 0 0 0 0 0 0
-0.474 1.083 39.8 9.14 -4.57 -9.0 0.0
3.669 5.184 44.07 188.3 173.67 167.38 0.0251
0 0 0 0 0 0 0
0.605 -0.475 37.79 4.68 -23.15 21.64 0.0
4.991 3.928 42.59 185.89 175.52 174.02 0.027
0 0 0 0 0 0 0
-0.159 0.498 40.32 5.2 -9.81 -11.82 0.0
4.148 4.809 44.86 180.44 176.1 190.51 0.0271
0 0 0 0 0 0 0
0.712 1.719 39.2 -14.3 -8.19 -14.09 0.0
3.918 4.999 42.57 171.32 182.01 170.06 0.0203
0 0 0 0 0 0 0
1.746 0.08 41.84 -1.2 10.69 13.6 0.0
5.209 3.633 45.45 165.34 166.94 184.13 0.0219
0 0 0 0 0 0 0
0.941 0.142 44.15 12.63 2.15 4.16 0.0
4.878 4.066 48.25 167.84 189.05 166.33 0.0242
0 0 0 0 0 0 0
0.068 1.052 35.8 -17.47 -3.83 5.01 0.0
3.994 4.937 39.87 155.78 165.74 174.91 0.0242
0 0 0 0 0 0 0
0.22 1.808 38.6 13.21 -25.02 16.77 0.0
3.655 5.193 42.12 171.32 187.22 163.25 0.0211
0 0 0 0 0 0 0
-0.642 0.733 40.28 5.24 -7.52 0.91 0.0
3.65 5.197 44.9 162.7 169.1 182.58 0.0266
0 0 0 0 0 0 0
1.615 -0.578 35.57 12.92 13.82 11.24 0.0
5.439 3.278 39.49 167.67 185.94 170.44 0.0234
0 0 0 0 0 0 0
0.22 0.394 37.32 -2.1 7.95 -11.59 0.0
4.451 4.529 41.6 169.08 166.22 168.69 0.0262
0 0 0 0 0 0 0
-0.639 1.887 44.24 -6.33 22.66 5.57 0.0
2.931 5.633 48.11 163.89 180.59 188.81 0.0218
0 0 0 0 0 0 0
0.201 -0.16 41.93 -3.98 -9.35 19.32 0.0
4.664 4.311 46.82 180.36 169.67 171.4 0.0281
0 0 0 0 0 0 0
1.387 0.687 41.14 5.38 16.71 16.25 0.0
4.802 4.156 44.71 184.2 167.11 169.51 0.0216
0 0 0 0 0 0 0
0.007 0.002 41.59 0.84 34.77 -18.01 0.0
4.378 4.601 46.21 177.06 166.63 172.05 0.0272
0 0 0 0 0 0 0
-0.897 -0.931 44.56 14.1 7.13 -4.87 0.0
4.543 4.438 50.29 174.72 158.67 172.0 0.0334
0 0 0 0 0 0 0
-0.771 -0.659 39.13 11.09 1.83 -2.86 0.0
4.474 4.506 44.67 170.72 167.36 180.86 0.032
0 0 0 0 0 0 0
0.58 -0.083 40.54 27.26 3.08 -11.34 0.0
4.928 4.005 44.83 175.27 177.57 167.32 0.0261
0 0 0 0 0 0 0
0.135 0.497 35.65 5.2 -14.16 -4.13 0.0
4.292 4.68 40.05 175.36 169.94 180.6 0.0257
0 0 0 0 0 0 0
0.482 0.538 38.48 24.47 0.36 19.47 0.0
4.443 4.538 42.58 165.05 174.16 166.05 0.0243
0 0 0 0 0 0 0
0.066 -0.359 43.47 4.12 1.09 0.79 0.0
4.738 4.228 48.36 164.81 156.74 181.62 0.0285
0 0 0 0 0 0 0
0.661 -0.753 41.95 -1.96 -10.45 6.88 0.0
5.15 3.714 46.73 181.32 187.5 177.16 0.0275
0 0 0 0 0 0 0
-0.501 -0.54 35.97 -4.07 -0.33 2.34 0.0
4.519 4.462 41.1 175.67 167.98 160.6 0.0303
0 0 0 0 0 0 0
0.651 0.493 41.51 -3.43 -13.07 -5.68 0.0
4.574 4.405 45.5 176.47 166.13 174.17 0.0237
0 0 0 0 0 0 0
-0.818 -1.162 37.42 -15.83 17.33 -22.74 0.0
4.698 4.273 43.31 184.14 178.43 168.91 0.0335
0 0 0 0 0 0 0
0.678 0.99 37.21 -21.84 -4.48 -37.11 0.0
4.355 4.622 41.02 175.17 172.53 173.77 0.0228
0 0 0 0 0 0 0
0.98 -1.289 43.31 7.72 3.12 -1.6 0.0
5.377 3.38 48.14 182.19 176.63 173.87 0.0277
0 0 0 0 0 0 0
1.28 -1.442 40.06 10.8 -9.64 -6.9 0.0
5.551 3.086 44.61 157.21 186.37 178.39 0.0274
0 0 0 0 0 0 0
1.912 -0.538 37.72 -26.02 -9.25 -28.84 0.0
5.549 3.089 41.44 173.51 176.59 165.37 0.0226
0 0 0 0 0 0 0
0.536 -1.734 36.02 2.02 14.37 5.49 0.0
5.433 3.287 41.15 178.7 162.42 169.43 0.03
0 0 0 0 0 0 0
1.491 -0.962 44.38 -3.81 2.21 -3.33 0.0
5.551 3.085 48.44 181.02 166.53 174.75 0.0248
0 0 0 0 0 0 0
-0.157 -0.135 40.43 -30.08 6.58 -13.77 0.0
4.416 4.563 45.29 174.85 184.53 163.87 0.0282
0 0 0 0 0 0 0
-0.024 -0.534 36.99 5.76 -14.92 6.56 0.0
4.818 4.137 42.13 184.65 176.81 176.46 0.0289
0 0 0 0 0 0 0
-0.004 1.799 38.18 -12.35 12.13 -8.07 0.0
3.5 5.298 41.81 174.72 163.64 165.35 0.0219
0 0 0 0 0 0 0
0.047 1.319 41.82 18.85 -18.64 -10.69 0.0
3.88 5.027 45.68 172.09 168.95 169.73 0.0231
0 0 0 0 0 0 0
-0.825 -1.184 37.88 3.81 -19.51 9.24 0.0
4.628 4.35 43.71 177.43 186.89 157.85 0.0334
0 0 0 0 0 0 0
0.559 -0.612 43.16 20.81 24.4 -7.39 0.0
5.054 3.846 47.75 165.37 188.81 179.81 0.0276
0 0 0 0 0 0 0
-1.505 0.646 42.62 -12.13 -5.66 -9.51 0.0
3.359 5.389 47.49 175.18 168.31 186.22 0.0292
0 0 0 0 0 0 0
0.3 1.47 38.37 -0.91 9.6 -12.47 0.0
3.81 5.08 42.21 171.55 155.86 191.29 0.0219
0 0 0 0 0 0 0
-0.466 1.041 44.94 6.42 -22.26 -10.68 0.0
3.695 5.166 49.34 181.58 172.29 182.07 0.0261
0 0 0 0 0 0 0
0.443 0.823 36.5 13.46 14.98 15.84 0.0
4.174 4.787 40.52 197.12 166.91 171.86 0.0237
0 0 0 0 0 0 0
0.54 -0.229 38.21 -11.25 1.63 -23.38 0.0
4.804 4.154 42.62 166.35 186.29 190.41 0.0263
0 0 0 0 0 0 0
-0.626 1.878 40.66 7.96 6.06 24.64 0.0
3.116 5.533 44.52 168.88 159.2 163.12 0.023
0 0 0 0 0 0 0
-0.215 -0.091 39.27 0.92 8.22 3.23 0.0
4.272 4.7 44.33 161.22 185.73 178.15 0.0291
0 0 0 0 0 0 0
-1.371 0.627 41.95 7.53 -21.42 5.41 0.0
3.365 5.385 46.94 186.52 168.76 176.73 0.0288
0 0 0 0 0 0 0
0.05 -0.015 35.04 -3.28 11.57 -4.31 0.0
4.468 4.512 39.59 184.16 171.86 181.16 0.0271
0 0 0 0 0 0 0
0.457 -0.2 36.47 27.03 -2.2 24.92 0.0
4.847 4.102 40.94 170.8 184.59 177.68 0.0266
0 0 0 0 0 0 0
1.919 -0.531 43.88 4.3 5.51 -7.49 0.0
5.428 3.297 47.78 165.23 172.28 194.39 0.0228
0 0 0 0 0 0 0
0.449 -0.469 41.44 -19.0 -15.7 -1.41 0.0
4.95 3.978 46.1 185.98 172.97 191.84 0.027
0 0 0 0 0 0 0
-0.51 -0.157 44.27 -0.73 -15.01 0.25 0.0
4.298 4.676 49.47 177.65 164.4 192.37 0.0299
0 0 0 0 0 0 0
-0.253 0.422 42.21 14.31 7.53 -5.66 0.0
4.074 4.872 46.92 182.69 182.72 174.9 0.0274
0 0 0 0 0 0 0
-0.503 1.36 37.82 8.33 -16.58 5.21 0.0
3.515 5.289 41.89 176.69 160.64 180.7 0.0243
0 0 0 0 0 0 0
0.208 0.07 44.64 17.85 -17.17 -5.9 0.0
4.551 4.429 49.38 174.84 172.96 174.62 0.0275
0 0 0 0 0 0 0
0.25 -0.994 43.1 -11.37 10.5 -7.28 0.0
5.067 3.829 48.27 164.53 171.6 165.11 0.0301
0 0 0 0 0 0 0
0.018 1.42 44.21 -17.77 29.83 -28.27 0.0
3.809 5.082 48.06 162.31 172.1 156.98 0.0236
0 0 0 0 0 0 0
0.332 0.084 39.65 14.8 11.7 -7.5 0.0
4.681 4.292 44.09 175.58 178.5 169.23 0.0262
0 0 0 0 0 0 0
-1.036 -1.701 42.73 7.9 21.92 24.77 0.0
4.761 4.203 49.01 173.87 173.67 159.86 0.036
0 0 0 0 0 0 0
-0.417 0.447 41.57 -3.47 -35.21 10.49 0.0
4.006 4.927 46.2 168.98 176.95 164.37 0.0275
0 0 0 0 0 0 0
0.286 -1.902 39.95 1.34 -17.18 1.72 0.0
5.428 3.298 45.24 172.63 170.44 174.34 0.0313
0 0 0 0 0 0 0
0.324 1.074 39.01 4.95 -2.27 -14.55 0.0
4.045 4.896 42.92 147.92 163.84 174.92 0.0233
0 0 0 0 0 0 0
-0.089 -0.019 41.32 13.37 14.02 6.58 0.0
4.519 4.462 46.1 163.93 171.71 174.95 0.0278
0 0 0 0 0 0 0
-0.128 -0.032 39.87 38.54 3.79 6.33 0.0
4.436 4.545 44.67 177.33 197.21 188.22 0.0276
0 0 0 0 0 0 0
0.65 0.719 41.46 -11.29 16.02 14.61 0.0
4.381 4.596 45.5 165.7 179.89 174.46 0.0235
0 0 0 0 0 0 0
0.278 0.516 38.49 1.48 -14.9 -6.87 0.0
4.379 4.599 42.77 168.04 160.94 177.71 0.0248
0 0 0 0 0 0 0
-0.236 -0.188 42.27 2.78 -1.61 18.39 0.0
4.562 4.418 47.01 180.38 189.33 177.43 0.0289
0 0 0 0 0 0 0
-0.076 0.304 44.39 17.58 1.44 -0.75 0.0
4.363 4.615 49.01 163.69 168.57 178.88 0.0272
0 0 0 0 0 0 0
0.319 -1.851 39.59 -17.75 3.17 -4.27 0.0
5.454 3.253 45.0 171.04 182.12 164.6 0.0311
0 0 0 0 0 0 0
1.142 1.555 40.61 -6.39 -9.95 -3.31 0.0
4.319 4.656 43.66 190.6 167.33 158.17 0.0191
0 0 0 0 0 0 0
0.155 -1.345 42.49 -2.19 -15.41 4.04 0.0
5.162 3.7 47.75 186.88 172.08 161.35 0.0311
0 0 0 0 0 0 0
-1.591 -0.672 37.05 6.97 8.0 12.96 0.0
3.996 4.936 43.11 176.57 166.95 166.54 0.0345
0 0 0 0 0 0 0
0.432 0.69 36.68 23.46 -7.0 -5.11 0.0
4.401 4.579 40.7 174.51 172.36 197.76 0.0239
0 0 0 0 0 0 0
0.985 1.416 37.15 -12.31 -3.34 9.66 0.0
4.324 4.651 40.52 181.21 179.15 160.47 0.0207
0 0 0 0 0 0 0
-0.369 -1.639 38.57 -11.63 12.81 -26.1 0.0
5.077 3.816 44.22 179.1 185.45 189.72 0.0324
0 0 0 0 0 0 0
-0.615 0.472 35.23 -2.58 -2.16 -11.02 0.0
3.817 5.075 39.88 175.24 170.65 180.64 0.0282
0 0 0 0 0 0 0
-0.045 -0.009 43.45 3.6 -14.97 17.07 0.0
4.6 4.378 47.95 170.38 178.25 178.56 0.0274
0 0 0 0 0 0 0
0.452 0.268 40.73 -17.0 7.99 -1.87 0.0
4.59 4.389 45.14 171.67 185.9 184.68 0.0254
0 0 0 0 0 0 0
0.071 0.024 42.6 -0.54 29.71 -21.21 0.0
4.433 4.546 47.3 162.9 178.13 177.63 0.0279
0 0 0 0 0 0 0
0.223 0.707 40.47 -17.75 7.78 3.94 0.0
4.207 4.756 44.75 157.36 174.7 185.62 0.0246
0 0 0 0 0 0 0
1.024 1.178 36.66 10.41 -7.92 -15.59 0.0
4.442 4.539 40.3 171.34 182.2 174.41 0.0214
0 0 0 0 0 0 0
-1.064 -1.591 43.52 -7.54 -6.97 4.22 0.0
4.723 4.245 49.83 171.43 165.31 175.48 0.0361
0 0 0 0 0 0 0
0.277 -0.084 42.79 -15.37 6.22 -16.52 0.0
4.654 4.321 47.37 169.22 173.81 170.18 0.0268
0 0 0 0 0 0 0
-0.001 -0.0 37.7 21.52 8.51 34.91 0.0
4.454 4.526 42.55 177.41 189.82 172.31 0.0272
0 0 0 0 0 0 0
-0.497 -0.575 39.32 -3.09 -13.06 -13.73 0.0
4.609 4.369 44.49 187.04 167.37 176.05 0.0307
0 0 0 0 0 0 0
-0.288 0.381 44.84 4.35 -15.09 11.65 0.0
4.044 4.896 49.63 173.15 174.26 167.53 0.0274
0 0 0 0 0 0 0
-0.504 -0.111 40.01 -15.95 20.66 13.86 0.0
4.262 4.708 45.11 168.67 184.96 163.73 0.0292
0 0 0 0 0 0 0
-0.327 1.697 37.77 -22.84 -12.42 -2.95 0.0
3.35 5.395 41.67 183.32 181.82 182.97 0.023
0 0 0 0 0 0 0
0.329 0.9 39.74 -14.01 -6.63 -13.17 0.0
4.183 4.777 43.82 174.47 179.87 166.17 0.0242
0 0 0 0 0 0 0
1.701 -0.416 39.16 32.44 -0.91 16.53 0.0
5.484 3.203 42.83 190.6 168.58 171.37 0.0222
0 0 0 0 0 0 0
0.692 0.917 35.12 -29.93 13.87 -5.57 0.0
4.232 4.736 39.04 181.7 180.8 167.0 0.023
0 0 0 0 0 0 0
-1.17 -0.555 42.15 11.27 17.7 8.39 0.0
4.034 4.904 47.73 173.36 164.59 191.88 0.032
0 0 0 0 0 0 0
1.027 -0.097 43.26 13.33 -7.57 2.48 0.0
5.081 3.81 47.59 154.03 174.23 183.9 0.0248
0 0 0 0 0 0 0
-0.387 0.877 40.61 -16.8 -12.28 -12.6 0.0
3.757 5.12 45.09 173.31 177.74 176.76 0.0262
0 0 0 0 0 0 0
-0.429 0.477 44.79 21.62 -31.54 6.84 0.0
4.139 4.815 49.49 172.79 171.25 171.36 0.0271
0 0 0 0 0 0 0
-0.624 0.743 44.39 -26.42 13.71 -14.05 0.0
3.688 5.17 48.99 157.72 167.41 169.28 0.0273
0 0 0 0 0 0 0
-0.388 0.01 36.99 24.09 20.57 16.08 0.0
4.44 4.541 41.98 174.86 175.34 178.36 0.0287
0 0 0 0 0 0 0
-1.108 -0.186 35.12 -6.92 20.41 -5.84 0.0
4.015 4.92 40.62 183.6 178.82 182.86 0.0316
0 0 0 0 0 0 0
1.389 0.879 43.53 -18.78 -1.95 -14.63 0.0
4.821 4.134 46.91 180.58 164.92 167.0 0.0208
0 0 0 0 0 0 0
0.402 1.933 38.13 5.46 -11.72 2.94 0.0
3.674 5.181 41.63 166.25 175.77 164.84 0.0208
0 0 0 0 0 0 0
-1.333 -0.6 44.91 -22.39 16.84 -19.43 0.0
4.16 4.798 50.67 177.72 172.64 176.0 0.0328
0 0 0 0 0 0 0
0.194 0.207 42.27 15.01 -23.99 21.78 0.0
4.545 4.435 46.77 168.83 193.35 167.2 0.0263
0 0 0 0 0 0 0
-1.137 0.947 43.01 24.03 3.58 15.72 0.0
3.366 5.385 47.77 172.57 170.64 186.17 0.0274
0 0 0 0 0 0 0
-1.473 0.083 39.67 9.79 0.61 -4.15 0.0
3.661 5.189 45.05 166.09 162.01 182.11 0.0319
0 0 0 0 0 0 0
1.155 -1.487 37.26 4.09 -9.02 24.33 0.0
5.65 2.9 42.01 168.32 184.21 171.29 0.0277
0 0 0 0 0 0 0
0.703 1.434 37.69 -14.27 -13.15 3.35 0.0
4.07 4.874 41.16 159.21 180.63 169.13 0.0214
0 0 0 0 0 0 0
-0.179 -0.06 41.81 9.25 12.93 1.34 0.0
4.423 4.557 46.52 171.07 172.7 177.32 0.028
0 0 0 0 0 0 0
-0.044 0.558 38.26 17.97 1.17 16.04 0.0
4.282 4.689 42.73 171.17 174.46 182.55 0.0259
0 0 0 0 0 0 0
1.08 -0.93 44.17 8.42 17.27 26.23 0.0
5.355 3.415 48.73 170.46 185.1 184.36 0.0267
0 0 0 0 0 0 0
-0.175 -0.364 41.51 -18.69 12.57 -10.15 0.0
4.611 4.367 46.47 167.32 169.2 171.18 0.029
0 0 0 0 0 0 0
-0.726 -0.29 35.25 -26.54 2.63 6.59 0.0
4.254 4.715 40.41 173.42 167.73 176.42 0.0301
0 0 0 0 0 0 0
0.797 -1.172 35.76 -12.39 -1.51 2.89 0.0
5.327 3.457 40.67 178.11 169.44 193.99 0.0284
0 0 0 0 0 0 0
-0.318 -0.561 36.78 -13.64 -2.57 14.31 0.0
4.678 4.295 41.99 165.68 177.5 168.73 0.0303
0 0 0 0 0 0 0
0.902 -0.039 44.31 -6.58 12.58 -1.14 0.0
4.978 3.943 48.56 161.17 164.99 169.19 0.0252
0 0 0 0 0 0 0
0.171 -0.534 41.37 6.71 -15.67 7.28 0.0
4.691 4.281 46.3 158.27 186.38 179.19 0.028
0 0 0 0 0 0 0
0.158 -0.016 35.14 -13.74 -9.89 15.72 0.0
4.56 4.42 39.96 169.7 174.35 168.19 0.0274
0 0 0 0 0 0 0
1.338 0.094 41.79 13.97 -13.77 2.79 0.0
5.069 3.825 45.7 179.71 175.56 166.48 0.0229
0 0 0 0 0 0 0
1.641 0.514 41.44 -2.75 13.07 -0.64 0.0
5.032 3.873 45.13 172.49 162.04 185.33 0.0215
0 0 0 0 0 0 0
0.181 -1.352 35.96 -2.86 2.63 14.76 0.0
5.199 3.647 41.4 177.68 176.96 176.21 0.031
0 0 0 0 0 0 0
-0.463 0.809 40.61 -19.32 5.02 4.71 0.0
3.814 5.077 45.04 171.84 191.0 187.81 0.0259
0 0 0 0 0 0 0
0.54 -0.429 35.08 20.04 7.26 4.81 0.0
4.965 3.959 39.85 172.81 152.73 179.08 0.0278
0 0 0 0 0 0 0
1.54 -0.646 39.51 5.09 -4.68 7.73 0.0
5.537 3.111 43.49 166.75 182.86 183.68 0.0236
0 0 0 0 0 0 0
1.409 -0.003 40.68 18.7 2.53 -24.08 0.0
5.063 3.833 44.52 169.4 169.5 169.98 0.0231
0 0 0 0 0 0 0
0.347 -0.148 36.05 -4.69 -10.76 13.72 0.0
4.708 4.262 40.9 186.32 176.31 177.21 0.0278
0 0 0 0 0 0 0
-0.103 1.637 42.74 9.12 -2.55 13.11 0.0
3.416 5.353 46.56 164.88 180.96 187.92 0.0223
0 0 0 0 0 0 0
1.297 -1.185 41.81 13.48 11.4 22.29 0.0
5.556 3.075 46.33 173.15 167.82 169.7 0.0256
0 0 0 0 0 0 0
0.485 1.921 36.91 8.12 -3.58 5.84 0.0
3.685 5.172 40.23 166.77 176.48 174.13 0.0208
0 0 0 0 0 0 0
-0.544 -0.229 43.78 7.12 13.31 -4.34 0.0
4.33 4.645 48.8 165.12 167.62 182.34 0.0299
0 0 0 0 0 0 0
-0.096 -0.088 41.17 -17.73 38.26 12.87 0.0
4.367 4.612 45.97 161.18 184.99 169.75 0.0281
0 0 0 0 0 0 0
-1.668 0.001 38.9 -30.41 1.22 20.58 0.0
3.513 5.29 44.52 163.62 165.92 181.94 0.0321
0 0 0 0 0 0 0
0.873 -0.397 35.25 -9.09 -9.0 4.2 0.0
5.112 3.769 39.78 167.35 168.71 186.39 0.0261
0 0 0 0 0 0 0
-1.222 -1.475 42.03 -12.41 -4.35 17.0 0.0
4.501 4.48 48.15 162.76 190.22 186.41 0.0357
0 0 0 0 0 0 0
0.373 -0.423 44.59 7.19 -1.31 14.65 0.0
4.866 4.08 49.41 168.6 178.03 171.02 0.0282
0 0 0 0 0 0 0
0.081 0.47 39.41 -0.37 4.08 8.81 0.0
4.289 4.683 43.74 182.01 179.12 199.6 0.0257
0 0 0 0 0 0 0
-1.352 -0.283 37.93 -18.86 -15.56 -19.5 0.0
3.887 5.023 43.48 161.25 178.03 173.51 0.0333
0 0 0 0 0 0 0
0.717 -0.145 39.07 -6.04 -4.53 11.19 0.0
4.915 4.022 43.58 169.71 164.72 182.35 0.0257
0 0 0 0 0 0 0
-0.584 -0.434 42.88 -2.68 12.87 19.58 0.0
4.378 4.601 48.21 161.44 175.84 160.7 0.0305
0 0 0 0 0 0 0
1.067 0.517 37.23 34.21 -48.33 15.46 0.0
4.802 4.155 41.12 169.09 176.3 144.33 0.023
0 0 0 0 0 0 0
1.345 0.162 39.5 17.11 30.94 -5.38 0.0
4.975 3.947 43.49 164.76 164.76 161.57 0.0229
0 0 0 0 0 0 0
-0.02 0.283 40.24 -9.66 -4.66 14.04 0.0
4.364 4.613 44.9 185.93 184.83 172.43 0.0266
0 0 0 0 0 0 0
0.431 -0.292 36.82 19.88 -23.08 -3.88 0.0
4.933 3.999 41.45 160.95 185.65 191.92 0.0272
0 0 0 0 0 0 0
-0.634 -1.082 35.05 -21.65 0.12 -2.3 0.0
4.845 4.105 40.73 173.81 168.43 188.17 0.0325
0 0 0 0 0 0 0
1.061 1.666 39.7 12.46 -4.26 -3.1 0.0
4.286 4.687 42.96 166.11 183.61 168.28 0.0196
0 0 0 0 0 0 0
0.551 0.836 38.62 -7.32 18.36 -34.78 0.0
4.288 4.685 42.52 178.41 178.2 179.64 0.0234
0 0 0 0 0 0 0
-1.839 -0.503 44.41 6.39 -5.13 -6.71 0.0
3.73 5.14 50.48 163.84 182.4 184.63 0.0349
0 0 0 0 0 0 0
-0.335 0.006 41.71 -1.57 7.47 -2.03 0.0
4.236 4.732 46.53 185.31 168.47 175.57 0.0279
0 0 0 0 0 0 0
-1.175 0.529 35.65 6.11 -20.79 1.33 0.0
3.502 5.298 40.6 185.05 164.67 168.34 0.0288
0 0 0 0 0 0 0
-1.179 -0.504 38.91 0.12 20.92 -5.32 0.0
4.136 4.82 44.54 171.17 180.94 180.63 0.0328
0 0 0 0 0 0 0
0.196 -0.096 39.1 -4.74 14.28 15.17 0.0
4.607 4.371 43.84 169.71 172.2 175.14 0.0267
0 0 0 0 0 0 0
0.19 0.832 40.33 3.66 3.16 12.25 0.0
4.137 4.818 44.48 180.95 178.72 181.9 0.0247
0 0 0 0 0 0 0
-0.062 1.774 40.14 13.89 -4.77 -8.55 0.0
3.482 5.311 43.74 167.76 162.4 161.94 0.0218
0 0 0 0 0 0 0
-0.584 1.5 42.98 -6.71 -10.32 10.53 0.0
3.257 5.451 47.14 165.96 164.22 178.84 0.0239
0 0 0 0 0 0 0
0.361 0.353 44.1 -1.22 -24.32 11.17 0.0
4.539 4.442 48.6 186.87 180.94 166.73 0.0258
0 0 0 0 0 0 0
0.865 0.145 44.19 11.65 -5.69 27.81 0.0
4.857 4.091 48.56 177.23 155.67 192.0 0.0252
0 0 0 0 0 0 0
-0.332 -0.088 37.12 0.99 -4.79 20.17 0.0
4.358 4.619 42.14 172.54 180.68 179.55 0.0285
0 0 0 0 0 0 0
-0.87 0.642 37.06 3.76 -1.1 -11.0 0.0
3.737 5.134 41.9 183.48 180.9 158.14 0.0278
0 0 0 0 0 0 0
0.689 -1.58 38.36 -17.8 -7.74 -11.73 0.0
5.503 3.169 43.52 183.67 183.35 189.53 0.0302
0 0 0 0 0 0 0
0.057 -1.584 36.12 -5.33 -4.87 -0.02 0.0
5.305 3.491 41.61 171.45 149.85 180.84 0.0315
0 0 0 0 0 0 0
0.359 1.889 40.01 4.13 -2.31 -8.86 0.0
3.687 5.17 43.55 171.63 165.72 163.09 0.0212
0 0 0 0 0 0 0
-0.105 0.139 36.93 -21.69 27.6 11.98 0.0
4.353 4.624 41.69 172.61 185.02 190.25 0.0276
0 0 0 0 0 0 0
0.386 -1.524 38.17 7.5 -0.05 -4.59 0.0
5.322 3.465 43.25 188.15 169.64 184.22 0.0298
0 0 0 0 0 0 0
-0.514 0.644 42.3 -10.92 -5.19 -5.05 0.0
3.883 5.025 46.75 175.03 182.15 173.91 0.0269
0 0 0 0 0 0 0
-0.275 -1.291 41.36 -20.95 -7.14 11.64 0.0
4.95 3.979 47.0 163.3 173.23 171.35 0.0331
0 0 0 0 0 0 0
1.571 1.059 42.22 4.03 2.65 2.26 0.0
4.774 4.189 45.54 168.38 181.29 173.39 0.0198
0 0 0 0 0 0 0
0.4 0.384 36.97 -0.99 -13.32 13.27 0.0
4.538 4.443 41.34 177.46 167.5 177.1 0.0249
0 0 0 0 0 0 0
0.648 -0.75 44.91 6.41 4.29 -4.28 0.0
5.161 3.699 49.72 166.35 165.76 191.1 0.0279
0 0 0 0 0 0 0
-0.067 -0.031 41.65 1.89 -5.23 -2.18 0.0
4.483 4.498 46.5 179.51 168.75 165.0 0.0283
0 0 0 0 0 0 0
-1.186 -1.286 36.8 -3.16 4.22 -4.76 0.0
4.44 4.541 42.9 173.18 174.94 182.75 0.0348
0 0 0 0 0 0 0
-0.43 -0.471 41.01 -10.94 14.77 -2.41 0.0
4.498 4.483 46.28 170.67 165.06 176.37 0.0304
0 0 0 0 0 0 0
0.205 1.559 40.06 0.59 6.17 -1.98 0.0
3.711 5.153 43.79 187.53 185.61 184.65 0.0219
0 0 0 0 0 0 0
0.007 -1.604 39.78 8.76 -3.88 -10.57 0.0
5.207 3.636 45.36 159.97 181.61 161.77 0.0316
0 0 0 0 0 0 0
0.055 0.058 37.61 -15.39 14.16 12.44 0.0
4.369 4.609 42.43 159.68 177.08 174.74 0.0274
0 0 0 0 0 0 0
1.327 0.686 40.74 -11.69 -9.62 -5.54 0.0
4.81 4.145 44.36 164.21 166.98 185.0 0.022
0 0 0 0 0 0 0
-1.34 -1.12 40.85 4.71 -9.68 -22.4 0.0
4.412 4.568 46.8 180.87 165.28 165.08 0.0347
0 0 0 0 0 0 0
-0.338 0.062 36.94 5.15 -0.43 -13.91 0.0
4.265 4.705 41.65 180.14 191.45 176.12 0.0277
0 0 0 0 0 0 0
-1.693 0.811 39.0 -27.99 11.47 -1.33 0.0
2.942 5.628 44.04 184.81 167.38 192.41 0.0288
0 0 0 0 0 0 0
0.995 -1.636 44.79 -3.92 -23.45 -1.33 0.0
5.653 2.893 49.68 163.87 158.0 166.11 0.0284
0 0 0 0 0 0 0
-1.047 0.587 39.58 -5.26 -18.76 -3.61 0.0
3.636 5.207 44.47 184.52 177.24 171.78 0.0282
0 0 0 0 0 0 0
-0.05 -0.078 40.67 9.43 21.25 -3.75 0.0
4.518 4.463 45.42 154.69 169.18 171.0 0.0278
0 0 0 0 0 0 0
0.925 0.484 35.18 -5.85 8.51 -29.89 0.0
4.691 4.282 39.2 167.47 173.75 201.73 0.0235
0 0 0 0 0 0 0
-0.621 -0.619 38.26 4.59 -18.89 1.91 0.0
4.446 4.534 43.79 166.85 158.66 179.1 0.0317
0 0 0 0 0 0 0
-1.523 -0.59 36.37 14.83 14.12 -2.54 0.0
3.998 4.935 42.3 176.0 173.54 197.56 0.0338
0 0 0 0 0 0 0
0.374 0.504 37.91 -4.98 9.93 -14.49 0.0
4.443 4.538 42.03 171.34 185.25 174.64 0.0249
0 0 0 0 0 0 0
-1.607 -0.303 39.5 -10.02 -19.25 -0.63 0.0
3.831 5.065 45.24 174.91 174.26 170.43 0.0333
0 0 0 0 0 0 0
1.408 0.433 35.77 14.18 -2.5 -18.19 0.0
4.926 4.007 39.3 175.06 171.86 178.51 0.022
0 0 0 0 0 0 0
-0.53 1.371 43.45 -8.83 -3.01 -8.16 0.0
3.347 5.396 47.51 174.04 172.34 164.93 0.0244
0 0 0 0 0 0 0
1.002 -1.729 41.59 -7.08 7.31 19.6 0.0
5.591 3.013 46.66 164.75 166.89 176.12 0.0292
0 0 0 0 0 0 0
0.142 -0.613 42.99 17.55 -7.2 -9.41 0.0
4.747 4.218 47.97 197.29 177.82 170.47 0.0287
0 0 0 0 0 0 0
-0.316 -0.361 40.68 -9.91 3.8 5.17 0.0
4.449 4.532 45.62 170.82 170.34 170.32 0.029
0 0 0 0 0 0 0
1.009 -1.007 44.79 -7.2 -12.75 9.46 0.0
5.385 3.366 49.49 164.62 173.25 169.4 0.0273
0 0 0 0 0 0 0
-0.112 -0.071 42.66 -7.88 7.92 3.39 0.0
4.597 4.381 47.63 181.51 164.29 183.33 0.0285
0 0 0 0 0 0 0
0.142 0.808 39.06 -27.82 -1.93 -2.08 0.0
4.135 4.82 43.31 188.12 155.62 172.6 0.0257
0 0 0 0 0 0 0
0.207 -0.25 38.88 3.26 6.02 0.17 0.0
4.741 4.224 43.61 174.16 176.22 183.7 0.0271
0 0 0 0 0 0 0
1.142 1.394 44.35 -19.25 16.21 13.94 0.0
4.381 4.598 47.71 169.98 171.79 166.78 0.0204
0 0 0 0 0 0 0
-0.015 0.907 37.56 -0.52 -22.47 -23.04 0.0
3.964 4.962 41.8 176.12 190.3 160.74 0.0249
0 0 0 0 0 0 0
-0.665 -0.407 41.17 9.73 1.78 2.49 0.0
4.272 4.699 46.57 163.38 178.92 155.23 0.0303
0 0 0 0 0 0 0
-1.1 0.523 36.89 -10.1 -21.14 9.65 0.0
3.645 5.2 41.96 184.48 175.88 191.65 0.0292
0 0 0 0 0 0 0
-0.309 0.696 43.77 0.13 3.77 -6.9 0.0
4.008 4.926 48.23 171.77 167.18 191.64 0.0262
0 0 0 0 0 0 0
0.261 0.14 38.3 2.75 12.67 9.75 0.0
4.467 4.515 42.76 165.39 192.29 166.71 0.0259
0 0 0 0 0 0 0
-0.013 -0.905 40.76 -20.48 -22.41 -4.91 0.0
4.861 4.087 45.99 177.36 178.12 177.46 0.0304
0 0 0 0 0 0 0
0.022 -0.021 42.87 9.46 7.07 13.33 0.0
4.474 4.506 47.67 176.86 174.71 177.46 0.0276
0 0 0 0 0 0 0
-1.052 0.837 40.12 -23.85 4.36 -0.06 0.0
3.559 5.259 44.79 198.82 172.35 159.07 0.0277
0 0 0 0 0 0 0
0.074 -0.029 44.36 14.81 -15.5 -18.31 0.0
4.63 4.346 49.09 175.57 181.9 174.44 0.0275
0 0 0 0 0 0 0
-0.21 -1.247 35.26 5.38 -16.31 18.63 0.0
5.014 3.897 40.52 173.44 172.82 159.44 0.0318
0 0 0 0 0 0 0
-1.718 0.208 40.53 -3.55 10.53 -6.86 0.0
3.41 5.358 46.12 182.17 164.8 186.35 0.0314
0 0 0 0 0 0 0
0.901 -1.18 41.68 -26.64 -12.22 -15.01 0.0
5.42 3.309 46.43 172.63 177.29 168.85 0.0278
0 0 0 0 0 0 0
-0.424 -0.009 38.97 2.26 11.34 -0.52 0.0
4.256 4.713 43.88 185.51 161.7 173.06 0.0284
0 0 0 0 0 0 0
1.505 0.671 36.13 3.09 -5.94 1.53 0.0
4.902 4.037 39.73 175.73 173.28 168.22 0.021
0 0 0 0 0 0 0
1.279 0.366 43.82 -6.84 -15.18 1.8 0.0
5.02 3.89 47.73 176.11 160.53 172.12 0.0228
0 0 0 0 0 0 0
1.106 0.927 35.52 8.48 -14.75 -25.56 0.0
4.617 4.36 39.21 160.01 179.04 184.0 0.0217
0 0 0 0 0 0 0
0.035 0.093 37.6 -17.71 9.25 13.78 0.0
4.472 4.51 42.23 174.23 169.26 177.53 0.0271
0 0 0 0 0 0 0
-0.475 -0.688 43.03 -2.44 -5.09 9.14 0.0
4.618 4.36 48.46 178.96 180.37 185.05 0.0311
0 0 0 0 0 0 0
0.895 -1.073 36.91 -0.18 6.05 14.38 0.0
5.36 3.406 41.71 174.33 187.31 170.89 0.0277
0 0 0 0 0 0 0
-0.005 0.008 42.98 13.47 12.26 10.51 0.0
4.52 4.46 47.7 185.58 186.52 165.7 0.0277
0 0 0 0 0 0 0
-0.586 -0.418 36.61 -5.3 -22.73 1.84 0.0
4.457 4.523 41.85 162.78 156.35 186.32 0.0305
0 0 0 0 0 0 0
-0.653 0.288 43.09 -10.2 -13.2 3.77 0.0
3.992 4.938 47.95 175.33 181.7 205.55 0.0284
0 0 0 0 0 0 0
0.433 -0.659 40.67 15.42 -11.27 -9.82 0.0
5.035 3.87 45.24 169.15 193.62 183.32 0.0276
0 0 0 0 0 0 0
-0.267 0.955 39.29 -1.65 2.51 -3.0 0.0
3.927 4.991 43.72 175.67 168.33 185.96 0.0252
0 0 0 0 0 0 0
1.624 -0.624 43.22 13.17 14.71 4.96 0.0
5.581 3.029 47.3 176.73 157.47 182.95 0.024
0 0 0 0 0 0 0
-0.15 -0.931 44.82 -6.52 0.3 0.03 0.0
4.86 4.088 50.22 171.26 179.02 165.73 0.0308
0 0 0 0 0 0 0
-0.067 0.549 39.12 20.19 -1.08 -10.23 0.0
4.302 4.672 43.56 185.01 173.22 197.86 0.0259
0 0 0 0 0 0 0
-0.086 0.839 39.63 -8.83 2.61 -8.12 0.0
3.958 4.966 43.74 153.25 168.9 180.37 0.0246
0 0 0 0 0 0 0
0.975 -0.889 40.99 30.62 -21.79 -14.79 0.0
5.344 3.432 45.54 159.71 170.41 188.65 0.027
0 0 0 0 0 0 0
0.118 0.055 35.72 1.39 -7.48 6.77 0.0
4.532 4.448 40.46 164.47 162.25 166.85 0.0271
0 0 0 0 0 0 0
1.38 -0.554 36.99 -11.36 12.0 -5.95 0.0
5.284 3.523 41.08 181.63 165.11 180.41 0.0246
0 0 0 0 0 0 0
1.315 -0.019 39.87 7.3 2.53 -3.96 0.0
5.083 3.807 43.92 157.86 170.84 180.05 0.0236
0 0 0 0 0 0 0
-0.993 1.377 40.57 27.11 -4.69 -9.81 0.0
3.257 5.452 44.91 158.64 152.33 165.57 0.0257
0 0 0 0 0 0 0
1.423 -0.782 42.99 -7.33 22.85 -4.89 0.0
5.312 3.482 47.19 175.75 175.44 176.43 0.0254
0 0 0 0 0 0 0
-0.012 -0.011 36.53 -9.12 -4.77 -8.61 0.0
4.418 4.562 41.27 200.16 168.43 169.32 0.0278
0 0 0 0 0 0 0
-0.014 1.145 43.26 -11.7 3.39 0.59 0.0
3.911 5.004 47.26 177.98 191.73 189.44 0.0238
0 0 0 0 0 0 0
-0.897 1.485 38.69 38.17 -0.6 7.2 0.0
3.108 5.538 42.82 179.27 180.06 176.37 0.0246
0 0 0 0 0 0 0
-0.376 0.492 40.43 -4.93 -7.34 3.07 0.0
4.02 4.916 45.16 191.64 168.71 172.01 0.0276
0 0 0 0 0 0 0
-0.622 1.631 42.24 6.32 18.85 25.05 0.0
3.231 5.468 46.5 179.35 170.72 187.3 0.0236
0 0 0 0 0 0 0
-0.205 -1.813 37.71 -9.09 -14.4 5.42 0.0
5.174 3.681 43.24 181.63 177.12 186.74 0.0332
0 0 0 0 0 0 0
0.689 0.511 36.88 -3.68 17.21 8.77 0.0
4.526 4.454 40.96 178.5 193.16 162.12 0.0237
0 0 0 0 0 0 0
-0.759 -0.442 37.9 -36.61 -5.26 28.28 0.0
4.203 4.761 43.4 167.1 181.6 170.87 0.0319
0 0 0 0 0 0 0
-0.896 0.816 36.78 31.94 -4.58 -0.09 0.0
3.45 5.331 41.43 162.87 178.45 175.76 0.0272
0 0 0 0 0 0 0
-1.363 1.259 38.38 3.53 -12.85 5.98 0.0
3.044 5.573 43.08 182.67 176.79 179.8 0.0265
0 0 0 0 0 0 0
-0.102 -0.278 35.07 22.65 0.83 -9.66 0.0
4.697 4.274 39.88 162.89 175.76 174.48 0.0284
0 0 0 0 0 0 0
-0.563 0.423 44.07 -0.23 -14.33 -6.58 0.0
3.858 5.044 48.87 182.26 179.47 177.89 0.0277
0 0 0 0 0 0 0
-0.98 -1.075 36.69 30.48 0.94 19.99 0.0
4.617 4.36 42.56 179.55 176.14 177.43 0.0333
0 0 0 0 0 0 0
-0.346 0.469 38.89 -12.81 5.29 -2.27 0.0
3.993 4.938 43.44 170.18 177.37 163.88 0.0273
0 0 0 0 0 0 0
0.386 0.441 42.64 7.82 25.17 -20.05 0.0
4.338 4.639 46.64 172.46 187.62 165.23 0.0246
0 0 0 0 0 0 0
-0.031 -0.083 43.79 -9.12 -0.76 1.24 0.0
4.437 4.543 48.68 165.91 173.56 173.65 0.0284
0 0 0 0 0 0 0
-0.035 -0.076 37.43 -4.59 -4.29 2.69 0.0
4.496 4.485 42.29 170.05 173.68 166.7 0.0284
0 0 0 0 0 0 0
0.204 0.055 35.26 1.38 17.56 6.48 0.0
4.54 4.44 40.02 148.03 179.29 182.58 0.0273
0 0 0 0 0 0 0
0.062 0.119 35.51 -16.07 -12.52 14.13 0.0
4.445 4.534 40.07 169.59 167.93 160.98 0.0274
0 0 0 0 0 0 0
-0.216 -1.112 44.14 -5.49 -12.32 -7.21 0.0
4.91 4.028 49.59 186.07 176.03 187.98 0.0314
0 0 0 0 0 0 0
-0.067 0.061 43.55 -20.61 4.3 -6.95 0.0
4.359 4.619 48.26 181.93 188.25 171.05 0.0282
0 0 0 0 0 0 0
-1.958 -0.131 44.58 -12.59 2.44 -10.85 0.0
3.371 5.382 50.34 179.6 184.87 178.93 0.0333
0 0 0 0 0 0 0
0.096 -0.329 44.47 3.36 8.72 11.85 0.0
4.65 4.325 49.35 156.7 164.77 176.22 0.0279
0 0 0 0 0 0 0
-0.103 -0.063 39.13 8.7 -14.26 -1.53 0.0
4.433 4.548 43.92 161.0 177.57 166.78 0.0278
0 0 0 0 0 0 0
0.229 0.593 40.88 30.48 17.87 9.43 0.0
4.305 4.668 45.22 183.79 162.38 177.43 0.0249
0 0 0 0 0 0 0
0.303 -0.107 41.16 3.49 22.4 -19.89 0.0
4.645 4.33 45.69 168.89 182.3 174.4 0.0264
0 0 0 0 0 0 0
-1.825 -0.392 38.08 3.21 21.69 4.97 0.0
3.809 5.081 43.91 159.43 172.23 157.32 0.0337
0 0 0 0 0 0 0
-0.684 1.657 43.66 -10.58 9.11 -9.18 0.0
3.156 5.512 47.71 192.2 181.08 165.52 0.0238
0 0 0 0 0 0 0
1.378 0.367 36.61 24.13 11.94 -5.31 0.0
4.917 4.019 40.47 154.48 178.02 180.97 0.0222
0 0 0 0 0 0 0
0.141 0.211 36.18 -8.72 1.07 -29.11 0.0
4.46 4.521 40.78 185.3 173.24 173.43 0.0266
0 0 0 0 0 0 0
1.536 0.014 44.9 1.09 5.9 -9.38 0.0
5.151 3.715 48.78 171.52 165.58 171.21 0.023
0 0 0 0 0 0 0
-1.286 -0.666 44.37 -24.82 -7.93 4.66 0.0
4.211 4.753 50.12 162.61 166.37 181.56 0.0333
0 0 0 0 0 0 0
0.762 0.751 44.64 -19.53 -3.94 -8.69 0.0
4.461 4.52 48.37 155.75 169.94 158.99 0.0234
0 0 0 0 0 0 0
-0.339 -0.598 44.49 -0.2 7.42 6.26 0.0
4.545 4.434 49.55 173.03 167.37 174.47 0.0304
0 0 0 0 0 0 0
-0.387 0.571 44.74 6.41 16.42 -12.63 0.0
3.939 4.981 49.3 167.27 169.76 164.36 0.0266
0 0 0 0 0 0 0
1.61 -0.755 38.7 1.41 -10.89 18.6 0.0
5.466 3.231 42.87 177.47 172.57 156.58 0.0245
0 0 0 0 0 0 0
-0.083 0.765 39.24 10.65 16.95 -0.34 0.0
4.129 4.825 43.55 179.08 166.27 166.67 0.0249
0 0 0 0 0 0 0
-0.312 1.889 43.3 -14.44 5.86 15.1 0.0
3.229 5.468 47.15 170.9 160.43 184.65 0.0227
0 0 0 0 0 0 0
1.741 0.059 43.73 -12.84 -8.06 6.62 0.0
5.16 3.702 47.38 180.75 171.67 172.92 0.0227
0 0 0 0 0 0 0
0.209 0.316 36.8 9.65 9.56 0.86 0.0
4.485 4.496 41.32 167.65 166.41 180.26 0.0263
0 0 0 0 0 0 0
1.304 0.749 39.64 -14.38 24.47 0.27 0.0
4.693 4.279 43.12 180.92 173.52 169.32 0.0209
0 0 0 0 0 0 0
-0.646 0.568 42.99 -10.39 -17.4 1.38 0.0
3.88 5.027 47.79 162.25 175.92 170.29 0.0277
0 0 0 0 0 0 0
-0.051 -0.085 44.95 -14.23 -9.52 -10.77 0.0
4.579 4.401 49.9 186.33 169.03 166.04 0.0285
0 0 0 0 0 0 0
1.821 -0.187 44.54 -2.34 -10.87 26.68 0.0
5.375 3.382 48.48 175.16 182.0 196.29 0.0226
0 0 0 0 0 0 0
0.865 1.266 44.12 6.2 2.67 -14.23 0.0
4.319 4.656 47.84 164.31 171.15 168.38 0.022
0 0 0 0 0 0 0
1.07 -0.085 39.93 1.66 5.91 -5.25 0.0
5.033 3.873 44.21 169.51 169.95 186.45 0.025
0 0 0 0 0 0 0
-0.815 -0.688 35.7 12.8 5.42 14.33 0.0
4.473 4.508 41.18 179.4 151.96 171.62 0.0317
0 0 0 0 0 0 0
-0.459 1.332 38.49 -1.35 -6.82 11.77 0.0
3.459 5.326 42.56 179.77 182.41 162.8 0.0239
0 0 0 0 0 0 0
-0.131 -1.66 40.17 11.35 -9.93 12.33 0.0
5.203 3.642 45.47 169.63 161.65 179.2 0.0314
0 0 0 0 0 0 0
-0.218 0.899 35.2 -4.47 4.12 12.47 0.0
3.911 5.004 39.36 175.65 177.93 184.58 0.0247
0 0 0 0 0 0 0
0.17 0.209 42.95 14.32 -2.22 11.58 0.0
4.394 4.584 47.44 165.89 176.11 178.95 0.0267
0 0 0 0 0 0 0
-1.199 0.389 37.14 2.29 -3.65 -6.56 0.0
3.66 5.19 42.19 176.91 174.22 181.03 0.0297
0 0 0 0 0 0 0
-0.852 0.494 44.26 -26.21 -5.7 4.57 0.0
3.73 5.139 49.27 172.3 185.1 202.85 0.0283
0 0 0 0 0 0 0
1.112 0.826 42.8 -8.58 -8.04 -11.54 0.0
4.645 4.33 46.43 177.2 154.44 170.28 0.022
0 0 0 0 0 0 0
0.275 0.266 39.39 11.68 -12.1 -1.58 0.0
4.423 4.558 43.68 167.68 177.25 192.07 0.0254
0 0 0 0 0 0 0
1.831 0.755 38.73 9.56 -9.95 15.43 0.0
4.973 3.95 42.08 185.15 165.77 170.01 0.0202
0 0 0 0 0 0 0
-1.763 0.406 38.17 13.86 3.44 1.77 0.0
3.333 5.405 43.39 187.79 155.93 165.2 0.0315
0 0 0 0 0 0 0
0.086 -0.979 41.5 5.15 -13.11 0.79 0.0
4.969 3.954 46.77 189.85 169.18 168.14 0.0303
0 0 0 0 0 0 0
-0.909 -1.649 36.01 20.92 23.07 6.7 0.0
4.861 4.087 41.99 146.87 173.48 188.51 0.035
0 0 0 0 0 0 0
-1.329 0.094 37.45 -20.99 18.06 24.21 0.0
3.73 5.14 42.69 176.82 190.63 167.98 0.0302
0 0 0 0 0 0 0
1.513 0.041 43.43 4.78 7.36 -14.98 0.0
5.144 3.724 47.27 181.7 179.18 183.46 0.0222
0 0 0 0 0 0 0
0.605 -0.634 39.29 10.67 0.38 -10.4 0.0
5.034 3.872 43.85 160.45 168.49 178.11 0.0274
0 0 0 0 0 0 0
0.165 -0.224 41.09 -2.33 2.07 -9.91 0.0
4.678 4.295 45.67 177.33 178.56 172.98 0.027
0 0 0 0 0 0 0
0.767 -1.549 40.0 -5.3 16.33 -19.48 0.0
5.427 3.298 44.87 165.86 175.68 171.85 0.029
0 0 0 0 0 0 0
-0.182 -0.375 42.59 3.13 -19.64 -21.11 0.0
4.557 4.422 47.52 178.64 167.45 187.07 0.0297
0 0 0 0 0 0 0
-0.274 0.815 42.03 7.86 -16.4 20.56 0.0
3.959 4.966 46.35 178.3 168.72 177.1 0.0259
0 0 0 0 0 0 0
0.188 0.307 40.46 -22.82 3.52 -10.75 0.0
4.414 4.566 44.88 167.03 153.09 184.3 0.0262
0 0 0 0 0 0 0
-0.073 1.805 36.63 -1.43 -21.75 21.72 0.0
3.459 5.326 40.18 173.96 181.36 197.58 0.0218
0 0 0 0 0 0 0
-0.61 0.565 35.23 5.33 12.56 -7.06 0.0
3.848 5.052 39.98 168.9 174.57 177.76 0.0274
0 0 0 0 0 0 0
-0.09 0.241 38.84 -27.29 -7.96 -12.13 0.0
4.3 4.672 43.4 169.25 179.08 174.61 0.0272
0 0 0 0 0 0 0
0.113 -0.041 40.78 -1.17 3.0 -9.45 0.0
4.497 4.485 45.42 178.38 165.46 169.01 0.0274
0 0 0 0 0 0 0
1.506 0.468 43.25 5.01 0.92 -17.24 0.0
4.934 3.998 46.85 164.94 162.35 171.69 0.022
0 0 0 0 0 0 0
-0.669 0.7 38.02 8.18 3.6 -2.59 0.0
3.784 5.1 42.46 179.8 164.42 162.27 0.0267
0 0 0 0 0 0 0
-0.126 0.358 41.24 10.48 -9.29 16.77 0.0
4.104 4.846 45.82 173.87 163.9 176.05 0.0268
0 0 0 0 0 0 0
0.107 0.004 43.93 1.78 1.43 0.61 0.0
4.782 4.179 48.6 164.43 168.62 180.97 0.027
0 0 0 0 0 0 0
-0.939 1.184 35.95 -0.97 5.25 -1.23 0.0
3.328 5.409 40.35 180.27 177.88 172.82 0.0258
0 0 0 0 0 0 0
-1.197 0.197 44.24 -4.87 -5.18 -0.39 0.0
3.709 5.155 49.41 180.16 177.72 165.02 0.0299
0 0 0 0 0 0 0
-0.373 0.092 35.02 -7.94 -9.47 16.4 0.0
4.267 4.703 40.08 170.09 174.64 161.01 0.0289
0 0 0 0 0 0 0
-0.477 -0.173 42.22 -10.26 -16.58 7.3 0.0
4.399 4.581 47.48 175.4 183.49 176.16 0.0299
0 0 0 0 0 0 0
-0.221 -0.362 39.82 19.91 3.61 -27.48 0.0
4.58 4.4 44.84 163.69 165.46 172.16 0.0299
0 0 0 0 0 0 0
0.635 0.939 38.59 3.72 -31.67 -9.25 0.0
4.237 4.729 42.53 167.0 174.0 164.05 0.0229
0 0 0 0 0 0 0
1.23 -0.015 43.46 -12.88 2.06 3.82 0.0
5.026 3.882 47.49 179.67 153.58 178.63 0.0237
0 0 0 0 0 0 0
0.035 0.101 36.76 4.27 -8.63 1.04 0.0
4.431 4.549 41.22 163.1 168.07 176.2 0.0271
0 0 0 0 0 0 0
0.253 -0.279 37.8 2.17 16.04 1.82 0.0
4.775 4.186 42.52 183.47 164.62 192.53 0.0272
0 0 0 0 0 0 0
0.003 -0.044 36.95 -12.0 19.94 5.86 0.0
4.507 4.474 41.76 164.33 166.57 182.21 0.028
0 0 0 0 0 0 0
0.233 -1.977 38.53 24.43 0.64 -12.44 0.0
5.357 3.411 43.96 174.87 187.72 155.6 0.0317
0 0 0 0 0 0 0
-0.596 -1.709 41.61 -13.56 -36.24 -4.2 0.0
5.009 3.904 47.27 178.1 162.67 172.23 0.0337
0 0 0 0 0 0 0
0.358 0.643 37.81 17.28 -1.82 13.8 0.0
4.362 4.615 42.04 172.79 177.35 176.52 0.0247
0 0 0 0 0 0 0
-0.039 -1.25 37.21 10.73 -22.21 1.31 0.0
5.035 3.87 42.52 174.48 190.2 157.74 0.0311
0 0 0 0 0 0 0
-0.068 -0.64 35.34 -25.13 24.46 -3.04 0.0
4.733 4.234 40.57 175.49 185.47 168.16 0.0297
0 0 0 0 0 0 0
0.634 0.14 39.48 5.22 -4.92 -1.55 0.0
4.682 4.29 43.69 166.06 166.48 175.12 0.0249
0 0 0 0 0 0 0
0.167 0.011 38.84 -11.71 -2.58 -0.01 0.0
4.529 4.451 43.39 176.09 169.46 167.69 0.0271
0 0 0 0 0 0 0
-0.944 1.247 35.18 -1.07 -3.79 -0.88 0.0
3.321 5.413 39.47 169.92 164.46 152.52 0.0255
0 0 0 0 0 0 0
0.131 1.542 37.39 4.62 26.5 -4.55 0.0
3.748 5.127 41.11 163.11 153.5 180.58 0.022
0 0 0 0 0 0 0
0.327 -0.034 42.72 -21.54 -13.41 -10.57 0.0
4.512 4.469 47.2 182.37 181.59 174.17 0.026
0 0 0 0 0 0 0
-0.267 -0.304 39.89 12.47 -5.69 -9.39 0.0
4.31 4.664 44.9 162.46 179.39 182.22 0.029
0 0 0 0 0 0 0
0.784 0.284 35.06 20.62 13.72 -6.46 0.0
4.675 4.299 39.12 175.24 176.96 165.8 0.0242
0 0 0 0 0 0 0
1.049 1.076 43.42 11.93 9.62 8.22 0.0
4.551 4.429 47.23 178.66 172.64 178.99 0.0223
0 0 0 0 0 0 0
0.653 -0.746 40.76 -2.54 2.49 10.12 0.0
5.086 3.803 45.56 168.78 175.44 171.03 0.028
0 0 0 0 0 0 0
-0.533 1.877 35.38 20.67 -23.68 6.16 0.0
3.059 5.566 39.27 174.43 176.09 177.7 0.0227
0 0 0 0 0 0 0
0.679 0.537 41.78 3.33 -28.66 -7.36 0.0
4.623 4.355 45.77 174.8 166.91 158.01 0.0243
0 0 0 0 0 0 0
0.941 1.356 41.7 18.83 12.04 -16.68 0.0
4.256 4.713 45.06 189.2 176.24 187.27 0.0205
0 0 0 0 0 0 0
-0.575 -0.305 41.73 -7.65 10.86 7.23 0.0
4.343 4.634 46.83 178.91 167.92 179.15 0.0296
0 0 0 0 0 0 0
-0.49 1.801 44.43 -4.61 -10.2 4.35 0.0
3.123 5.53 48.24 173.32 176.96 192.21 0.0229
0 0 0 0 0 0 0
-0.948 1.475 41.79 -9.36 -7.64 -17.57 0.0
2.999 5.598 46.21 160.38 175.44 164.55 0.0256
0 0 0 0 0 0 0
0.442 -0.965 37.66 4.81 -26.27 12.19 0.0
5.108 3.774 42.71 171.92 176.94 176.13 0.0291
0 0 0 0 0 0 0
0.034 1.861 44.76 -13.67 -10.22 -12.78 0.0
3.639 5.205 48.5 176.18 170.33 190.79 0.0218
0 0 0 0 0 0 0
0.71 0.627 44.78 4.9 -2.5 -9.28 0.0
4.604 4.374 48.81 172.49 169.87 173.34 0.0235
0 0 0 0 0 0 0
-0.191 0.21 39.8 11.76 8.09 19.54 0.0
4.237 4.73 44.41 170.78 172.8 158.73 0.0271
0 0 0 0 0 0 0
-0.012 -0.007 44.77 -3.29 14.28 -3.24 0.0
4.398 4.581 49.47 182.12 181.76 182.94 0.0273
0 0 0 0 0 0 0
-0.814 -0.915 37.09 -5.8 5.75 5.33 0.0
4.533 4.448 42.91 167.32 182.64 188.32 0.0324
0 0 0 0 0 0 0
-0.811 0.255 43.3 -12.51 10.88 -4.63 0.0
4.001 4.932 48.25 171.01 171.08 159.04 0.0284
0 0 0 0 0 0 0
-0.215 -0.083 39.38 -12.79 -10.6 6.6 0.0
4.368 4.609 44.41 176.67 149.29 178.44 0.0288
0 0 0 0 0 0 0
0.299 -0.382 40.1 16.57 10.42 -2.57 0.0
4.76 4.204 44.81 177.13 179.18 183.27 0.0282
0 0 0 0 0 0 0
-0.535 0.066 37.43 4.78 10.97 -11.34 0.0
4.066 4.878 42.13 157.43 177.13 165.12 0.0283
0 0 0 0 0 0 0
-0.963 0.839 42.59 -7.69 -17.3 -19.96 0.0
3.551 5.265 47.11 170.93 165.2 168.77 0.0269
0 0 0 0 0 0 0
-1.784 -0.708 43.69 -21.65 -13.67 -14.97 0.0
3.936 4.984 49.78 174.94 162.38 176.32 0.0346
0 0 0 0 0 0 0
1.736 0.355 40.28 3.67 19.33 -17.27 0.0
5.142 3.726 43.84 181.65 175.94 173.96 0.0213
0 0 0 0 0 0 0
-0.855 0.312 39.75 -3.17 -7.23 -10.12 0.0
3.753 5.123 44.73 163.01 186.8 180.28 0.0292
0 0 0 0 0 0 0
-0.158 -1.388 36.73 6.9 8.44 -19.33 0.0
5.054 3.845 42.3 168.91 176.15 173.87 0.0318
0 0 0 0 0 0 0
-0.571 0.826 41.43 24.09 -17.98 -17.18 0.0
3.636 5.207 45.97 153.78 167.26 187.95 0.0262
0 0 0 0 0 0 0
-0.302 -0.089 44.41 -3.55 9.47 1.91 0.0
4.373 4.605 49.3 172.76 160.68 169.3 0.0279
0 0 0 0 0 0 0
-0.158 0.066 43.09 -11.46 -4.24 22.86 0.0
4.322 4.653 47.77 170.78 179.21 158.18 0.0278
0 0 0 0 0 0 0
1.019 -1.427 38.61 2.07 -24.82 3.66 0.0
5.61 2.976 43.31 168.37 180.78 173.0 0.0277
0 0 0 0 0 0 0
-1.026 -0.535 37.26 -8.93 -22.93 4.36 0.0
4.337 4.64 42.9 182.11 175.0 183.94 0.0326
0 0 0 0 0 0 0
1.266 -0.489 39.09 -5.35 17.34 -8.51 0.0
5.294 3.508 43.41 180.84 161.09 176.88 0.0248
0 0 0 0 0 0 0
-0.44 0.169 36.75 -0.61 -12.78 -22.24 0.0
4.132 4.822 41.55 177.08 170.57 171.76 0.0275
0 0 0 0 0 0 0
-0.256 -1.379 35.39 -0.62 8.31 -5.83 0.0
5.059 3.838 41.01 191.79 169.65 168.85 0.0323
0 0 0 0 0 0 0
-1.25 -0.159 35.26 8.68 14.61 21.05 0.0
3.899 5.014 40.86 167.29 170.56 188.33 0.0314
0 0 0 0 0 0 0
1.681 0.939 41.94 -15.23 5.03 5.17 0.0
4.778 4.183 45.1 163.18 178.91 170.02 0.0198
0 0 0 0 0 0 0
0.881 0.277 35.74 -8.88 13.1 -11.65 0.0
4.712 4.256 39.64 184.11 175.14 169.6 0.0232
0 0 0 0 0 0 0
-0.599 1.028 44.41 -0.2 7.98 7.09 0.0
3.55 5.266 48.78 168.88 178.74 153.02 0.0257
0 0 0 0 0 0 0
1.08 0.937 43.45 -24.31 -30.5 1.09 0.0
4.652 4.324 47.07 166.81 194.67 174.35 0.0213
0 0 0 0 0 0 0
-1.162 0.323 39.95 -10.59 -13.18 -24.22 0.0
3.772 5.109 45.12 182.31 192.29 159.69 0.03
0 0 0 0 0 0 0
0.541 0.032 42.82 -17.0 -9.25 -6.04 0.0
4.714 4.256 47.26 162.26 162.0 159.47 0.0264
0 0 0 0 0 0 0
0.537 1.156 43.06 18.07 -1.84 11.65 0.0
4.089 4.859 46.7 170.95 180.92 176.63 0.0217
0 0 0 0 0 0 0
0.065 -0.6 39.01 -8.38 -3.88 13.95 0.0
4.711 4.259 44.0 162.06 185.65 176.74 0.0292
0 0 0 0 0 0 0
-0.903 -0.67 36.07 -13.52 9.04 10.87 0.0
4.305 4.669 41.5 175.69 174.38 162.67 0.0315
0 0 0 0 0 0 0
0.166 0.293 36.45 10.78 -10.16 20.23 0.0
4.394 4.585 40.95 179.81 173.67 177.48 0.0264
0 0 0 0 0 0 0
1.645 -0.194 44.64 -13.5 -19.07 10.07 0.0
5.229 3.604 48.6 161.39 185.19 187.34 0.0233
0 0 0 0 0 0 0
-0.064 0.928 39.33 24.01 11.96 -3.32 0.0
4.02 4.916 43.45 172.76 178.99 157.01 0.0243
0 0 0 0 0 0 0
0.462 -0.274 40.02 -14.33 -3.67 20.2 0.0
4.762 4.201 44.52 170.05 174.73 175.4 0.0266
0 0 0 0 0 0 0
-0.058 0.036 40.15 -14.14 -8.97 -8.52 0.0
4.365 4.613 44.88 176.07 172.01 183.08 0.0278
0 0 0 0 0 0 0
-0.05 0.038 41.2 -19.66 -1.11 1.9 0.0
4.522 4.459 45.79 177.56 172.36 169.65 0.0275
0 0 0 0 0 0 0
1.577 0.057 35.68 6.55 3.31 -13.18 0.0
5.182 3.672 39.37 188.59 176.72 174.54 0.0225
0 0 0 0 0 0 0
-0.539 1.01 38.64 -19.45 -4.8 -26.92 0.0
3.664 5.187 43.03 181.9 173.58 190.55 0.0258
0 0 0 0 0 0 0
-0.405 0.295 37.03 -11.34 5.12 15.65 0.0
4.114 4.837 41.59 161.32 154.94 182.98 0.0273
0 0 0 0 0 0 0
0.219 -0.216 43.25 10.82 6.76 29.87 0.0
4.731 4.237 48.19 179.31 174.56 172.23 0.0278
0 0 0 0 0 0 0
-0.696 1.362 38.93 -2.82 -6.51 8.95 0.0
3.273 5.442 43.07 186.68 206.19 187.88 0.025
0 0 0 0 0 0 0
-0.271 -0.647 44.73 -2.64 -6.51 9.01 0.0
4.756 4.208 49.96 173.35 173.8 184.25 0.0302
0 0 0 0 0 0 0
0.775 1.3 43.84 18.21 15.37 1.47 0.0
4.129 4.825 47.23 191.34 165.78 172.72 0.0209
0 0 0 0 0 0 0
-0.756 1.79 40.03 -41.68 13.16 1.82 0.0
3.002 5.596 43.98 169.11 172.14 176.2 0.0236
0 0 0 0 0 0 0
-1.185 -0.622 38.74 -2.66 -9.86 6.19 0.0
4.146 4.81 44.23 174.6 171.93 172.68 0.0325
0 0 0 0 0 0 0
-1.374 -1.214 37.76 -3.43 7.19 -2.24 0.0
4.266 4.704 43.69 187.34 178.06 183.52 0.0348
0 0 0 0 0 0 0
-0.015 0.001 43.57 -12.76 9.45 14.76 0.0
4.296 4.677 48.32 171.8 164.25 171.23 0.0277
0 0 0 0 0 0 0
-0.248 1.895 42.97 -14.9 16.46 -7.22 0.0
3.278 5.439 46.56 169.1 166.64 175.94 0.0215
0 0 0 0 0 0 0
0.002 0.626 40.77 13.46 0.5 26.0 0.0
4.179 4.781 45.14 170.72 179.26 183.12 0.0261
0 0 0 0 0 0 0
1.093 0.86 39.51 25.71 21.3 -1.49 0.0
4.593 4.386 43.22 158.44 176.7 174.59 0.0217
0 0 0 0 0 0 0
-0.38 0.741 35.57 5.41 -21.52 8.61 0.0
3.928 4.99 40.04 180.42 162.58 181.73 0.0268
0 0 0 0 0 0 0
0.284 0.798 43.83 -18.28 10.87 -5.49 0.0
4.152 4.806 47.93 182.61 168.42 169.3 0.0249
0 0 0 0 0 0 0
-0.747 0.022 40.84 6.26 21.92 7.71 0.0
3.946 4.976 45.78 176.54 188.51 189.02 0.0293
0 0 0 0 0 0 0
-0.003 -0.07 39.38 10.31 7.14 -24.72 0.0
4.524 4.458 44.05 175.9 182.08 188.05 0.0274
0 0 0 0 0 0 0
1.018 0.046 44.22 -12.38 18.67 -7.02 0.0
4.986 3.933 48.4 184.96 156.3 176.08 0.0244
0 0 0 0 0 0 0
-0.889 -0.796 38.33 0.08 -12.01 9.33 0.0
4.423 4.557 44.09 177.06 177.65 165.58 0.0329
0 0 0 0 0 0 0
-0.402 0.751 42.98 -3.89 33.04 -6.99 0.0
3.887 5.023 47.54 170.8 178.06 171.8 0.0261
0 0 0 0 0 0 0
-0.458 0.172 41.01 20.22 7.27 -13.76 0.0
4.117 4.835 45.9 169.11 183.78 174.09 0.0284
0 0 0 0 0 0 0
-0.951 -0.073 43.31 7.14 7.67 0.65 0.0
4.087 4.861 48.36 173.77 159.69 165.51 0.0299
0 0 0 0 0 0 0
-1.555 -0.361 36.09 9.49 11.72 -15.4 0.0
3.911 5.003 41.55 181.01 187.22 177.71 0.0318
0 0 0 0 0 0 0
0.832 -0.434 44.9 8.79 9.28 -13.61 0.0
5.066 3.829 49.48 175.24 176.43 166.42 0.0264
0 0 0 0 0 0 0
0.449 0.488 42.46 12.91 -8.93 17.21 0.0
4.564 4.415 46.66 174.93 167.95 158.09 0.0244
0 0 0 0 0 0 0
0.064 -0.192 40.82 9.82 2.45 9.98 0.0
4.585 4.393 45.55 171.37 183.25 187.33 0.0281
0 0 0 0 0 0 0
-0.234 0.935 41.13 -2.17 -14.48 -14.91 0.0
3.891 5.019 45.37 179.39 177.9 166.68 0.0249
0 0 0 0 0 0 0
-1.233 0.571 41.09 15.11 18.67 33.21 0.0
3.657 5.193 46.12 184.68 177.72 168.63 0.029
0 0 0 0 0 0 0
-1.612 -1.099 37.69 2.31 4.45 14.2 0.0
4.231 4.735 43.93 167.25 171.61 185.96 0.0355
0 0 0 0 0 0 0
0.353 -1.162 35.11 11.39 -1.3 -1.07 0.0
5.2 3.646 40.14 175.23 178.8 173.37 0.0293
0 0 0 0 0 0 0
-0.157 0.096 41.21 0.17 10.8 33.09 0.0
4.465 4.516 46.23 183.52 173.73 177.05 0.0284
0 0 0 0 0 0 0
-0.033 0.036 40.48 5.14 1.07 2.78 0.0
4.477 4.503 45.28 163.27 166.3 168.53 0.0277
0 0 0 0 0 0 0
0.072 1.031 43.52 -12.33 -13.18 19.25 0.0
3.993 4.938 47.72 172.24 166.63 186.58 0.0241
0 0 0 0 0 0 0
0.603 0.108 38.21 -30.47 -2.04 15.31 0.0
4.666 4.309 42.54 175.08 163.46 185.68 0.0259
0 0 0 0 0 0 0
-0.751 -0.434 42.1 -6.36 3.82 -40.92 0.0
4.328 4.648 47.65 162.11 187.22 181.76 0.0318
0 0 0 0 0 0 0
-0.023 0.221 35.6 3.8 7.38 6.31 0.0
4.253 4.716 40.11 185.48 177.68 166.67 0.0265
0 0 0 0 0 0 0
0.422 -0.023 41.96 -15.47 -3.77 1.55 0.0
4.735 4.232 46.51 186.27 182.62 183.2 0.0261
0 0 0 0 0 0 0
-0.174 0.322 38.41 10.96 22.3 -12.49 0.0
4.212 4.752 43.22 175.29 180.34 178.59 0.0275
0 0 0 0 0 0 0
0.094 -1.351 44.92 16.1 -3.24 -5.56 0.0
5.217 3.621 50.16 176.58 154.8 175.27 0.0311
0 0 0 0 0 0 0
-0.749 0.746 36.98 17.37 -8.74 3.98 0.0
3.752 5.124 41.61 164.6 173.56 174.89 0.0275
0 0 0 0 0 0 0
-0.148 -1.445 42.07 -3.48 -17.4 6.92 0.0
5.194 3.655 47.4 181.6 178.9 177.84 0.032
0 0 0 0 0 0 0
0.481 -0.745 37.66 -28.12 -11.92 -10.98 0.0
4.99 3.927 42.45 164.24 168.89 171.41 0.0279
0 0 0 0 0 0 0
-0.621 -0.197 37.93 -13.24 -14.25 -10.43 0.0
4.39 4.588 43.26 174.09 167.43 162.17 0.0309
0 0 0 0 0 0 0
0.356 0.222 35.69 -14.65 -5.37 -2.03 0.0
4.616 4.361 40.19 175.22 153.56 165.66 0.0262
0 0 0 0 0 0 0
-0.419 -0.147 35.2 -0.26 14.28 15.24 0.0
4.303 4.671 40.27 173.23 189.84 172.63 0.0289
0 0 0 0 0 0 0
-0.395 -0.168 44.29 11.53 15.54 4.52 0.0
4.319 4.656 49.32 177.67 185.11 192.85 0.0287
0 0 0 0 0 0 0
0.001 -0.187 36.26 -17.52 -4.76 -20.9 0.0
4.713 4.256 41.05 174.2 173.01 185.88 0.028
0 0 0 0 0 0 0
-0.569 0.402 42.72 -15.57 -0.37 -2.41 0.0
3.921 4.995 47.44 178.7 159.98 189.69 0.0281
0 0 0 0 0 0 0
-1.425 0.699 37.36 5.12 9.13 -0.07 0.0
3.335 5.404 42.34 165.61 175.8 177.87 0.0294
0 0 0 0 0 0 0
0.171 0.976 41.58 28.43 -14.45 4.71 0.0
4.121 4.833 45.62 177.27 170.16 205.67 0.0243
0 0 0 0 0 0 0
-0.181 1.553 40.7 -15.29 -4.87 8.68 0.0
3.545 5.269 44.6 185.41 163.42 165.17 0.0231
0 0 0 0 0 0 0
0.442 -0.318 37.26 7.68 5.56 10.83 0.0
4.855 4.095 41.9 184.3 173.05 177.76 0.0273
0 0 0 0 0 0 0
0.027 -0.147 40.31 -3.32 -13.11 -12.54 0.0
4.592 4.387 45.09 161.71 164.48 157.94 0.028
0 0 0 0 0 0 0
0.167 -0.392 37.6 15.68 0.12 -15.17 0.0
4.797 4.161 42.36 169.28 167.06 162.29 0.0284
0 0 0 0 0 0 0
-0.141 0.144 39.94 -2.09 9.46 -4.59 0.0
4.298 4.675 44.7 159.45 155.94 179.94 0.0277
0 0 0 0 0 0 0
0.572 -1.827 39.69 -6.6 -4.13 -14.07 0.0
5.49 3.192 44.9 184.23 180.01 169.77 0.0306
0 0 0 0 0 0 0
-0.329 0.303 36.77 -9.7 0.6 13.55 0.0
4.227 4.739 41.53 170.53 174.46 163.35 0.0279
0 0 0 0 0 0 0
0.923 -0.099 37.63 -10.85 -4.28 -2.69 0.0
4.925 4.009 42.0 171.84 190.31 184.51 0.025
0 0 0 0 0 0 0
1.328 1.48 42.96 -9.26 -8.82 4.26 0.0
4.414 4.566 46.32 178.88 173.53 172.7 0.0199
0 0 0 0 0 0 0
1.766 0.535 40.05 11.13 17.9 -17.61 0.0
5.009 3.903 43.41 173.25 171.31 178.28 0.0216
0 0 0 0 0 0 0
-0.031 -0.455 43.42 21.1 -5.98 -13.7 0.0
4.78 4.181 48.31 183.52 164.63 164.96 0.0285
0 0 0 0 0 0 0
0.11 0.227 41.94 11.15 1.81 -5.13 0.0
4.368 4.61 46.5 167.15 157.49 168.58 0.0267
0 0 0 0 0 0 0
0.891 1.628 37.64 -18.08 -1.41 27.84 0.0
4.142 4.814 41.2 162.21 167.28 171.25 0.0208
0 0 0 0 0 0 0
0.376 -1.442 44.18 4.1 11.02 6.1 0.0
5.279 3.528 49.51 175.68 173.82 178.51 0.0299
0 0 0 0 0 0 0
-0.095 0.125 41.98 -9.26 -8.21 4.31 0.0
4.412 4.568 46.69 182.45 163.97 171.16 0.0275
0 0 0 0 0 0 0
-1.033 -1.175 40.03 -8.44 14.69 3.15 0.0
4.573 4.406 45.95 176.02 156.23 190.93 0.0338
0 0 0 0 0 0 0
0.019 1.81 35.14 39.32 -31.68 -13.82 0.0
3.597 5.234 38.87 177.43 151.1 180.48 0.0215
0 0 0 0 0 0 0
0.339 0.05 38.52 10.03 -18.38 -8.14 0.0
4.614 4.363 42.99 188.6 179.46 166.45 0.0266
0 0 0 0 0 0 0
0.857 0.725 42.78 12.24 -6.24 -9.45 0.0
4.557 4.423 46.63 177.26 169.16 181.59 0.0229
0 0 0 0 0 0 0
-0.164 0.235 40.22 11.87 6.62 -3.66 0.0
4.223 4.743 44.93 168.08 164.8 168.3 0.0268
0 0 0 0 0 0 0
0.196 -0.563 35.08 -19.45 12.13 7.86 0.0
4.79 4.169 40.08 169.5 190.72 181.59 0.0295
0 0 0 0 0 0 0
-0.604 1.355 39.93 -18.15 16.55 15.8 0.0
3.34 5.401 44.24 161.68 170.4 165.37 0.0249
0 0 0 0 0 0 0
-1.22 -0.58 41.1 5.84 -0.96 2.32 0.0
4.285 4.687 46.72 180.9 168.76 174.82 0.0326
0 0 0 0 0 0 0
0.806 1.712 35.42 -23.38 14.91 5.17 0.0
4.05 4.892 38.83 160.66 175.36 174.63 0.0197
0 0 0 0 0 0 0
1.385 -0.667 40.07 32.83 15.41 -6.58 0.0
5.39 3.358 44.25 163.15 184.28 197.71 0.0242
0 0 0 0 0 0 0
0.093 1.623 35.46 1.72 2.33 1.86 0.0
3.688 5.17 39.19 177.17 177.41 170.89 0.0217
0 0 0 0 0 0 0
1.909 0.575 37.18 -4.39 9.23 11.04 0.0
5.104 3.78 40.55 161.61 158.99 169.41 0.0204
0 0 0 0 0 0 0
-0.691 0.561 37.55 -13.04 -15.05 28.56 0.0
3.856 5.046 42.55 177.56 165.37 180.63 0.0283
0 0 0 0 0 0 0
-0.174 -0.883 42.83 23.43 -21.05 12.3 0.0
4.898 4.041 48.22 173.9 178.32 166.83 0.031
0 0 0 0 0 0 0
-0.978 1.401 36.47 -12.9 11.39 16.64 0.0
3.092 5.547 40.92 171.57 173.03 168.17 0.0255
0 0 0 0 0 0 0
-1.286 1.349 36.38 12.32 -9.1 3.45 0.0
2.945 5.626 40.6 175.51 168.73 166.05 0.0257
0 0 0 0 0 0 0
1.208 -1.544 41.19 -7.98 -9.87 -11.48 0.0
5.648 2.904 45.96 170.7 176.75 154.98 0.0276
0 0 0 0 0 0 0
0.102 0.722 37.63 -2.51 -4.22 5.27 0.0
4.233 4.734 41.78 182.58 177.81 177.51 0.0253
0 0 0 0 0 0 0
-0.153 -0.087 44.71 24.19 -4.59 1.45 0.0
4.438 4.542 49.75 171.84 163.56 193.68 0.0284
0 0 0 0 0 0 0
0.003 0.015 41.97 -7.65 25.82 -5.24 0.0
4.517 4.464 46.52 175.78 196.36 175.45 0.0273
0 0 0 0 0 0 0
-1.863 0.218 45.0 -9.54 4.49 23.89 0.0
3.299 5.427 50.45 176.67 166.19 169.34 0.0318
0 0 0 0 0 0 0
1.666 -0.796 37.6 -3.22 3.02 9.67 0.0
5.583 3.026 41.5 170.84 168.59 170.25 0.024
0 0 0 0 0 0 0
-0.18 0.655 38.73 2.72 12.3 -17.55 0.0
4.02 4.916 43.16 178.53 172.83 171.03 0.0261
0 0 0 0 0 0 0
0.861 -1.344 41.68 16.52 -12.02 -5.83 0.0
5.533 3.117 46.69 175.23 171.37 184.14 0.0285
0 0 0 0 0 0 0
-0.758 0.234 44.65 10.52 -17.16 20.9 0.0
3.9 5.012 49.53 180.23 167.38 188.12 0.0286
0 0 0 0 0 0 0
-0.691 -0.864 39.44 -1.18 10.11 -5.02 0.0
4.57 4.409 44.93 164.9 173.19 175.58 0.0314
0 0 0 0 0 0 0
-1.418 -1.355 39.97 6.78 -2.44 7.62 0.0
4.413 4.567 46.33 176.2 179.62 173.95 0.036
0 0 0 0 0 0 0
-0.354 -0.201 44.74 12.93 3.55 -10.79 0.0
4.42 4.56 49.73 181.21 166.45 162.92 0.0287
0 0 0 0 0 0 0
0.295 -1.516 43.86 17.95 15.91 5.13 0.0
5.287 3.519 49.19 166.38 181.3 172.51 0.0304
0 0 0 0 0 0 0
0.016 0.129 44.54 1.4 0.35 10.87 0.0
4.322 4.653 49.37 180.22 169.56 160.86 0.0273
0 0 0 0 0 0 0
-1.671 0.854 44.97 -7.13 -11.84 -1.84 0.0
3.142 5.518 49.87 182.31 187.5 159.14 0.0285
0 0 0 0 0 0 0
0.253 -0.037 38.4 -2.65 -11.98 13.27 0.0
4.663 4.312 43.21 162.72 182.38 185.35 0.0272
0 0 0 0 0 0 0
-0.51 0.606 44.65 -13.25 2.37 0.29 0.0
3.901 5.011 49.3 158.84 166.66 164.69 0.0273
0 0 0 0 0 0 0
-1.112 -1.631 38.09 -6.62 22.9 -0.73 0.0
4.642 4.333 44.67 169.63 171.24 180.1 0.0358
0 0 0 0 0 0 0
0.41 -0.353 42.94 -3.23 -8.85 -6.19 0.0
4.859 4.089 47.7 171.58 179.34 183.17 0.0278
0 0 0 0 0 0 0
0.341 -0.072 36.63 4.12 23.3 -7.76 0.0
4.722 4.247 40.93 163.63 183.45 156.71 0.0263
0 0 0 0 0 0 0
-0.866 -0.753 43.26 -4.01 -2.95 -7.02 0.0
4.289 4.683 48.94 161.65 167.65 168.8 0.0321
0 0 0 0 0 0 0
-0.987 0.716 41.55 -9.87 12.72 10.38 0.0
3.453 5.329 46.49 179.1 166.37 183.89 0.0282
0 0 0 0 0 0 0
-0.106 -0.323 38.31 5.9 -1.16 -10.12 0.0
4.651 4.325 43.0 189.46 197.74 151.83 0.0281
0 0 0 0 0 0 0
1.102 -0.516 42.83 3.22 1.89 -7.12 0.0
5.244 3.582 47.19 169.27 159.04 171.95 0.026
0 0 0 0 0 0 0
-1.218 0.478 35.63 -7.85 -8.03 18.98 0.0
3.56 5.258 41.04 167.66 174.6 169.25 0.0308
0 0 0 0 0 0 0
-0.218 -0.26 42.8 3.41 8.51 -0.01 0.0
4.381 4.598 47.74 177.43 174.02 171.6 0.0288
0 0 0 0 0 0 0
-0.299 -0.119 44.14 -17.85 8.49 9.77 0.0
4.514 4.467 49.15 185.57 175.02 188.87 0.0292
0 0 0 0 0 0 0
-0.592 -1.536 36.15 -5.91 3.82 15.04 0.0
4.826 4.127 42.02 171.16 170.21 165.31 0.0337
0 0 0 0 0 0 0
0.242 0.085 36.71 11.34 0.23 14.3 0.0
4.582 4.398 41.19 191.47 180.49 179.28 0.0264
0 0 0 0 0 0 0
0.52 -0.421 39.38 -6.33 5.36 9.0 0.0
4.97 3.953 43.96 189.04 161.27 172.21 0.0274
0 0 0 0 0 0 0
0.718 -0.939 35.99 -0.83 20.05 18.17 0.0
5.263 3.554 40.71 166.11 179.6 171.15 0.0275
0 0 0 0 0 0 0
-0.257 0.535 44.45 5.39 1.39 -14.24 0.0
4.069 4.875 48.91 157.78 196.35 176.04 0.0265
0 0 0 0 0 0 0
0.1 0.042 41.17 1.06 11.58 1.52 0.0
4.407 4.572 45.8 186.6 168.39 189.83 0.0271
0 0 0 0 0 0 0
-0.829 0.317 40.76 -25.88 -22.08 6.49 0.0
3.807 5.083 45.73 175.9 184.95 178.8 0.0288
0 0 0 0 0 0 0
0.713 0.224 38.65 -15.37 -32.27 21.76 0.0
4.662 4.312 42.94 168.58 174.69 160.73 0.0252
0 0 0 0 0 0 0
-0.404 1.382 43.35 0.3 -7.54 14.98 0.0
3.469 5.319 47.51 166.01 168.84 178.47 0.0245
0 0 0 0 0 0 0
0.386 0.565 44.72 -2.3 4.18 8.34 0.0
4.439 4.541 48.89 171.48 182.76 188.82 0.0243
0 0 0 0 0 0 0
0.412 -0.892 41.96 0.95 10.34 12.22 0.0
5.059 3.839 46.96 166.49 175.94 165.95 0.0288
0 0 0 0 0 0 0
0.353 0.609 35.81 11.16 13.52 1.08 0.0
4.325 4.651 39.95 173.77 165.43 174.37 0.0246
0 0 0 0 0 0 0
0.325 0.467 38.41 13.74 -5.62 0.48 0.0
4.517 4.464 42.82 186.88 175.17 184.8 0.0252
0 0 0 0 0 0 0
1.515 0.594 44.23 21.19 7.7 7.81 0.0
4.915 4.022 47.83 179.77 181.7 167.1 0.0211
0 0 0 0 0 0 0
0.174 0.045 40.83 -5.84 4.88 -11.42 0.0
4.524 4.457 45.31 171.04 179.96 178.84 0.0267
0 0 0 0 0 0 0
0.037 0.785 35.35 16.76 3.42 12.57 0.0
4.012 4.923 39.58 169.88 172.46 169.6 0.0247
0 0 0 0 0 0 0
0.591 -0.831 38.24 -2.6 19.32 -19.0 0.0
5.154 3.711 42.98 181.03 174.44 180.1 0.0279
0 0 0 0 0 0 0
-0.819 0.058 36.06 -0.01 -12.92 -20.29 0.0
4.02 4.916 40.89 167.32 178.34 161.74 0.0296
0 0 0 0 0 0 0
0.056 -0.104 40.38 15.37 -12.96 -13.64 0.0
4.523 4.458 45.1 170.23 181.8 165.55 0.0282
0 0 0 0 0 0 0
1.361 -0.927 44.76 3.72 -15.23 17.6 0.0
5.519 3.142 49.22 173.68 159.82 165.53 0.0264
0 0 0 0 0 0 0
-0.956 -0.221 35.67 -15.75 10.45 13.4 0.0
4.121 4.832 40.97 172.64 177.75 179.02 0.0308
0 0 0 0 0 0 0
1.617 0.679 38.57 2.14 -18.23 3.59 0.0
4.941 3.99 41.99 187.05 179.45 180.23 0.0201
0 0 0 0 0 0 0
-0.382 -0.123 35.55 8.88 -14.2 3.82 0.0
4.339 4.637 40.59 166.22 176.88 183.81 0.0288
0 0 0 0 0 0 0
-1.154 -1.139 42.51 -7.61 13.41 -2.66 0.0
4.52 4.461 48.53 176.76 170.83 197.86 0.0343
0 0 0 0 0 0 0
-0.286 -1.462 37.72 -13.44 -6.68 -12.49 0.0
5.036 3.869 43.52 176.93 172.63 188.6 0.0329
0 0 0 0 0 0 0
0.771 0.958 39.78 19.85 -13.67 17.63 0.0
4.392 4.587 43.78 152.09 172.08 179.01 0.0233
0 0 0 0 0 0 0
1.246 0.028 40.88 -18.55 8.33 7.6 0.0
5.101 3.783 44.99 160.73 179.15 180.35 0.0238
0 0 0 0 0 0 0
-0.232 -0.393 41.37 -31.61 4.82 0.5 0.0
4.53 4.45 46.59 184.66 180.2 178.41 0.0294
0 0 0 0 0 0 0
0.632 -0.36 35.49 2.57 -1.36 9.41 0.0
5.013 3.898 40.03 183.16 172.2 180.77 0.0272
0 0 0 0 0 0 0
-0.799 -0.345 39.19 13.21 -17.83 -1.72 0.0
4.29 4.682 44.58 170.31 182.47 172.47 0.0314
0 0 0 0 0 0 0
-1.209 1.436 38.53 1.01 14.87 20.34 0.0
2.919 5.64 43.04 187.12 175.06 172.74 0.0252
0 0 0 0 0 0 0
-0.862 -0.426 43.07 31.79 43.44 26.38 0.0
4.202 4.761 48.45 182.31 170.36 163.01 0.0307
0 0 0 0 0 0 0
0.564 1.1 36.19 16.23 10.71 13.76 0.0
4.148 4.809 39.83 157.42 177.72 172.63 0.0222
0 0 0 0 0 0 0
-0.558 -0.812 41.79 0.78 17.71 -15.25 0.0
4.604 4.374 47.26 190.3 179.23 175.22 0.0315
0 0 0 0 0 0 0
0.151 0.249 41.55 1.6 -12.4 4.22 0.0
4.461 4.52 45.96 168.27 172.04 179.36 0.026
0 0 0 0 0 0 0
-0.241 -0.208 41.86 3.6 -14.02 9.43 0.0
4.498 4.483 46.79 177.29 175.03 171.74 0.0289
0 0 0 0 0 0 0
0.353 0.025 43.03 16.45 15.56 -4.78 0.0
4.664 4.31 47.52 184.8 175.2 179.14 0.0266
0 0 0 0 0 0 0
-0.592 -1.571 38.22 -0.74 7.9 -14.36 0.0
4.981 3.938 43.81 155.89 160.65 188.56 0.0326
0 0 0 0 0 0 0
-0.341 -0.233 43.31 5.11 -0.27 4.74 0.0
4.451 4.53 48.39 173.88 188.68 183.3 0.0296
0 0 0 0 0 0 0
0.114 1.507 37.55 -4.69 0.72 20.56 0.0
3.694 5.165 41.42 164.56 171.47 189.57 0.0221
0 0 0 0 0 0 0
1.475 -0.201 44.19 11.17 -0.12 2.69 0.0
5.213 3.627 48.08 177.35 176.01 181.25 0.0231
0 0 0 0 0 0 0
0.296 1.579 43.53 10.79 -25.38 10.15 0.0
3.806 5.084 46.98 174.94 153.79 178.29 0.0216
0 0 0 0 0 0 0
0.215 -0.084 42.32 13.4 -4.61 6.28 0.0
4.698 4.273 46.86 169.78 175.59 169.95 0.0269
0 0 0 0 0 0 0
-1.528 -1.03 42.67 -2.19 1.13 -10.83 0.0
4.109 4.842 48.85 167.97 177.83 184.83 0.0348
0 0 0 0 0 0 0
-0.291 1.326 39.26 -25.42 -25.93 11.0 0.0
3.642 5.203 43.33 173.28 182.44 173.79 0.0247
0 0 0 0 0 0 0
0.119 1.04 44.42 9.01 -1.66 9.51 0.0
3.997 4.934 48.47 165.63 172.61 177.74 0.0241
0 0 0 0 0 0 0
-1.304 1.134 43.66 -15.47 -1.92 8.14 0.0
3.119 5.532 48.17 186.69 189.82 187.84 0.0268
0 0 0 0 0 0 0
-0.268 0.49 41.6 -10.17 -15.74 -3.42 0.0
4.122 4.831 46.3 172.01 169.6 176.26 0.0272
0 0 0 0 0 0 0
-0.649 0.269 35.91 -6.04 13.63 -14.9 0.0
3.919 4.997 40.67 171.79 175.29 167.51 0.0283
0 0 0 0 0 0 0
0.975 0.232 40.86 1.36 2.23 -6.25 0.0
4.797 4.161 44.79 174.93 168.09 176.87 0.024
0 0 0 0 0 0 0
1.262 -0.141 43.03 -3.59 1.65 29.62 0.0
5.139 3.731 47.07 175.52 167.15 174.26 0.024
0 0 0 0 0 0 0
0.004 -0.04 37.86 -8.76 4.39 12.49 0.0
4.521 4.459 42.61 168.53 160.45 184.35 0.0275
0 0 0 0 0 0 0
0.701 -0.974 35.04 -1.57 -5.79 -20.93 0.0
5.294 3.507 39.63 157.63 165.38 177.58 0.0272
0 0 0 0 0 0 0
1.775 -0.192 43.02 -30.26 21.16 0.7 0.0
5.33 3.453 46.66 171.93 175.99 163.76 0.0223
0 0 0 0 0 0 0
-0.007 -0.143 36.86 0.41 14.12 -21.5 0.0
4.573 4.406 41.66 181.13 170.99 176.14 0.0282
0 0 0 0 0 0 0
-1.338 1.115 40.39 -33.95 -5.55 5.1 0.0
3.063 5.564 45.19 161.49 182.46 172.81 0.028
0 0 0 0 0 0 0
-0.161 0.321 39.61 16.33 1.2 -0.07 0.0
4.189 4.774 44.17 175.08 168.72 166.91 0.027
0 0 0 0 0 0 0
0.033 -0.001 35.51 -10.27 15.82 -3.34 0.0
4.537 4.444 40.16 184.29 173.52 180.49 0.0268
0 0 0 0 0 0 0
-0.513 -0.21 42.4 -1.21 -14.27 16.66 0.0
4.319 4.655 47.58 167.84 162.43 196.93 0.0298
0 0 0 0 0 0 0
0.959 0.097 38.99 11.29 -32.65 4.59 0.0
4.931 4.001 43.31 166.41 161.06 188.73 0.0247
0 0 0 0 0 0 0
-0.049 -1.0 37.5 0.24 -5.09 10.86 0.0
4.95 3.979 42.76 177.75 173.46 167.11 0.0297
0 0 0 0 0 0 0
1.302 -1.275 42.29 -18.33 15.42 -0.53 0.0
5.617 2.964 46.85 166.45 174.97 178.36 0.027
0 0 0 0 0 0 0
0.156 0.95 37.78 -10.76 -5.67 2.54 0.0
4.041 4.899 41.82 152.83 184.38 166.59 0.024
0 0 0 0 0 0 0
0.009 -0.959 35.54 12.21 7.3 -1.54 0.0
4.961 3.965 40.84 169.9 170.09 175.75 0.0312
0 0 0 0 0 0 0
1.398 -0.097 42.43 18.33 -18.72 20.83 0.0
5.2 3.645 46.32 172.08 180.06 170.52 0.0231
0 0 0 0 0 0 0
-0.299 -0.469 37.41 -2.79 18.26 -21.08 0.0
4.583 4.396 42.49 177.47 178.75 177.87 0.0298
0 0 0 0 0 0 0
-0.002 0.149 39.6 -3.14 -6.58 11.13 0.0
4.5 4.481 44.29 191.26 162.3 175.17 0.0269
0 0 0 0 0 0 0
0.279 0.768 42.7 -3.37 -2.12 -6.67 0.0
4.168 4.792 46.71 168.84 182.59 163.74 0.0235
0 0 0 0 0 0 0
0.723 0.196 41.73 5.84 -4.61 5.32 0.0
4.692 4.28 45.84 172.23 167.97 162.82 0.0246
0 0 0 0 0 0 0
-0.985 0.067 44.43 -1.51 -13.78 -21.5 0.0
4.025 4.912 49.65 190.93 146.49 181.38 0.03
0 0 0 0 0 0 0
0.767 1.282 39.65 17.03 4.75 0.85 0.0
4.132 4.823 43.2 175.68 187.68 165.36 0.0213
0 0 0 0 0 0 0
-0.202 0.437 42.21 -11.56 -2.07 -0.85 0.0
4.193 4.77 47.15 169.55 175.41 182.23 0.0279
0 0 0 0 0 0 0
-0.388 0.613 38.02 -2.1 8.4 -26.12 0.0
3.93 4.989 42.41 195.83 174.69 161.31 0.0265
0 0 0 0 0 0 0
1.807 -0.748 36.07 -3.63 6.59 7.57 0.0
5.6 2.995 39.98 172.35 155.65 176.01 0.0235
0 0 0 0 0 0 0
-0.682 0.602 42.69 1.14 9.95 -20.7 0.0
3.77 5.11 47.4 175.87 178.1 156.28 0.0279
0 0 0 0 0 0 0
-0.797 0.769 35.53 4.4 1.32 -15.97 0.0
3.648 5.198 40.08 182.2 192.41 169.53 0.0269
0 0 0 0 0 0 0
0.312 -0.649 40.45 23.36 9.72 6.02 0.0
5.001 3.914 45.36 175.07 146.04 180.18 0.0283
0 0 0 0 0 0 0
1.422 -0.57 44.68 -13.71 -14.08 10.99 0.0
5.446 3.268 48.77 169.9 166.71 173.59 0.0244
0 0 0 0 0 0 0
-1.426 -0.134 43.25 12.97 13.6 1.16 0.0
3.761 5.118 48.78 165.41 155.94 170.87 0.0318
0 0 0 0 0 0 0
0.001 0.014 41.37 -3.12 -2.86 4.32 0.0
4.46 4.521 46.12 176.86 201.34 163.62 0.0277
0 0 0 0 0 0 0
0.135 -0.218 40.57 -0.3 -7.49 -6.01 0.0
4.745 4.22 45.49 179.88 167.37 191.36 0.0277
0 0 0 0 0 0 0
0.971 0.907 44.04 -10.87 -0.18 17.11 0.0
4.564 4.416 47.67 165.91 188.78 190.87 0.022
0 0 0 0 0 0 0
0.155 -0.006 42.4 -5.67 -5.31 -32.1 0.0
4.635 4.341 47.22 173.78 162.72 177.5 0.0278
0 0 0 0 0 0 0
0.833 1.462 36.32 12.66 -2.24 -0.84 0.0
4.095 4.854 39.77 157.21 176.81 162.11 0.0211
0 0 0 0 0 0 0
0.015 1.376 42.05 1.02 -37.27 -9.48 0.0
3.771 5.11 45.89 172.33 178.37 163.91 0.0232
0 0 0 0 0 0 0
-0.702 -0.609 43.07 13.39 -14.79 2.34 0.0
4.387 4.592 48.57 176.53 174.23 179.87 0.0316
0 0 0 0 0 0 0
-1.626 0.483 38.56 -16.74 2.02 15.53 0.0
3.329 5.407 43.65 171.06 171.29 177.61 0.0298
0 0 0 0 0 0 0
1.076 -0.724 41.49 -18.62 6.13 -17.53 0.0
5.353 3.418 45.92 161.99 185.02 170.46 0.0266
0 0 0 0 0 0 0
0.85 0.244 43.99 14.09 -4.94 2.43 0.0
4.806 4.151 48.09 170.06 175.07 174.01 0.0242
0 0 0 0 0 0 0
-0.891 0.508 44.4 -15.33 -16.99 -0.29 0.0
3.747 5.128 49.13 162.99 165.44 161.43 0.0283
0 0 0 0 0 0 0
-0.083 -0.512 37.01 -3.33 -5.42 -6.41 0.0
4.652 4.323 42.05 189.47 174.72 163.23 0.0295
0 0 0 0 0 0 0
-0.284 -0.556 41.91 -14.42 -19.83 9.53 0.0
4.57 4.41 47.06 168.03 169.25 166.24 0.0297
0 0 0 0 0 0 0
1.532 1.232 38.13 7.36 3.6 -16.19 0.0
4.677 4.296 41.25 179.66 177.27 175.51 0.0189
0 0 0 0 0 0 0
-1.095 0.487 43.06 -8.41 -16.7 -8.49 0.0
3.522 5.284 48.06 180.29 175.81 184.96 0.0292
0 0 0 0 0 0 0
1.32 -0.978 39.29 -11.84 -10.24 22.24 0.0
5.477 3.214 43.86 164.74 169.75 170.09 0.0266
0 0 0 0 0 0 0
-0.109 -1.349 35.82 -1.91 21.78 4.34 0.0
5.01 3.903 41.31 164.01 164.0 167.96 0.0318
0 0 0 0 0 0 0
-1.839 -0.322 38.45 12.56 -5.99 2.54 0.0
3.742 5.131 44.4 171.15 169.67 175.89 0.0338
0 0 0 0 0 0 0
-1.041 0.005 36.65 -12.71 2.02 -33.86 0.0
3.907 5.006 41.91 181.47 177.07 170.5 0.0298
0 0 0 0 0 0 0
-0.244 1.383 35.45 -8.71 -35.31 -33.07 0.0
3.583 5.243 39.57 169.32 174.91 187.53 0.0246
0 0 0 0 0 0 0
0.267 -0.099 40.77 -8.64 12.2 26.41 0.0
4.67 4.304 45.39 176.13 182.47 178.41 0.027
0 0 0 0 0 0 0
1.44 -1.003 43.34 -23.93 16.47 2.05 0.0
5.462 3.239 47.51 167.84 171.95 163.62 0.0249
0 0 0 0 0 0 0
-1.179 0.206 36.56 17.89 -0.3 7.32 0.0
3.785 5.1 41.73 187.4 159.15 191.57 0.0298
0 0 0 0 0 0 0
-0.305 0.141 35.25 -15.33 4.75 -0.81 0.0
4.197 4.766 40.13 179.05 177.66 176.66 0.0285
0 0 0 0 0 0 0
-0.308 -0.338 43.82 0.67 -46.95 0.02 0.0
4.569 4.411 48.99 164.38 171.47 167.78 0.0302
0 0 0 0 0 0 0
0.11 -0.478 40.8 6.77 -4.73 14.25 0.0
4.743 4.224 45.66 182.98 176.42 172.76 0.0287
0 0 0 0 0 0 0
-1.447 -1.375 36.46 -2.55 -2.96 -16.9 0.0
4.483 4.498 42.73 169.53 171.71 168.3 0.0359
0 0 0 0 0 0 0
-1.847 0.603 37.65 -22.75 -23.83 24.4 0.0
3.01 5.592 43.02 176.71 174.14 193.41 0.0305
0 0 0 0 0 0 0
-0.516 -0.448 42.35 0.52 17.78 -6.58 0.0
4.391 4.588 47.69 191.53 174.99 178.03 0.0303
0 0 0 0 0 0 0
0.257 0.173 40.35 -18.09 -2.04 -9.42 0.0
4.598 4.381 44.81 149.01 169.72 183.86 0.0261
0 0 0 0 0 0 0
1.776 -0.333 43.76 -2.43 13.8 1.54 0.0
5.392 3.355 47.55 166.83 183.51 162.93 0.0231
0 0 0 0 0 0 0
0.358 -0.45 35.55 -1.44 -11.9 13.69 0.0
4.899 4.041 40.38 191.07 182.51 177.79 0.0277
0 0 0 0 0 0 0
0.092 -0.032 43.23 2.98 5.92 2.09 0.0
4.57 4.411 47.84 168.71 183.08 177.3 0.0271
0 0 0 0 0 0 0
-0.405 -0.55 39.48 -0.02 -6.42 6.55 0.0
4.627 4.35 44.71 168.25 167.12 164.84 0.0306
0 0 0 0 0 0 0
-0.947 0.875 39.04 5.25 19.13 22.89 0.0
3.493 5.304 43.69 170.31 183.09 179.25 0.0265
0 0 0 0 0 0 0
-0.002 -0.02 38.72 6.49 11.03 6.98 0.0
4.544 4.436 43.46 179.71 185.41 181.13 0.028
0 0 0 0 0 0 0
0.899 1.606 38.32 -10.09 -15.05 7.89 0.0
4.146 4.81 41.86 186.51 179.15 172.49 0.0203
0 0 0 0 0 0 0
0.314 -0.172 37.47 -7.31 -21.4 13.14 0.0
4.705 4.265 42.05 174.13 165.36 180.95 0.0277
0 0 0 0 0 0 0
0.506 -1.73 36.4 -22.51 -8.84 -11.27 0.0
5.448 3.263 41.61 185.87 177.75 170.77 0.0307
0 0 0 0 0 0 0
-1.048 1.097 40.82 10.34 12.43 -8.12 0.0
3.323 5.411 45.24 173.37 169.69 155.61 0.0268
0 0 0 0 0 0 0
0.238 0.184 39.65 12.59 -13.85 3.56 0.0
4.602 4.376 44.19 175.43 171.99 186.56 0.0262
0 0 0 0 0 0 0
-0.755 1.74 35.03 -1.92 1.54 25.43 0.0
3.076 5.556 39.12 178.63 184.37 173.03 0.0236
0 0 0 0 0 0 0
-1.106 0.05 40.43 -7.79 -6.41 -3.46 0.0
3.854 5.047 45.6 164.95 162.11 176.0 0.0305
0 0 0 0 0 0 0
0.568 1.807 43.43 7.66 17.88 -6.67 0.0
3.657 5.192 46.83 161.43 176.64 176.66 0.0202
0 0 0 0 0 0 0
0.398 -0.514 38.55 1.9 3.91 -5.51 0.0
4.949 3.98 43.1 166.6 182.83 174.36 0.0274
0 0 0 0 0 0 0
0.066 0.669 39.02 8.65 13.67 -1.55 0.0
4.177 4.783 43.2 177.69 174.03 179.82 0.0254
0 0 0 0 0 0 0
0.566 0.884 39.31 -7.04 -13.42 -1.23 0.0
4.352 4.624 43.35 171.12 184.49 174.93 0.0238
0 0 0 0 0 0 0
-0.059 -0.313 44.54 6.06 11.57 -14.36 0.0
4.558 4.422 49.35 177.41 163.77 175.2 0.0281
0 0 0 0 0 0 0
