x (mm)   y (mm)   z (mm)   vx (m/s)   vy (m/s)   vz (m/s)   time (ms)   dens
-0.184 0.761 36.42 24.01 2.52 -18.27 0.0
4.078 4.868 40.82 168.84 173.89 188.91 0.0249
0 0 0 0 0 0 0
-0.474 -0.808 42.64 -8.15 5.93 12.76 0.0
4.625 4.352 48.28 186.54 162.77 163.28 0.0312
0 0 0 0 0 0 0
-0.04 0.006 44.7 -14.12 -15.45 29.17 0.0
4.442 4.538 49.66 166.27 165.9 162.46 0.0274
0 0 0 0 0 0 0
0.71 0.778 40.65 10.54 4.83 -7.63 0.0
4.458 4.523 44.58 176.7 173.76 161.15 0.0224
0 0 0 0 0 0 0
-0.457 0.192 42.68 5.24 6.65 -21.75 0.0
4.062 4.882 47.65 170.35 163.02 168.05 0.0276
0 0 0 0 0 0 0
0.076 0.098 39.61 -0.86 11.82 -6.88 0.0
4.553 4.427 44.2 171.84 167.23 175.82 0.0262
0 0 0 0 0 0 0
0.352 0.678 35.12 -11.42 7.44 -2.87 0.0
4.406 4.573 39.34 175.93 177.21 186.92 0.024
0 0 0 0 0 0 0
1.399 0.206 42.81 9.68 0.74 15.27 0.0
5.163 3.697 46.75 159.91 170.01 180.81 0.0225
0 0 0 0 0 0 0
-0.149 -0.868 43.89 13.56 -4.59 -0.12 0.0
4.825 4.129 49.11 179.28 186.83 176.46 0.0295
0 0 0 0 0 0 0
-0.484 0.197 44.12 12.78 -15.88 3.61 0.0
4.168 4.79 48.86 182.23 162.92 169.02 0.0277
0 0 0 0 0 0 0
0.399 1.472 37.69 -28.75 -21.35 3.36 0.0
3.79 5.095 41.47 169.96 187.71 172.63 0.0212
0 0 0 0 0 0 0
-0.091 -0.33 44.26 -24.02 -6.7 16.21 0.0
4.618 4.359 49.18 160.81 165.79 169.09 0.0278
0 0 0 0 0 0 0
-0.165 0.1 35.56 -15.75 0.43 12.58 0.0
4.327 4.647 40.42 168.73 173.03 181.16 0.0273
0 0 0 0 0 0 0
-0.007 0.932 36.03 -16.38 -8.94 1.36 0.0
4.006 4.927 40.12 176.07 172.52 177.41 0.0241
0 0 0 0 0 0 0
0.027 0.087 43.73 -2.1 2.7 -11.7 0.0
4.49 4.491 48.34 171.15 184.58 178.23 0.0266
0 0 0 0 0 0 0
-0.99 0.214 37.21 13.24 15.07 21.33 0.0
3.86 5.042 42.22 178.79 165.83 181.38 0.0286
0 0 0 0 0 0 0
-0.204 -1.325 44.73 6.97 -0.06 -4.89 0.0
5.011 3.901 50.14 177.12 171.55 175.18 0.0313
0 0 0 0 0 0 0
-0.581 -1.818 44.22 11.76 -3.92 -7.42 0.0
5.046 3.855 50.22 171.4 179.43 172.05 0.0331
0 0 0 0 0 0 0
-0.241 -0.15 42.75 -7.22 13.93 2.82 0.0
4.429 4.551 47.6 169.32 173.09 167.66 0.0276
0 0 0 0 0 0 0
0.237 0.267 40.89 -23.7 8.97 -8.17 0.0
4.383 4.595 45.24 168.94 169.59 182.01 0.0251
0 0 0 0 0 0 0
-0.262 0.974 39.79 -8.25 8.03 36.27 0.0
3.788 5.097 44.15 165.21 169.81 174.8 0.0247
0 0 0 0 0 0 0
0.484 -0.949 42.86 22.81 12.12 13.1 0.0
5.213 3.627 47.65 166.4 173.21 174.91 0.0274
0 0 0 0 0 0 0
0.341 0.815 35.22 -13.82 1.53 -3.76 0.0
4.187 4.774 39.34 147.64 155.86 182.47 0.0235
0 0 0 0 0 0 0
1.224 1.37 40.63 14.33 -34.4 -0.69 0.0
4.416 4.564 43.94 190.34 181.09 155.78 0.0195
0 0 0 0 0 0 0
-0.275 0.412 40.07 37.28 19.24 18.69 0.0
4.13 4.824 44.86 171.4 163.17 180.95 0.0264
0 0 0 0 0 0 0
-0.168 0.89 39.96 -2.13 2.54 -5.65 0.0
3.842 5.056 44.26 177.0 182.04 168.48 0.0247
0 0 0 0 0 0 0
0.152 -1.161 44.96 -8.17 -0.36 -12.83 0.0
5.045 3.857 50.29 179.31 174.48 169.62 0.0298
0 0 0 0 0 0 0
-0.741 -1.198 41.73 7.69 -7.85 -9.75 0.0
4.734 4.233 47.68 169.74 169.96 166.45 0.0326
0 0 0 0 0 0 0
-1.012 1.546 35.94 -11.47 34.98 -4.2 0.0
2.966 5.615 40.09 186.84 166.85 167.16 0.024
0 0 0 0 0 0 0
0.804 0.333 43.05 -8.55 -15.71 14.47 0.0
4.75 4.214 47.36 167.81 190.76 187.84 0.0239
0 0 0 0 0 0 0
-1.16 1.312 38.58 -13.77 -19.25 -8.89 0.0
3.111 5.536 43.09 168.69 172.01 167.89 0.0256
0 0 0 0 0 0 0
-0.355 -1.922 39.19 -0.3 10.8 -5.85 0.0
5.164 3.696 45.16 160.66 179.47 168.2 0.0328
0 0 0 0 0 0 0
-1.4 -1.293 43.66 11.29 31.72 7.69 0.0
4.449 4.532 49.74 179.95 167.07 187.71 0.0341
0 0 0 0 0 0 0
-0.798 -0.435 43.87 6.39 -17.01 46.03 0.0
4.342 4.635 49.23 176.44 178.11 180.56 0.0305
0 0 0 0 0 0 0
-0.056 -1.175 42.47 16.88 5.44 -2.67 0.0
5.037 3.867 47.71 176.4 179.31 185.13 0.0296
0 0 0 0 0 0 0
1.258 -1.286 35.19 11.25 -2.31 -0.26 0.0
5.602 2.991 39.67 156.75 193.86 181.12 0.0258
0 0 0 0 0 0 0
0.58 1.139 35.46 -4.41 12.41 -1.96 0.0
4.278 4.693 39.25 165.07 175.91 167.97 0.022
0 0 0 0 0 0 0
-1.079 -1.129 37.21 8.06 -2.11 6.31 0.0
4.538 4.442 43.16 156.75 162.19 182.24 0.0337
0 0 0 0 0 0 0
0.28 0.128 38.22 -14.29 23.65 -6.07 0.0
4.475 4.506 42.78 171.27 169.12 154.92 0.0257
0 0 0 0 0 0 0
0.059 -0.045 41.84 -13.99 21.26 -13.9 0.0
4.558 4.421 46.69 168.61 179.17 173.84 0.0269
0 0 0 0 0 0 0
-1.432 0.563 36.63 3.42 2.72 -4.14 0.0
3.407 5.359 41.81 170.27 170.18 176.69 0.0287
0 0 0 0 0 0 0
0.534 -1.59 44.66 -7.0 -9.22 -9.38 0.0
5.481 3.207 49.69 179.01 154.48 177.74 0.0287
0 0 0 0 0 0 0
0.075 0.084 44.69 -10.27 -1.1 0.31 0.0
4.367 4.611 49.16 167.27 163.33 175.01 0.0263
0 0 0 0 0 0 0
0.246 0.031 36.31 -0.44 -15.53 0.21 0.0
4.568 4.412 40.91 191.74 183.26 164.6 0.0258
0 0 0 0 0 0 0
0.215 1.273 42.62 -20.67 0.54 -23.94 0.0
3.906 5.007 46.44 173.37 174.13 178.63 0.0224
0 0 0 0 0 0 0
1.489 0.756 42.08 -3.33 23.08 -1.54 0.0
4.856 4.093 45.52 179.36 148.99 168.94 0.0201
0 0 0 0 0 0 0
0.905 -0.819 37.62 13.13 17.45 5.51 0.0
5.239 3.589 42.18 170.81 166.95 178.83 0.0259
0 0 0 0 0 0 0
0.403 -0.035 38.23 4.75 -4.21 37.93 0.0
4.758 4.206 42.76 166.92 184.64 185.95 0.0256
0 0 0 0 0 0 0
-0.308 -0.222 42.88 -1.01 -9.66 2.69 0.0
4.475 4.506 47.89 189.3 197.76 184.04 0.0276
0 0 0 0 0 0 0
-1.167 -0.962 42.94 1.73 20.36 15.99 0.0
4.534 4.446 48.75 181.49 168.67 168.9 0.0331
0 0 0 0 0 0 0
1.178 1.465 35.92 -11.45 -9.35 -5.18 0.0
4.364 4.613 39.16 193.05 175.53 166.59 0.0192
0 0 0 0 0 0 0
-0.853 -0.562 40.44 4.52 -8.14 -14.19 0.0
4.452 4.529 45.86 184.61 175.92 169.5 0.0309
0 0 0 0 0 0 0
0.822 1.575 41.73 18.07 13.07 -13.16 0.0
4.07 4.875 45.13 163.37 165.02 188.18 0.0199
0 0 0 0 0 0 0
1.592 0.354 37.57 39.13 1.56 -0.73 0.0
5.162 3.698 41.03 170.38 186.44 167.14 0.0206
0 0 0 0 0 0 0
-1.014 -1.158 42.91 -21.21 -17.46 10.78 0.0
4.625 4.352 48.75 178.59 178.23 165.79 0.033
0 0 0 0 0 0 0
-0.095 -1.225 38.77 3.59 21.81 0.08 0.0
5.02 3.89 44.2 185.7 185.98 175.71 0.0306
0 0 0 0 0 0 0
1.598 -0.936 35.02 -5.61 6.44 4.23 0.0
5.585 3.023 39.26 174.07 169.47 168.73 0.0239
0 0 0 0 0 0 0
-0.036 -1.952 43.61 4.96 -8.97 -7.0 0.0
5.281 3.526 49.37 172.04 187.62 182.06 0.032
0 0 0 0 0 0 0
1.529 0.93 44.31 8.5 -10.14 18.37 0.0
4.769 4.194 47.9 169.54 170.77 162.01 0.02
0 0 0 0 0 0 0
-1.353 1.189 38.24 10.23 -8.75 -10.69 0.0
3.107 5.538 42.96 177.16 177.41 163.27 0.0265
0 0 0 0 0 0 0
0.075 0.36 36.89 -21.36 -2.93 -18.5 0.0
4.346 4.63 41.43 181.89 180.18 172.05 0.0257
0 0 0 0 0 0 0
-1.675 -0.247 38.48 14.27 -6.14 -21.3 0.0
3.704 5.158 44.22 159.01 164.9 180.64 0.0324
0 0 0 0 0 0 0
0.041 0.193 41.43 -16.33 -17.54 -2.17 0.0
4.38 4.599 46.14 174.38 173.86 180.62 0.0264
0 0 0 0 0 0 0
-1.174 -1.0 44.97 3.55 -16.3 -18.87 0.0
4.428 4.552 50.8 180.1 151.56 152.32 0.033
0 0 0 0 0 0 0
0.158 -1.425 37.91 14.63 -9.03 4.95 0.0
5.256 3.565 43.18 169.76 170.84 180.74 0.0298
0 0 0 0 0 0 0
-1.179 -0.286 36.65 23.18 10.06 7.35 0.0
3.98 4.948 42.12 173.0 179.93 185.87 0.0309
0 0 0 0 0 0 0
0.339 1.446 43.9 -9.65 2.93 -0.0 0.0
3.864 5.04 47.71 172.49 176.5 179.31 0.0213
0 0 0 0 0 0 0
0.188 -0.155 36.54 19.53 -5.57 -1.5 0.0
4.73 4.238 41.21 183.37 174.76 175.67 0.0266
0 0 0 0 0 0 0
-0.022 -0.093 37.23 -19.93 2.34 6.1 0.0
4.509 4.472 42.0 174.17 181.1 180.56 0.0273
0 0 0 0 0 0 0
-0.547 -0.464 38.99 2.16 -11.39 -4.44 0.0
4.4 4.579 44.25 167.06 199.2 164.58 0.0299
0 0 0 0 0 0 0
-1.165 -0.432 43.97 14.82 15.78 19.65 0.0
4.084 4.863 49.73 181.35 163.26 181.13 0.0315
0 0 0 0 0 0 0
0.021 0.2 38.84 7.43 -26.29 -9.64 0.0
4.369 4.609 43.51 170.18 173.49 160.21 0.0272
0 0 0 0 0 0 0
1.308 -0.95 35.8 18.81 14.54 32.4 0.0
5.433 3.287 40.25 167.01 174.01 173.83 0.0246
0 0 0 0 0 0 0
-0.008 -0.011 37.85 2.56 -7.04 3.88 0.0
4.55 4.429 42.73 187.5 163.35 164.68 0.0272
0 0 0 0 0 0 0
-1.09 -0.876 44.14 14.62 -18.07 13.05 0.0
4.467 4.513 49.82 182.96 168.2 180.68 0.0326
0 0 0 0 0 0 0
-1.409 0.667 40.46 3.7 6.15 -17.12 0.0
3.328 5.408 45.43 177.21 172.66 195.31 0.0286
0 0 0 0 0 0 0
1.08 1.359 41.8 12.07 -8.07 18.84 0.0
4.373 4.605 45.3 174.82 177.21 166.79 0.0201
0 0 0 0 0 0 0
0.464 -0.445 39.4 8.55 -14.4 18.86 0.0
4.903 4.036 44.07 153.29 177.44 179.75 0.0267
0 0 0 0 0 0 0
0.434 -0.442 35.41 16.3 22.85 -2.52 0.0
4.878 4.066 40.21 184.08 179.61 199.04 0.0272
0 0 0 0 0 0 0
-0.253 -1.087 42.82 2.0 -35.25 -0.19 0.0
4.913 4.024 48.15 183.03 178.41 192.3 0.031
0 0 0 0 0 0 0
-1.113 -0.065 43.74 -2.69 -24.23 -14.51 0.0
3.871 5.034 49.14 180.9 169.88 183.45 0.0305
0 0 0 0 0 0 0
-0.009 -1.43 36.44 -4.3 -13.78 -28.56 0.0
5.094 3.791 41.99 162.66 194.6 183.98 0.0304
0 0 0 0 0 0 0
0.284 -0.318 44.98 1.87 -2.57 -17.9 0.0
4.759 4.205 49.73 162.01 172.25 195.02 0.0271
0 0 0 0 0 0 0
-0.866 -1.473 41.09 2.54 -4.84 -12.71 0.0
4.719 4.25 47.14 187.83 180.34 167.54 0.0344
0 0 0 0 0 0 0
-1.701 -0.626 39.02 -5.99 -11.88 14.29 0.0
3.792 5.094 45.04 168.5 162.47 177.4 0.0341
0 0 0 0 0 0 0
-0.144 -0.603 44.02 -5.99 7.36 -24.38 0.0
4.737 4.23 49.15 169.21 180.33 178.03 0.029
0 0 0 0 0 0 0
-0.876 -0.57 40.94 -1.65 -2.36 -27.43 0.0
4.41 4.57 46.42 181.19 182.02 180.71 0.0313
0 0 0 0 0 0 0
-0.14 0.942 44.56 6.4 2.96 -9.15 0.0
3.958 4.966 48.78 180.47 174.27 171.8 0.0243
0 0 0 0 0 0 0
0.059 -0.023 38.47 -9.26 0.65 -25.16 0.0
4.591 4.387 43.12 167.98 168.23 179.51 0.0266
0 0 0 0 0 0 0
-0.406 1.398 42.42 -0.02 -15.48 4.19 0.0
3.562 5.257 46.56 171.48 178.28 171.86 0.0237
0 0 0 0 0 0 0
-0.107 -0.109 41.05 22.76 -9.3 24.14 0.0
4.547 4.433 45.92 169.39 182.96 171.01 0.0271
0 0 0 0 0 0 0
-0.01 0.0 40.52 -11.62 3.12 8.65 0.0
4.51 4.471 45.16 185.8 174.25 179.39 0.0267
0 0 0 0 0 0 0
-0.163 -0.416 36.99 3.26 -33.37 4.32 0.0
4.669 4.304 42.16 161.93 165.14 176.29 0.0291
0 0 0 0 0 0 0
-1.355 -1.4 36.36 -5.27 13.25 -5.22 0.0
4.593 4.385 42.4 171.6 174.66 171.91 0.0347
0 0 0 0 0 0 0
-0.114 0.593 38.62 -0.95 16.72 0.61 0.0
4.122 4.83 43.03 189.16 162.25 169.05 0.025
0 0 0 0 0 0 0
0.009 -0.004 44.13 -18.85 1.83 8.12 0.0
4.549 4.431 48.86 169.92 176.97 168.94 0.0272
0 0 0 0 0 0 0
0.178 0.205 37.15 3.4 -1.71 10.74 0.0
4.442 4.538 41.65 166.01 174.02 178.67 0.0257
0 0 0 0 0 0 0
0.034 -0.048 36.83 15.57 -5.71 -8.31 0.0
4.547 4.433 41.58 169.67 179.32 173.7 0.0273
0 0 0 0 0 0 0
-0.003 -0.008 43.82 18.1 2.96 -4.95 0.0
4.58 4.398 48.52 159.8 163.63 185.15 0.0269
0 0 0 0 0 0 0
-0.745 0.836 37.79 -21.45 -18.01 -9.94 0.0
3.602 5.23 42.35 162.99 174.88 174.63 0.0264
0 0 0 0 0 0 0
0.096 -1.338 41.82 -1.06 2.92 0.9 0.0
5.143 3.725 47.2 172.4 165.71 169.66 0.0299
0 0 0 0 0 0 0
-1.652 0.962 35.2 3.29 -15.65 -14.51 0.0
3.092 5.547 40.23 166.93 179.08 159.27 0.0281
0 0 0 0 0 0 0
-0.464 1.468 41.08 -18.71 14.45 -4.9 0.0
3.374 5.38 45.15 173.19 181.11 187.64 0.0235
0 0 0 0 0 0 0
-0.003 -1.565 38.05 17.02 3.39 0.02 0.0
5.257 3.563 43.44 183.08 179.65 156.09 0.0309
0 0 0 0 0 0 0
1.083 -0.341 35.65 -13.15 -19.86 -22.36 0.0
5.162 3.698 39.67 174.34 174.62 166.07 0.024
0 0 0 0 0 0 0
-0.096 0.885 38.28 33.95 1.6 -1.87 0.0
4.078 4.868 42.54 177.61 163.51 160.48 0.0244
0 0 0 0 0 0 0
-1.451 1.262 39.73 -5.55 -15.91 1.49 0.0
2.98 5.607 44.52 170.3 169.64 170.5 0.0267
0 0 0 0 0 0 0
1.147 0.169 39.98 11.97 -6.86 20.41 0.0
4.974 3.948 44.11 178.18 182.46 178.84 0.0227
0 0 0 0 0 0 0
-0.292 -1.002 43.78 -28.43 -27.55 16.54 0.0
4.857 4.092 49.18 179.1 180.18 172.3 0.0307
0 0 0 0 0 0 0
-0.199 -0.899 37.82 1.11 7.13 -30.85 0.0
4.783 4.178 43.11 182.68 177.05 191.72 0.0295
0 0 0 0 0 0 0
0.243 -0.205 35.73 0.8 -2.44 -9.87 0.0
4.787 4.172 40.46 171.85 172.51 178.41 0.0271
0 0 0 0 0 0 0
0.228 -0.501 41.06 9.6 -28.28 1.93 0.0
4.881 4.063 45.94 179.95 170.25 183.08 0.0278
0 0 0 0 0 0 0
0.729 0.558 36.22 -5.53 7.35 3.55 0.0
4.553 4.427 40.33 167.77 165.63 171.57 0.0232
0 0 0 0 0 0 0
-1.051 -1.59 44.28 6.05 3.93 -14.51 0.0
4.799 4.159 50.38 169.27 165.48 174.82 0.0343
0 0 0 0 0 0 0
1.38 1.032 43.41 33.42 -1.71 -14.99 0.0
4.68 4.292 46.88 186.12 177.11 184.88 0.0201
0 0 0 0 0 0 0
-0.435 1.609 36.09 -1.65 4.59 17.02 0.0
3.237 5.463 40.07 183.02 157.94 185.92 0.0227
0 0 0 0 0 0 0
-0.341 -0.417 42.5 -24.9 5.98 -2.18 0.0
4.538 4.442 47.71 187.43 161.59 184.5 0.0288
0 0 0 0 0 0 0
1.615 0.839 37.4 -4.94 9.97 25.34 0.0
4.893 4.048 40.77 174.62 163.85 173.23 0.0198
0 0 0 0 0 0 0
-0.04 -0.05 36.96 -14.23 -21.38 5.43 0.0
4.484 4.497 41.88 169.12 164.67 187.74 0.0274
0 0 0 0 0 0 0
-0.064 1.117 39.78 13.67 18.86 -11.08 0.0
3.815 5.076 43.82 169.22 189.7 176.75 0.0235
0 0 0 0 0 0 0
0.044 -0.013 38.73 4.49 -5.56 -10.79 0.0
4.438 4.542 43.47 181.49 165.95 187.79 0.0269
0 0 0 0 0 0 0
0.862 0.476 38.51 13.5 -2.45 -7.03 0.0
4.708 4.261 42.59 162.67 169.72 167.47 0.0232
0 0 0 0 0 0 0
-0.509 -1.385 42.78 1.17 13.69 -9.45 0.0
4.845 4.105 48.33 177.59 163.28 186.99 0.0321
0 0 0 0 0 0 0
-1.605 0.858 36.35 18.01 14.07 -37.87 0.0
2.993 5.601 41.12 183.86 165.25 164.53 0.0274
0 0 0 0 0 0 0
1.109 0.028 43.98 -8.57 -11.06 9.93 0.0
4.982 3.937 48.11 182.79 174.98 164.71 0.024
0 0 0 0 0 0 0
0.771 0.851 40.98 27.17 16.53 20.1 0.0
4.361 4.617 44.79 184.74 175.18 166.3 0.0219
0 0 0 0 0 0 0
-1.411 1.376 35.61 -1.55 21.25 12.29 0.0
2.854 5.673 40.08 176.27 159.86 179.68 0.0256
0 0 0 0 0 0 0
0.144 -0.465 39.8 -1.94 6.18 -0.9 0.0
4.832 4.12 44.66 196.08 178.17 163.62 0.0277
0 0 0 0 0 0 0
-0.018 -0.108 41.35 -11.02 -7.92 20.21 0.0
4.513 4.467 46.29 145.79 182.06 163.22 0.0275
0 0 0 0 0 0 0
0.225 -0.246 43.11 1.35 -16.7 5.56 0.0
4.715 4.254 47.95 171.35 171.46 165.62 0.0269
0 0 0 0 0 0 0
1.655 0.005 43.5 16.98 33.57 11.03 0.0
5.238 3.59 47.13 167.82 153.45 161.04 0.0218
0 0 0 0 0 0 0
1.446 1.086 37.52 15.17 -11.55 -18.46 0.0
4.631 4.344 40.94 183.0 176.63 195.34 0.0199
0 0 0 0 0 0 0
1.072 -0.149 44.74 4.59 3.29 8.61 0.0
5.126 3.748 49.09 178.04 148.64 169.48 0.0243
0 0 0 0 0 0 0
-0.889 0.617 42.14 10.21 -14.53 7.15 0.0
3.675 5.178 46.96 175.43 171.56 183.8 0.0273
0 0 0 0 0 0 0
-0.673 0.176 42.72 -3.75 20.28 -2.34 0.0
4.047 4.893 47.83 168.32 173.22 174.56 0.0283
0 0 0 0 0 0 0
-1.793 0.36 39.7 14.44 -10.05 -11.18 0.0
3.348 5.397 45.07 186.78 168.97 176.38 0.0301
0 0 0 0 0 0 0
0.121 -0.221 38.52 -3.52 -8.35 5.61 0.0
4.636 4.339 43.3 167.66 177.0 177.97 0.0275
0 0 0 0 0 0 0
-0.054 0.029 44.32 5.23 12.45 0.95 0.0
4.438 4.542 49.05 184.64 166.16 185.67 0.027
0 0 0 0 0 0 0
-0.913 0.254 38.81 3.76 9.43 25.22 0.0
3.894 5.017 43.93 176.53 181.63 176.67 0.0282
0 0 0 0 0 0 0
-0.988 0.703 44.16 9.68 -17.94 -17.54 0.0
3.515 5.289 48.88 162.31 170.4 176.18 0.0272
0 0 0 0 0 0 0
0.819 0.168 35.6 -6.28 -22.05 -14.05 0.0
4.822 4.132 39.78 170.66 155.83 179.49 0.0242
0 0 0 0 0 0 0
0.714 -0.917 35.13 10.31 0.19 5.77 0.0
5.17 3.688 39.88 173.73 170.71 194.48 0.0273
0 0 0 0 0 0 0
0.853 0.819 36.01 7.14 16.35 -4.59 0.0
4.493 4.488 39.74 188.05 175.97 182.06 0.022
0 0 0 0 0 0 0
0.315 -0.158 43.69 9.59 -3.73 -7.59 0.0
4.751 4.214 48.39 158.52 184.07 176.48 0.0262
0 0 0 0 0 0 0
-1.553 0.81 35.63 -10.91 -13.26 -11.16 0.0
3.229 5.468 40.61 165.99 161.88 168.46 0.0283
0 0 0 0 0 0 0
-0.99 -0.038 41.82 2.91 -7.85 -2.54 0.0
4.023 4.913 47.17 173.35 163.98 171.47 0.0303
0 0 0 0 0 0 0
1.434 -1.012 37.73 -35.22 -4.76 4.58 0.0
5.496 3.181 42.13 182.93 174.41 178.73 0.025
0 0 0 0 0 0 0
-0.781 -0.619 40.19 5.88 3.29 -5.56 0.0
4.329 4.646 45.61 171.93 189.53 177.22 0.0306
0 0 0 0 0 0 0
0.307 -1.418 37.46 13.36 -21.58 2.81 0.0
5.315 3.475 42.7 176.27 166.02 172.04 0.0296
0 0 0 0 0 0 0
-0.648 -1.122 43.26 -13.79 -13.75 4.82 0.0
4.699 4.271 48.86 165.85 181.95 181.59 0.0321
0 0 0 0 0 0 0
-0.169 -0.551 35.74 -9.8 4.17 32.24 0.0
4.717 4.252 40.73 177.72 167.36 172.26 0.0283
0 0 0 0 0 0 0
-0.887 0.103 43.15 -1.0 -11.57 20.75 0.0
3.93 4.988 48.34 186.91 163.14 180.81 0.0297
0 0 0 0 0 0 0
0.484 0.452 42.75 16.88 -5.74 -12.91 0.0
4.484 4.497 46.87 163.73 177.05 168.41 0.024
0 0 0 0 0 0 0
-0.021 -0.324 44.11 -17.94 9.25 -14.56 0.0
4.578 4.401 49.05 179.46 175.0 183.73 0.0277
0 0 0 0 0 0 0
-0.642 -1.795 39.65 -9.5 -1.22 9.74 0.0
5.075 3.817 45.71 169.82 176.1 171.96 0.0335
0 0 0 0 0 0 0
1.178 0.59 35.82 -13.65 -6.52 -0.65 0.0
4.713 4.255 39.59 166.92 182.41 156.91 0.0221
0 0 0 0 0 0 0
0.548 -0.546 40.39 -7.1 10.09 -11.97 0.0
5.022 3.886 45.16 157.84 182.05 180.48 0.0266
0 0 0 0 0 0 0
1.359 -0.787 41.48 -19.36 12.97 3.47 0.0
5.42 3.309 45.82 166.0 165.91 169.12 0.0244
0 0 0 0 0 0 0
-0.522 0.926 41.24 -4.44 6.4 11.17 0.0
3.735 5.135 45.78 154.25 164.44 189.51 0.0258
0 0 0 0 0 0 0
1.311 -0.387 37.88 -18.17 -2.27 -7.09 0.0
5.194 3.654 42.05 175.79 156.11 179.88 0.0241
0 0 0 0 0 0 0
-0.718 0.024 36.24 -14.0 2.67 -17.89 0.0
4.09 4.858 41.35 163.75 168.84 164.64 0.0296
0 0 0 0 0 0 0
-0.088 1.027 37.6 33.74 2.63 13.56 0.0
3.864 5.039 41.91 174.12 172.93 166.29 0.0243
0 0 0 0 0 0 0
0.569 1.139 44.94 -11.65 -21.68 -20.4 0.0
4.06 4.884 48.78 173.49 158.66 172.26 0.0223
0 0 0 0 0 0 0
-0.057 0.129 41.08 2.43 -9.72 -0.75 0.0
4.305 4.668 45.86 154.65 174.77 170.23 0.0266
0 0 0 0 0 0 0
-0.841 0.765 35.68 11.99 15.14 14.26 0.0
3.595 5.235 40.38 186.06 163.79 169.5 0.0266
0 0 0 0 0 0 0
0.011 -0.742 35.36 -27.6 -1.37 -20.03 0.0
4.884 4.058 40.5 169.88 167.81 168.96 0.029
0 0 0 0 0 0 0
-0.207 1.563 35.21 -1.9 -5.23 0.03 0.0
3.577 5.247 38.86 177.84 172.17 172.13 0.0221
0 0 0 0 0 0 0
1.244 -1.408 38.61 -10.8 -7.48 6.72 0.0
5.593 3.008 43.06 187.99 181.16 174.67 0.0265
0 0 0 0 0 0 0
-1.413 1.268 44.86 -16.65 15.64 1.12 0.0
2.987 5.604 49.42 168.31 166.74 182.15 0.026
0 0 0 0 0 0 0
-0.139 -0.256 36.55 5.59 18.29 0.02 0.0
4.573 4.406 41.47 164.04 176.01 192.0 0.0278
0 0 0 0 0 0 0
-0.289 -1.929 37.04 -6.01 -8.76 -7.78 0.0
5.232 3.598 42.96 171.79 173.71 192.74 0.0333
0 0 0 0 0 0 0
1.362 -1.381 37.41 22.25 -9.38 1.63 0.0
5.692 2.816 41.89 186.47 163.95 175.23 0.0253
0 0 0 0 0 0 0
-0.723 1.296 35.28 23.69 10.91 -3.23 0.0
3.212 5.478 39.6 173.0 170.79 174.84 0.0244
0 0 0 0 0 0 0
0.222 -0.428 44.14 17.89 -3.86 10.0 0.0
4.751 4.213 48.93 181.05 173.66 174.5 0.0275
0 0 0 0 0 0 0
1.518 -1.12 40.13 12.74 19.18 0.25 0.0
5.624 2.95 44.48 159.77 174.08 177.93 0.0248
0 0 0 0 0 0 0
-1.084 0.902 36.0 -2.86 19.87 -22.23 0.0
3.355 5.392 40.48 184.62 178.53 171.39 0.0264
0 0 0 0 0 0 0
0.643 0.287 40.53 6.16 -12.56 3.75 0.0
4.64 4.336 44.7 168.46 178.17 163.65 0.0244
0 0 0 0 0 0 0
-0.661 -1.378 44.69 13.64 -2.0 -1.67 0.0
4.802 4.155 50.64 170.9 175.83 179.98 0.0336
0 0 0 0 0 0 0
1.557 -0.602 37.9 3.53 -14.35 10.15 0.0
5.461 3.241 42.01 179.55 176.71 165.38 0.0235
0 0 0 0 0 0 0
-0.079 -0.203 39.82 11.64 -1.33 -11.55 0.0
4.641 4.335 44.72 174.02 183.04 175.38 0.0276
0 0 0 0 0 0 0
1.238 -0.89 37.76 3.41 -10.83 12.51 0.0
5.353 3.416 42.29 169.02 172.19 177.09 0.0255
0 0 0 0 0 0 0
-0.002 0.508 36.12 -9.75 7.43 0.67 0.0
4.204 4.759 40.65 166.99 172.06 182.74 0.026
0 0 0 0 0 0 0
-0.169 0.824 35.15 11.25 -5.45 -10.69 0.0
3.912 5.002 39.57 161.09 165.42 169.32 0.025
0 0 0 0 0 0 0
-0.354 0.608 39.75 -9.68 -3.54 -3.62 0.0
3.935 4.984 44.27 177.89 160.59 167.14 0.0258
0 0 0 0 0 0 0
-1.564 -0.366 44.62 -3.65 -7.91 3.85 0.0
3.865 5.039 50.45 189.51 162.96 177.6 0.0327
0 0 0 0 0 0 0
0.076 0.185 43.83 -7.81 25.81 -24.02 0.0
4.449 4.531 48.3 174.19 160.71 171.18 0.0265
0 0 0 0 0 0 0
-0.214 -0.424 40.86 7.78 -21.96 6.14 0.0
4.645 4.33 45.88 176.43 164.5 182.44 0.0286
0 0 0 0 0 0 0
1.3 -1.383 41.95 2.72 31.64 -21.49 0.0
5.588 3.017 46.46 159.86 167.63 175.66 0.0257
0 0 0 0 0 0 0
0.317 0.928 36.17 12.66 -1.28 25.15 0.0
4.184 4.777 40.24 172.2 181.76 166.41 0.0237
0 0 0 0 0 0 0
-0.358 0.385 41.22 6.53 -21.9 8.08 0.0
4.104 4.846 45.81 173.73 173.07 171.98 0.0266
0 0 0 0 0 0 0
0.008 0.393 42.55 -1.65 -1.79 -5.13 0.0
4.286 4.686 47.13 166.41 156.41 188.6 0.0257
0 0 0 0 0 0 0
0.354 -0.942 43.6 6.33 -19.47 -17.67 0.0
5.046 3.855 48.63 168.91 186.03 168.33 0.029
0 0 0 0 0 0 0
-0.34 0.078 40.28 -10.76 0.02 9.94 0.0
4.233 4.733 45.21 176.17 164.48 184.42 0.0278
0 0 0 0 0 0 0
-1.146 -0.863 36.95 5.04 -12.4 -3.5 0.0
4.391 4.588 42.73 174.15 189.11 162.0 0.0325
0 0 0 0 0 0 0
1.058 -0.319 36.48 6.48 8.92 3.18 0.0
5.195 3.652 40.71 202.78 183.7 191.4 0.0239
0 0 0 0 0 0 0
-0.959 0.149 35.56 -0.67 10.05 -5.26 0.0
3.838 5.059 40.83 170.05 157.92 154.59 0.0295
0 0 0 0 0 0 0
0.868 0.93 37.18 -4.06 -29.22 -7.45 0.0
4.44 4.54 40.95 179.79 170.85 168.41 0.0218
0 0 0 0 0 0 0
0.716 -0.247 44.42 16.06 28.14 4.74 0.0
5.013 3.897 48.91 171.7 188.31 167.83 0.0258
0 0 0 0 0 0 0
-1.162 1.422 41.86 2.94 8.96 -10.37 0.0
2.888 5.656 46.28 173.51 172.06 182.75 0.0248
0 0 0 0 0 0 0
-0.443 -0.34 36.56 -11.44 -16.61 26.64 0.0
4.404 4.576 41.83 191.95 176.18 183.76 0.0292
0 0 0 0 0 0 0
0.313 -0.272 43.02 4.45 -14.21 -27.16 0.0
4.784 4.176 47.69 179.5 167.76 169.1 0.0262
0 0 0 0 0 0 0
-0.652 -0.021 40.24 -17.31 -5.19 8.28 0.0
4.104 4.847 45.35 172.44 178.63 167.34 0.0291
0 0 0 0 0 0 0
-1.381 -0.953 37.12 16.2 -14.24 13.47 0.0
4.236 4.732 43.25 175.37 178.26 173.42 0.0343
0 0 0 0 0 0 0
1.826 -0.224 35.33 -4.49 1.15 -0.7 0.0
5.354 3.415 39.03 162.4 185.34 170.61 0.0214
0 0 0 0 0 0 0
1.062 1.267 44.49 15.77 -10.91 6.35 0.0
4.382 4.596 48.01 170.19 182.4 178.23 0.0201
0 0 0 0 0 0 0
-1.209 0.701 44.28 -8.35 12.32 6.32 0.0
3.432 5.343 49.18 185.34 167.09 172.87 0.0276
0 0 0 0 0 0 0
-1.482 -0.198 42.2 -20.33 6.28 -9.38 0.0
3.869 5.036 47.7 171.46 173.75 164.79 0.0316
0 0 0 0 0 0 0
-0.177 -0.142 43.04 -7.68 -10.33 -6.45 0.0
4.412 4.567 47.92 172.17 176.0 196.03 0.0276
0 0 0 0 0 0 0
-0.808 -1.795 36.49 -0.16 7.84 -14.57 0.0
4.943 3.986 42.6 176.52 175.9 172.37 0.0341
0 0 0 0 0 0 0
-0.059 0.128 42.69 7.66 20.57 -7.78 0.0
4.36 4.617 47.53 177.34 169.14 178.16 0.0273
0 0 0 0 0 0 0
-0.425 -0.317 39.73 7.17 9.76 23.72 0.0
4.48 4.501 44.84 174.38 175.18 181.87 0.0293
0 0 0 0 0 0 0
-1.311 0.798 35.06 17.63 6.48 -3.85 0.0
3.322 5.412 39.9 178.83 190.22 164.02 0.0275
0 0 0 0 0 0 0
-0.061 -0.033 43.59 -35.88 5.53 4.81 0.0
4.374 4.604 48.49 174.92 179.63 181.47 0.027
0 0 0 0 0 0 0
0.285 0.54 41.59 -9.94 8.22 -8.62 0.0
4.382 4.596 45.86 181.56 173.2 167.17 0.0244
0 0 0 0 0 0 0
-0.606 -1.427 39.09 5.08 -21.72 -11.59 0.0
4.838 4.113 44.89 177.72 182.76 178.93 0.0324
0 0 0 0 0 0 0
-1.014 -1.245 41.06 18.47 -14.63 2.49 0.0
4.544 4.437 47.16 182.7 174.88 168.51 0.0342
0 0 0 0 0 0 0
1.194 0.52 39.76 29.29 4.13 -11.21 0.0
4.816 4.139 43.64 185.65 182.2 189.01 0.022
0 0 0 0 0 0 0
0.22 -0.254 38.32 -3.73 19.5 -2.5 0.0
4.71 4.259 43.17 172.9 185.72 175.85 0.0268
0 0 0 0 0 0 0
0.624 -0.312 40.39 1.43 -18.08 11.7 0.0
4.912 4.025 45.04 172.98 183.5 180.02 0.0263
0 0 0 0 0 0 0
-0.017 -0.0 44.61 4.59 -30.74 8.94 0.0
4.492 4.49 49.3 173.02 166.78 169.49 0.0269
0 0 0 0 0 0 0
-1.217 -0.653 39.45 2.88 2.1 -9.48 0.0
4.231 4.735 45.24 182.04 179.44 194.87 0.0318
0 0 0 0 0 0 0
-1.54 0.56 41.3 12.44 -9.56 -9.97 0.0
3.396 5.366 46.46 182.29 188.85 181.41 0.0289
0 0 0 0 0 0 0
0.377 0.155 36.28 17.47 2.79 20.36 0.0
4.571 4.409 40.83 172.67 173.32 191.11 0.0255
0 0 0 0 0 0 0
0.661 0.654 39.83 11.99 -8.88 -6.22 0.0
4.549 4.431 43.85 177.0 173.86 180.99 0.0231
0 0 0 0 0 0 0
1.499 -0.737 35.25 -19.34 0.63 8.1 0.0
5.443 3.271 39.34 175.45 165.62 182.92 0.0239
0 0 0 0 0 0 0
0.411 0.227 42.38 -24.51 -20.7 -29.4 0.0
4.558 4.422 46.78 188.11 175.31 169.83 0.0251
0 0 0 0 0 0 0
0.169 -0.44 37.58 0.08 6.88 5.2 0.0
4.805 4.152 42.46 168.53 175.6 170.83 0.0273
0 0 0 0 0 0 0
-0.198 -1.637 37.49 6.9 17.96 -3.79 0.0
5.107 3.773 42.91 177.03 182.57 174.14 0.0317
0 0 0 0 0 0 0
0.152 -0.036 35.8 8.61 -1.8 7.4 0.0
4.539 4.441 40.49 169.24 172.77 177.95 0.0266
0 0 0 0 0 0 0
0.524 -0.404 43.05 -30.8 44.6 10.19 0.0
4.88 4.064 47.68 160.54 185.37 177.56 0.0258
0 0 0 0 0 0 0
1.855 0.1 36.32 -6.43 -9.18 11.48 0.0
5.33 3.452 39.99 162.57 153.4 159.82 0.0212
0 0 0 0 0 0 0
1.563 -0.742 35.86 3.56 -8.0 -4.65 0.0
5.479 3.211 40.02 162.0 166.71 165.23 0.0239
0 0 0 0 0 0 0
-0.28 0.562 37.46 15.1 5.88 -12.22 0.0
4.016 4.919 42.15 162.61 162.22 178.55 0.0256
0 0 0 0 0 0 0
-1.124 -0.438 42.56 22.38 0.44 -17.39 0.0
4.133 4.821 48.22 181.78 170.46 202.63 0.0318
0 0 0 0 0 0 0
-1.776 -0.296 40.84 -11.87 -7.58 -8.31 0.0
3.717 5.149 46.7 177.39 165.5 184.31 0.033
0 0 0 0 0 0 0
0.653 -0.499 38.01 0.89 -15.73 -11.58 0.0
5.042 3.86 42.6 161.52 187.99 179.6 0.0262
0 0 0 0 0 0 0
0.163 -0.455 41.61 -29.54 -22.19 6.85 0.0
4.802 4.154 46.57 182.36 176.01 182.33 0.0277
0 0 0 0 0 0 0
-0.497 0.972 43.65 -23.28 -12.36 -3.6 0.0
3.695 5.165 48.05 170.63 169.35 179.87 0.0252
0 0 0 0 0 0 0
-0.461 -0.954 37.38 12.01 -7.31 11.85 0.0
4.751 4.213 42.9 179.94 174.42 172.92 0.0307
0 0 0 0 0 0 0
0.501 -0.025 39.05 1.34 0.34 -5.13 0.0
4.802 4.155 43.41 192.46 168.06 168.79 0.0252
0 0 0 0 0 0 0
0.095 0.167 40.69 -16.83 0.35 10.12 0.0
4.561 4.418 45.33 171.31 178.17 158.89 0.0259
0 0 0 0 0 0 0
0.233 -0.494 35.96 34.52 -5.77 -18.53 0.0
4.907 4.03 40.73 176.71 174.45 162.0 0.0272
0 0 0 0 0 0 0
-0.873 -0.646 42.1 10.28 5.23 -5.77 0.0
4.424 4.556 47.76 186.1 188.18 173.9 0.0317
0 0 0 0 0 0 0
-1.109 -1.185 37.43 3.76 -0.54 18.34 0.0
4.417 4.563 43.47 174.46 178.12 158.18 0.0335
0 0 0 0 0 0 0
1.676 0.716 37.29 -12.96 -0.59 -5.45 0.0
4.997 3.919 40.54 158.45 175.6 168.89 0.0196
0 0 0 0 0 0 0
0.595 -0.877 41.76 5.19 -15.51 -6.13 0.0
5.178 3.677 46.56 171.47 191.48 175.87 0.0275
0 0 0 0 0 0 0
-1.007 1.366 37.04 0.39 4.84 -4.79 0.0
3.149 5.515 41.37 173.89 178.02 174.13 0.0251
0 0 0 0 0 0 0
-0.263 -0.297 39.01 -5.03 -8.68 -29.56 0.0
4.544 4.436 43.9 168.96 155.03 186.54 0.0283
0 0 0 0 0 0 0
0.37 0.186 40.25 -19.56 -6.01 -15.9 0.0
4.625 4.351 44.88 173.2 168.71 164.23 0.0257
0 0 0 0 0 0 0
-0.902 1.256 43.41 3.43 -1.79 -7.65 0.0
3.279 5.438 47.84 156.55 172.22 168.29 0.0255
0 0 0 0 0 0 0
-0.86 -0.215 42.35 -6.09 -18.14 -2.1 0.0
4.243 4.725 47.73 160.51 160.91 176.01 0.03
0 0 0 0 0 0 0
-1.725 0.106 36.84 0.87 22.57 2.28 0.0
3.429 5.345 42.35 171.55 180.28 162.83 0.0312
0 0 0 0 0 0 0
-0.237 0.402 35.34 -5.74 -9.49 -0.05 0.0
4.165 4.793 40.03 168.26 163.33 177.38 0.0265
0 0 0 0 0 0 0
-1.047 -0.314 36.46 1.25 5.4 9.87 0.0
4.202 4.761 42.08 186.97 174.2 178.18 0.031
0 0 0 0 0 0 0
-1.656 0.128 41.15 -6.64 1.8 -14.63 0.0
3.44 5.338 46.61 174.51 181.66 177.7 0.0312
0 0 0 0 0 0 0
-0.231 -0.477 42.69 -0.27 7.01 11.41 0.0
4.631 4.344 47.98 173.45 167.67 168.6 0.0294
0 0 0 0 0 0 0
-0.168 0.725 38.23 21.29 13.98 12.13 0.0
4.057 4.886 42.83 186.58 161.98 167.34 0.0254
0 0 0 0 0 0 0
0.3 0.149 43.46 28.65 -20.32 -5.19 0.0
4.616 4.361 48.07 164.53 161.02 163.92 0.0257
0 0 0 0 0 0 0
-1.123 0.812 42.08 -4.15 -17.31 -8.74 0.0
3.426 5.348 46.84 180.76 179.33 178.75 0.0269
0 0 0 0 0 0 0
1.418 0.122 42.12 8.23 -4.11 22.08 0.0
5.11 3.77 45.95 176.15 177.56 167.08 0.022
0 0 0 0 0 0 0
-0.149 -0.155 43.7 10.0 -18.67 19.55 0.0
4.503 4.477 48.58 174.52 181.85 172.41 0.0275
0 0 0 0 0 0 0
-0.1 0.018 35.52 0.63 5.47 9.99 0.0
4.428 4.551 40.37 169.13 172.76 190.44 0.0274
0 0 0 0 0 0 0
-0.887 -0.366 36.95 8.73 -14.31 14.72 0.0
4.294 4.678 42.53 158.99 185.56 170.84 0.0309
0 0 0 0 0 0 0
1.586 -0.906 40.94 23.74 -10.72 8.19 0.0
5.624 2.95 45.07 179.16 175.87 172.2 0.0235
0 0 0 0 0 0 0
-0.045 0.005 35.64 -11.7 -2.92 1.93 0.0
4.494 4.487 40.45 192.91 165.76 183.0 0.0269
0 0 0 0 0 0 0
0.309 0.068 38.72 29.39 -12.24 17.79 0.0
4.619 4.358 43.25 166.91 170.71 177.16 0.0257
0 0 0 0 0 0 0
0.055 -0.053 42.9 0.16 -6.83 4.91 0.0
4.588 4.391 47.61 188.39 172.14 149.65 0.0269
0 0 0 0 0 0 0
0.081 -0.018 37.91 5.96 -0.05 2.26 0.0
4.589 4.39 42.58 187.34 174.72 166.2 0.0265
0 0 0 0 0 0 0
-1.492 -0.225 37.81 1.41 7.76 12.42 0.0
3.756 5.12 43.33 164.79 177.07 181.33 0.0311
0 0 0 0 0 0 0
-0.557 -0.394 35.84 -15.07 -0.25 -27.41 0.0
4.435 4.545 41.08 164.12 168.88 176.74 0.0296
0 0 0 0 0 0 0
-1.627 -0.155 39.66 -2.11 11.34 12.42 0.0
3.612 5.223 45.28 191.16 177.14 175.69 0.0314
0 0 0 0 0 0 0
-0.088 -1.117 36.94 -7.73 15.68 2.02 0.0
4.99 3.927 42.29 171.14 163.58 174.79 0.0307
0 0 0 0 0 0 0
1.848 -0.164 44.2 -0.07 -2.15 -16.32 0.0
5.404 3.336 47.85 187.27 165.43 158.27 0.0211
0 0 0 0 0 0 0
0.132 -0.071 42.2 16.19 16.12 6.85 0.0
4.563 4.417 46.86 162.11 166.63 182.78 0.0268
0 0 0 0 0 0 0
1.531 1.008 43.38 -7.43 -1.92 -12.91 0.0
4.71 4.26 46.82 172.18 176.78 206.42 0.0194
0 0 0 0 0 0 0
-0.183 1.065 37.1 -6.13 -12.42 -23.66 0.0
3.821 5.072 41.38 174.45 153.39 173.18 0.0244
0 0 0 0 0 0 0
0.644 0.009 42.2 0.68 0.67 -1.71 0.0
4.817 4.138 46.52 164.62 173.84 173.44 0.0248
0 0 0 0 0 0 0
0.963 0.306 43.62 -12.71 -10.14 -3.95 0.0
4.838 4.114 47.69 186.17 178.67 177.51 0.0231
0 0 0 0 0 0 0
0.525 1.344 38.79 19.33 3.33 4.61 0.0
4.105 4.845 42.57 174.72 171.99 178.37 0.0217
0 0 0 0 0 0 0
0.374 0.355 37.81 16.84 -4.98 -1.65 0.0
4.618 4.359 42.1 160.91 186.02 170.29 0.0248
0 0 0 0 0 0 0
-0.027 0.111 44.18 -15.69 1.29 0.42 0.0
4.436 4.544 48.79 178.47 181.74 185.22 0.0263
0 0 0 0 0 0 0
-0.94 1.108 40.41 9.75 -2.48 -18.18 0.0
3.308 5.42 44.91 168.63 185.02 181.98 0.0255
0 0 0 0 0 0 0
-0.273 0.035 43.52 0.11 14.15 23.15 0.0
4.414 4.565 48.29 162.53 168.89 178.16 0.0274
0 0 0 0 0 0 0
0.115 -0.987 37.97 -0.17 -7.03 -4.63 0.0
5.025 3.883 43.28 185.94 175.63 168.55 0.0294
0 0 0 0 0 0 0
0.666 -0.477 39.57 -2.35 -6.53 15.93 0.0
5.007 3.906 44.15 164.21 156.32 172.49 0.0257
0 0 0 0 0 0 0
-0.184 0.47 37.1 -17.12 -18.85 5.47 0.0
4.192 4.77 41.6 165.54 171.55 181.82 0.0262
0 0 0 0 0 0 0
0.143 0.316 43.03 0.37 27.75 4.83 0.0
4.415 4.564 47.51 169.67 176.16 169.35 0.0256
0 0 0 0 0 0 0
-1.63 1.01 36.39 -8.41 -14.74 -8.63 0.0
2.998 5.598 41.49 159.65 163.38 173.43 0.0282
0 0 0 0 0 0 0
1.081 1.63 44.01 -4.94 -14.08 18.42 0.0
4.253 4.716 47.41 159.94 180.4 184.63 0.0193
0 0 0 0 0 0 0
-0.48 -0.325 43.97 30.49 -10.92 -17.01 0.0
4.423 4.557 49.05 181.18 169.96 189.22 0.0287
0 0 0 0 0 0 0
1.083 0.461 38.16 10.93 5.41 4.52 0.0
4.76 4.203 42.18 165.87 154.89 165.1 0.023
0 0 0 0 0 0 0
-0.003 -1.116 44.71 -4.72 8.89 18.82 0.0
5.053 3.846 50.29 172.64 169.89 189.47 0.0305
0 0 0 0 0 0 0
0.532 -0.646 42.47 -24.09 -0.9 -5.51 0.0
5.021 3.888 47.33 170.42 162.55 167.35 0.0271
0 0 0 0 0 0 0
0.321 0.237 44.64 -6.89 -5.17 45.44 0.0
4.459 4.521 49.16 165.54 177.53 183.03 0.026
0 0 0 0 0 0 0
0.307 -0.188 44.0 2.13 -2.05 13.01 0.0
4.733 4.234 48.76 190.11 179.35 178.12 0.0263
0 0 0 0 0 0 0
-1.046 0.578 41.67 11.59 -8.33 -5.17 0.0
3.625 5.214 46.5 174.41 161.1 176.13 0.0279
0 0 0 0 0 0 0
-0.46 -0.259 43.06 -8.17 10.34 5.55 0.0
4.391 4.588 48.26 173.6 172.36 163.15 0.0293
0 0 0 0 0 0 0
1.099 -0.054 40.81 -17.42 -15.64 34.22 0.0
5.043 3.859 44.97 170.62 179.53 181.43 0.0237
0 0 0 0 0 0 0
0.623 0.208 42.59 -1.35 1.15 -1.72 0.0
4.679 4.294 46.93 171.49 184.92 191.9 0.0246
0 0 0 0 0 0 0
-1.947 -0.155 40.35 5.99 -2.21 -9.12 0.0
3.478 5.313 45.99 164.46 172.32 162.58 0.0326
0 0 0 0 0 0 0
-1.578 -0.153 39.77 6.52 -12.27 -6.59 0.0
3.701 5.16 45.43 161.93 181.14 169.72 0.0317
0 0 0 0 0 0 0
0.737 0.752 35.83 6.16 -14.49 -19.99 0.0
4.518 4.463 39.75 177.99 160.71 185.95 0.0227
0 0 0 0 0 0 0
1.218 0.563 35.12 -2.0 21.08 9.57 0.0
4.841 4.109 38.92 172.09 170.84 177.62 0.0218
0 0 0 0 0 0 0
0.68 -1.267 41.28 -21.38 -4.98 -7.51 0.0
5.444 3.271 46.24 158.12 156.91 183.17 0.0282
0 0 0 0 0 0 0
-0.071 0.055 39.78 -14.61 2.27 -0.98 0.0
4.404 4.575 44.56 175.22 164.3 186.46 0.027
0 0 0 0 0 0 0
-0.739 1.028 44.9 24.25 3.04 -19.45 0.0
3.445 5.335 49.39 162.82 166.56 174.47 0.0257
0 0 0 0 0 0 0
-0.381 1.314 36.18 -15.2 -8.97 11.32 0.0
3.49 5.305 40.24 175.6 182.62 164.44 0.0235
0 0 0 0 0 0 0
-0.234 -0.234 38.88 -9.46 12.36 0.85 0.0
4.52 4.46 43.86 174.51 170.44 171.31 0.0278
0 0 0 0 0 0 0
-1.451 0.166 43.85 0.93 19.37 0.1 0.0
3.618 5.219 49.13 170.01 170.45 170.71 0.0301
0 0 0 0 0 0 0
0.329 1.327 36.48 -4.16 -19.64 -12.41 0.0
3.932 4.987 40.35 177.95 182.1 170.69 0.0221
0 0 0 0 0 0 0
-0.634 -0.144 37.97 -23.82 -5.77 3.79 0.0
4.278 4.694 43.19 187.34 162.83 163.19 0.0293
0 0 0 0 0 0 0
0.012 -1.813 42.42 7.73 5.14 1.15 0.0
5.332 3.45 48.11 157.23 159.41 170.77 0.0319
0 0 0 0 0 0 0
-0.039 -0.037 41.6 0.12 -1.01 -9.05 0.0
4.441 4.539 46.33 170.89 186.31 184.02 0.027
0 0 0 0 0 0 0
-0.469 0.053 41.03 -15.71 11.8 20.8 0.0
4.201 4.762 46.02 180.07 154.6 168.34 0.0284
0 0 0 0 0 0 0
-0.228 0.685 37.48 -12.5 -2.89 -4.75 0.0
4.06 4.883 41.85 178.62 155.99 171.72 0.0256
0 0 0 0 0 0 0
-0.314 0.346 35.53 0.59 25.84 -8.6 0.0
4.145 4.811 40.29 173.42 160.83 190.32 0.0267
0 0 0 0 0 0 0
1.109 1.145 43.46 -23.09 24.32 -20.65 0.0
4.481 4.499 46.96 180.1 168.51 154.91 0.0201
0 0 0 0 0 0 0
-0.517 -1.736 36.27 2.4 -4.83 4.59 0.0
5.0 3.915 42.24 174.32 166.1 167.73 0.0333
0 0 0 0 0 0 0
0.079 -0.403 37.14 1.79 32.94 -27.69 0.0
4.698 4.273 42.04 178.39 168.5 178.29 0.0279
0 0 0 0 0 0 0
0.334 -0.94 39.99 11.28 17.21 -2.88 0.0
5.044 3.858 45.09 174.0 166.71 161.05 0.0287
0 0 0 0 0 0 0
-0.495 -1.405 35.14 27.32 -3.64 2.93 0.0
4.827 4.126 41.03 165.92 186.29 169.94 0.0323
0 0 0 0 0 0 0
-0.052 -0.131 35.93 3.81 5.54 16.95 0.0
4.629 4.348 40.76 173.29 161.99 160.17 0.0272
0 0 0 0 0 0 0
-0.393 -0.657 39.94 8.24 -6.65 36.63 0.0
4.648 4.326 45.18 166.84 164.87 162.74 0.0297
0 0 0 0 0 0 0
1.728 -0.986 36.32 -13.22 4.72 11.01 0.0
5.606 2.982 40.47 159.27 191.76 174.37 0.0234
0 0 0 0 0 0 0
0.796 0.879 41.0 -5.22 -13.7 18.48 0.0
4.508 4.472 44.96 163.79 148.73 189.28 0.0226
0 0 0 0 0 0 0
0.032 -0.028 37.2 38.23 7.6 -0.1 0.0
4.516 4.464 41.94 176.59 175.91 187.97 0.0271
0 0 0 0 0 0 0
0.425 -0.449 41.38 20.5 2.9 -8.2 0.0
4.969 3.954 46.21 194.02 162.48 178.89 0.0267
0 0 0 0 0 0 0
-1.171 0.3 39.89 -16.07 3.85 -4.7 0.0
3.615 5.221 45.16 167.29 169.51 174.6 0.0293
0 0 0 0 0 0 0
-0.263 1.031 38.03 -4.71 -19.08 8.55 0.0
3.786 5.098 42.39 181.19 177.1 172.28 0.0248
0 0 0 0 0 0 0
-0.002 0.001 37.81 -8.5 8.7 -9.13 0.0
4.465 4.516 42.68 182.6 173.27 177.37 0.0273
0 0 0 0 0 0 0
-1.305 -0.391 42.76 -25.02 -5.4 1.42 0.0
3.904 5.009 48.56 181.03 167.25 181.72 0.0322
0 0 0 0 0 0 0
-0.038 0.124 38.22 -12.36 7.15 -9.43 0.0
4.456 4.524 42.68 187.47 181.23 159.51 0.0261
0 0 0 0 0 0 0
1.023 -0.921 41.19 -2.09 0.91 -0.75 0.0
5.399 3.342 45.72 145.22 156.24 167.3 0.0259
0 0 0 0 0 0 0
-0.617 0.711 37.59 -1.29 11.46 -12.33 0.0
3.767 5.112 42.17 176.01 158.56 173.07 0.0261
0 0 0 0 0 0 0
0.699 -0.669 40.56 23.89 19.09 -17.09 0.0
5.14 3.729 45.08 185.88 164.8 143.65 0.026
0 0 0 0 0 0 0
0.763 -1.78 43.33 -5.71 -43.29 8.7 0.0
5.557 3.073 48.45 168.7 164.77 185.68 0.0288
0 0 0 0 0 0 0
-0.454 0.149 38.21 16.07 14.12 -8.74 0.0
4.154 4.804 43.11 172.74 171.03 181.7 0.0281
0 0 0 0 0 0 0
1.172 0.357 39.81 10.58 16.55 8.68 0.0
4.858 4.089 43.66 189.3 188.09 175.41 0.0221
0 0 0 0 0 0 0
0.521 0.57 40.63 -10.86 14.76 3.07 0.0
4.488 4.492 44.8 185.4 159.59 183.79 0.0237
0 0 0 0 0 0 0
0.161 0.298 43.5 3.06 -0.12 1.32 0.0
4.403 4.577 48.09 182.41 181.49 165.25 0.0253
0 0 0 0 0 0 0
0.06 -0.664 36.65 2.27 25.53 -14.64 0.0
4.863 4.085 41.78 171.86 166.66 166.28 0.0286
0 0 0 0 0 0 0
0.993 -1.091 35.59 -1.75 15.54 -7.01 0.0
5.448 3.262 40.17 175.34 175.36 187.66 0.026
0 0 0 0 0 0 0
-0.949 -0.114 44.74 1.48 5.28 30.19 0.0
4.0 4.933 50.15 177.94 182.08 178.28 0.0301
0 0 0 0 0 0 0
-0.756 1.049 38.94 6.19 -20.02 5.18 0.0
3.464 5.323 43.48 180.87 165.98 170.57 0.0253
0 0 0 0 0 0 0
-0.825 1.547 44.1 -11.96 -4.25 1.27 0.0
3.1 5.543 48.32 187.85 163.62 170.67 0.0241
0 0 0 0 0 0 0
-0.027 0.446 44.2 -1.41 -12.86 -13.41 0.0
4.299 4.675 48.56 165.67 178.43 178.68 0.0254
0 0 0 0 0 0 0
0.295 -0.297 35.97 -25.92 -0.59 -16.74 0.0
4.741 4.225 40.9 174.05 180.17 173.02 0.0269
0 0 0 0 0 0 0
0.146 -0.393 42.01 -24.77 -7.56 16.33 0.0
4.767 4.195 46.87 168.2 171.74 177.68 0.0277
0 0 0 0 0 0 0
-0.058 -0.894 35.64 -5.75 12.25 10.46 0.0
4.93 4.003 40.89 182.83 178.52 171.53 0.0297
0 0 0 0 0 0 0
-1.36 -0.907 36.27 -17.8 -11.96 -6.39 0.0
4.346 4.63 42.42 169.63 176.38 177.33 0.0342
0 0 0 0 0 0 0
0.409 -1.892 38.75 5.84 5.58 6.1 0.0
5.508 3.161 44.02 176.85 169.75 187.07 0.0302
0 0 0 0 0 0 0
-0.338 -0.11 40.13 12.11 7.4 -7.15 0.0
4.313 4.661 45.31 183.88 165.39 169.25 0.0284
0 0 0 0 0 0 0
0.36 1.794 36.82 3.95 3.77 8.68 0.0
3.593 5.236 40.29 161.81 178.07 187.82 0.0204
0 0 0 0 0 0 0
-0.721 0.627 35.31 -1.28 -5.69 -16.06 0.0
3.746 5.128 40.19 181.99 165.41 184.01 0.0273
0 0 0 0 0 0 0
-0.883 -0.078 36.88 15.72 -6.59 14.09 0.0
4.006 4.927 42.24 185.1 168.31 170.65 0.0295
0 0 0 0 0 0 0
0.824 -0.535 41.09 0.4 -6.72 -8.79 0.0
5.147 3.719 45.57 184.13 164.6 175.49 0.0259
0 0 0 0 0 0 0
0.335 -0.945 42.58 -5.71 25.94 -7.81 0.0
5.106 3.775 47.65 177.68 164.46 181.77 0.0284
0 0 0 0 0 0 0
0.528 0.325 37.8 -28.84 -8.42 -7.51 0.0
4.62 4.356 41.91 159.2 161.12 165.19 0.0244
0 0 0 0 0 0 0
-0.112 0.519 38.85 0.57 -11.54 -11.56 0.0
4.181 4.78 43.27 178.08 179.67 175.78 0.026
0 0 0 0 0 0 0
0.516 0.099 35.07 -12.42 -7.97 -3.01 0.0
4.686 4.285 39.54 173.37 170.1 173.15 0.0255
0 0 0 0 0 0 0
-0.564 1.269 39.96 20.68 21.99 -17.81 0.0
3.566 5.255 44.02 179.05 166.41 169.89 0.0238
0 0 0 0 0 0 0
0.076 -0.291 37.07 -13.21 1.5 15.47 0.0
4.613 4.364 41.98 160.47 168.86 192.97 0.0278
0 0 0 0 0 0 0
1.172 0.05 43.44 -9.73 -3.05 -3.39 0.0
4.988 3.931 47.49 161.29 163.45 173.38 0.0232
0 0 0 0 0 0 0
-1.677 0.756 44.08 -19.03 0.49 -6.13 0.0
3.111 5.536 49.18 171.17 174.25 174.64 0.0287
0 0 0 0 0 0 0
-0.05 0.018 44.17 3.54 38.3 10.04 0.0
4.422 4.558 48.91 162.16 171.86 200.6 0.027
0 0 0 0 0 0 0
-0.913 0.073 38.09 10.93 -7.93 12.24 0.0
4.016 4.919 43.22 179.41 199.28 157.76 0.029
0 0 0 0 0 0 0
1.587 1.108 42.34 -9.15 17.64 -14.86 0.0
4.725 4.242 45.66 168.2 167.57 180.28 0.0191
0 0 0 0 0 0 0
0.967 -0.353 43.44 6.14 14.6 -3.07 0.0
5.11 3.771 47.71 179.33 160.95 167.56 0.0245
0 0 0 0 0 0 0
0.156 -0.258 39.8 6.25 -6.86 -21.49 0.0
4.707 4.262 44.52 168.84 170.0 166.64 0.0271
0 0 0 0 0 0 0
-1.504 -0.15 36.74 -13.82 -6.22 6.42 0.0
3.776 5.105 42.34 184.88 173.7 168.68 0.0313
0 0 0 0 0 0 0
-0.852 -1.064 35.78 5.72 9.91 17.98 0.0
4.527 4.453 41.52 167.38 171.72 185.91 0.0326
0 0 0 0 0 0 0
1.499 0.71 41.71 -21.18 -8.64 6.54 0.0
4.879 4.065 45.17 170.43 177.29 176.83 0.0205
0 0 0 0 0 0 0
1.346 1.29 37.25 1.18 27.55 -8.06 0.0
4.54 4.439 40.68 172.09 165.1 181.82 0.0194
0 0 0 0 0 0 0
0.004 1.01 35.94 -5.38 33.53 -22.28 0.0
3.952 4.971 39.94 184.86 178.42 165.32 0.0234
0 0 0 0 0 0 0
-1.163 0.852 38.53 18.39 -34.0 15.8 0.0
3.484 5.309 43.57 167.84 184.1 170.11 0.0278
0 0 0 0 0 0 0
0.419 0.686 37.04 38.64 0.35 13.97 0.0
4.413 4.566 41.16 171.36 177.51 179.87 0.0239
0 0 0 0 0 0 0
0.042 -1.668 35.91 -6.28 -12.03 11.1 0.0
5.297 3.503 41.37 172.57 181.68 193.91 0.0311
0 0 0 0 0 0 0
1.316 0.018 41.87 7.47 9.74 -5.86 0.0
5.084 3.806 45.93 180.58 176.05 170.42 0.0232
0 0 0 0 0 0 0
-0.506 0.53 39.71 6.46 -17.22 -7.57 0.0
3.9 5.012 44.49 165.34 175.94 182.07 0.0269
0 0 0 0 0 0 0
-0.164 0.05 40.06 -12.25 15.1 11.79 0.0
4.35 4.626 44.9 164.91 168.81 168.41 0.0273
0 0 0 0 0 0 0
0.843 -0.054 39.8 0.66 4.46 3.34 0.0
4.967 3.956 44.02 150.29 189.86 173.93 0.0239
0 0 0 0 0 0 0
0.618 -0.328 44.75 7.67 12.22 24.54 0.0
4.947 3.982 49.32 174.86 173.11 170.24 0.0254
0 0 0 0 0 0 0
0.705 -0.14 44.4 -2.45 -24.2 -10.09 0.0
4.903 4.036 48.8 179.25 166.86 173.34 0.0249
0 0 0 0 0 0 0
-0.519 -0.129 38.12 -3.61 -1.27 -27.16 0.0
4.233 4.734 43.06 184.78 180.8 178.06 0.0282
0 0 0 0 0 0 0
-0.341 0.299 36.81 -9.33 -0.67 -8.17 0.0
4.169 4.791 41.53 168.35 158.68 177.84 0.0269
0 0 0 0 0 0 0
-0.86 -0.196 36.51 1.99 -34.5 29.72 0.0
4.236 4.731 41.72 178.77 178.94 169.77 0.0295
0 0 0 0 0 0 0
-0.372 -0.088 36.41 25.86 -8.86 -11.96 0.0
4.411 4.569 41.22 184.32 182.24 182.0 0.0281
0 0 0 0 0 0 0
-0.278 -0.081 39.55 -22.03 25.82 5.11 0.0
4.4 4.578 44.5 170.84 175.58 176.37 0.0277
0 0 0 0 0 0 0
-0.232 -0.11 39.51 -27.7 18.22 5.03 0.0
4.442 4.538 44.48 173.83 174.43 180.91 0.0282
0 0 0 0 0 0 0
0.723 0.556 38.11 -39.73 1.85 6.96 0.0
4.508 4.473 42.17 151.41 179.03 167.61 0.0233
0 0 0 0 0 0 0
-0.009 0.559 43.32 2.21 -19.01 26.94 0.0
4.225 4.741 47.92 176.64 157.27 183.46 0.026
0 0 0 0 0 0 0
0.281 -0.097 42.31 17.46 1.2 5.91 0.0
4.619 4.358 46.94 161.51 168.37 167.54 0.0269
0 0 0 0 0 0 0
0.453 -0.455 36.97 5.21 1.35 -11.4 0.0
4.975 3.947 41.64 179.75 162.25 182.49 0.0266
0 0 0 0 0 0 0
-0.265 0.201 37.67 6.14 -4.97 -8.8 0.0
4.243 4.725 42.37 161.79 172.88 173.07 0.0271
0 0 0 0 0 0 0
1.131 0.725 43.0 -0.9 -11.65 18.8 0.0
4.702 4.268 46.78 176.15 169.42 170.01 0.0218
0 0 0 0 0 0 0
-0.829 0.024 43.8 12.6 -8.93 4.24 0.0
4.133 4.821 48.94 177.7 178.7 177.32 0.0287
0 0 0 0 0 0 0
-0.015 -0.0 44.31 -4.74 20.73 7.4 0.0
4.454 4.527 48.99 199.62 182.35 175.25 0.0267
0 0 0 0 0 0 0
0.554 -0.672 35.72 23.69 18.88 -9.92 0.0
5.044 3.858 40.4 171.74 185.45 164.61 0.0269
0 0 0 0 0 0 0
-1.501 -1.13 43.37 -11.33 -0.61 7.38 0.0
4.317 4.657 49.55 165.71 175.71 188.24 0.0341
0 0 0 0 0 0 0
-1.362 1.353 41.99 7.23 -5.18 -13.4 0.0
3.022 5.585 46.4 175.4 177.12 182.05 0.0255
0 0 0 0 0 0 0
-0.001 -0.041 41.54 22.25 7.88 7.44 0.0
4.514 4.466 46.34 170.41 168.46 182.17 0.0268
0 0 0 0 0 0 0
-0.963 1.061 41.62 -1.95 -5.81 13.65 0.0
3.319 5.413 46.25 168.02 187.93 171.06 0.0261
0 0 0 0 0 0 0
-0.809 1.38 42.57 6.7 -0.91 34.03 0.0
3.34 5.401 46.95 168.23 191.48 181.33 0.0245
0 0 0 0 0 0 0
0.72 -0.033 41.42 30.42 -6.1 -0.54 0.0
4.859 4.089 45.88 176.03 165.35 187.9 0.025
0 0 0 0 0 0 0
1.683 -0.579 37.45 4.45 -5.54 -0.49 0.0
5.454 3.252 41.44 179.18 174.06 185.14 0.0226
0 0 0 0 0 0 0
1.734 0.209 43.89 -13.98 -12.19 -13.67 0.0
5.175 3.68 47.34 169.67 194.54 171.15 0.0209
0 0 0 0 0 0 0
-0.694 -0.514 38.95 -9.59 3.9 4.27 0.0
4.447 4.533 44.36 171.77 184.63 177.0 0.0305
0 0 0 0 0 0 0
-0.289 -0.09 42.12 -19.24 9.0 -15.47 0.0
4.37 4.608 46.93 184.77 183.21 183.72 0.0279
0 0 0 0 0 0 0
-0.887 1.048 40.89 -28.13 4.36 17.53 0.0
3.426 5.347 45.48 171.42 165.62 173.45 0.0256
0 0 0 0 0 0 0
0.456 0.576 38.59 -1.7 5.77 -2.02 0.0
4.448 4.532 42.83 162.55 170.75 178.89 0.024
0 0 0 0 0 0 0
-1.067 -1.628 38.79 -17.47 29.65 4.72 0.0
4.814 4.142 44.92 164.3 161.92 173.29 0.0344
0 0 0 0 0 0 0
0.963 -0.113 41.84 -5.47 2.59 12.06 0.0
5.004 3.909 46.06 171.48 178.33 172.63 0.0244
0 0 0 0 0 0 0
-0.124 0.549 40.78 -7.26 -10.77 -14.14 0.0
4.241 4.726 45.27 162.35 183.49 170.01 0.0254
0 0 0 0 0 0 0
-0.213 1.283 35.76 14.46 0.97 3.45 0.0
3.677 5.178 39.94 165.61 177.62 171.98 0.0238
0 0 0 0 0 0 0
0.414 0.182 38.93 11.01 7.8 -3.46 0.0
4.675 4.298 43.32 173.99 175.93 163.1 0.0249
0 0 0 0 0 0 0
0.296 0.159 37.53 5.38 -9.59 0.23 0.0
4.481 4.5 41.9 164.42 190.13 171.54 0.0252
0 0 0 0 0 0 0
0.706 -0.209 36.51 1.84 -7.18 -6.11 0.0
5.0 3.915 40.9 168.33 179.41 174.31 0.0253
0 0 0 0 0 0 0
-0.811 0.203 35.65 5.77 18.68 30.7 0.0
3.926 4.991 40.7 175.21 163.8 168.35 0.0282
0 0 0 0 0 0 0
-0.056 -1.129 35.4 8.68 5.54 -6.72 0.0
4.938 3.993 40.55 172.09 169.32 189.82 0.0299
0 0 0 0 0 0 0
0.812 -0.012 40.69 21.34 -5.0 -7.39 0.0
4.951 3.977 45.08 179.01 183.17 162.73 0.0246
0 0 0 0 0 0 0
-1.015 -1.437 40.23 0.88 -0.62 -1.6 0.0
4.667 4.307 46.21 164.97 168.84 161.53 0.0338
0 0 0 0 0 0 0
0.657 -0.346 37.02 -3.21 5.68 1.17 0.0
4.987 3.931 41.69 176.28 174.68 175.0 0.0257
0 0 0 0 0 0 0
1.114 -0.959 39.26 -20.05 -16.78 -7.11 0.0
5.336 3.444 43.78 161.91 172.96 181.77 0.0257
0 0 0 0 0 0 0
-0.349 0.129 39.25 -1.81 -9.17 0.03 0.0
4.309 4.665 44.06 179.59 166.05 185.88 0.0276
0 0 0 0 0 0 0
-0.098 0.254 35.05 -5.41 26.2 -5.86 0.0
4.323 4.652 39.7 167.44 166.89 179.33 0.0263
0 0 0 0 0 0 0
-1.238 0.193 41.35 -5.29 13.68 -18.41 0.0
3.685 5.171 46.49 153.85 179.49 176.87 0.0291
0 0 0 0 0 0 0
0.118 -0.008 43.78 15.91 7.27 0.72 0.0
4.526 4.454 48.47 176.85 174.74 179.43 0.0267
0 0 0 0 0 0 0
-1.035 1.447 39.14 -4.15 -22.03 -12.08 0.0
3.015 5.589 43.47 169.81 176.18 180.97 0.0247
0 0 0 0 0 0 0
-0.152 0.172 42.13 -4.82 -12.34 -20.95 0.0
4.397 4.582 46.88 169.99 191.27 162.97 0.0268
0 0 0 0 0 0 0
-0.483 0.762 43.65 -0.87 25.85 5.84 0.0
3.754 5.122 48.13 166.14 177.82 191.51 0.0258
0 0 0 0 0 0 0
0.316 -0.887 42.87 -4.16 -11.68 -10.56 0.0
5.038 3.865 47.94 161.34 178.24 183.27 0.0285
0 0 0 0 0 0 0
0.507 -0.421 36.51 -20.62 1.37 -7.05 0.0
4.912 4.025 41.1 170.55 169.94 184.57 0.0265
0 0 0 0 0 0 0
0.39 0.886 40.26 2.02 12.37 -5.16 0.0
4.188 4.774 44.22 186.89 177.92 184.74 0.0229
0 0 0 0 0 0 0
-0.335 0.048 42.9 -17.19 -15.15 15.74 0.0
4.325 4.65 47.92 175.65 177.15 175.66 0.0281
0 0 0 0 0 0 0
-1.519 0.875 38.02 -14.07 -5.28 4.38 0.0
3.097 5.544 43.17 175.84 168.2 176.23 0.0283
0 0 0 0 0 0 0
0.822 -1.101 35.3 -13.05 17.13 14.74 0.0
5.318 3.47 40.25 171.72 158.59 170.32 0.0273
0 0 0 0 0 0 0
-0.428 -0.865 37.76 -2.24 -14.41 28.06 0.0
4.684 4.288 43.15 182.32 174.06 182.72 0.0303
0 0 0 0 0 0 0
-0.625 -1.046 44.18 2.54 -20.19 -21.28 0.0
4.722 4.246 50.0 176.8 183.47 180.44 0.0319
0 0 0 0 0 0 0
1.772 0.852 40.02 7.77 -28.77 16.66 0.0
4.969 3.954 43.26 175.24 167.29 188.37 0.0193
0 0 0 0 0 0 0
-0.166 0.251 36.46 -10.14 -6.14 -9.03 0.0
4.221 4.745 41.24 178.04 187.14 159.78 0.0267
0 0 0 0 0 0 0
-0.716 -1.66 36.74 15.18 -4.25 6.1 0.0
4.935 3.997 42.87 189.25 172.73 181.86 0.0336
0 0 0 0 0 0 0
1.53 -1.07 44.1 6.38 9.82 -2.72 0.0
5.568 3.054 48.49 168.57 172.15 180.85 0.0243
0 0 0 0 0 0 0
1.538 0.86 43.29 -8.76 -14.52 7.02 0.0
4.778 4.183 46.85 153.55 153.21 166.8 0.0202
0 0 0 0 0 0 0
-0.882 -0.262 42.27 -36.77 -4.01 3.81 0.0
4.163 4.795 47.62 176.84 182.88 168.28 0.0301
0 0 0 0 0 0 0
0.019 -0.017 35.68 18.16 11.53 -6.52 0.0
4.45 4.53 40.41 171.3 171.22 175.04 0.0269
0 0 0 0 0 0 0
0.682 1.592 38.76 -9.12 1.79 -0.24 0.0
4.027 4.911 42.16 178.58 172.67 174.53 0.02
0 0 0 0 0 0 0
0.087 1.176 43.05 -13.24 -1.71 -12.47 0.0
3.873 5.033 47.07 159.1 172.66 179.51 0.0231
0 0 0 0 0 0 0
-1.222 1.07 44.45 5.79 -2.7 16.77 0.0
3.236 5.464 49.15 167.18 176.08 182.94 0.0263
0 0 0 0 0 0 0
1.706 -0.556 36.34 0.63 -14.88 10.96 0.0
5.42 3.308 40.38 169.92 166.22 171.79 0.0226
0 0 0 0 0 0 0
1.291 1.184 44.31 -20.4 -13.49 -24.91 0.0
4.575 4.404 47.73 182.85 175.46 164.95 0.0198
0 0 0 0 0 0 0
-1.017 1.323 44.89 0.63 9.47 -4.07 0.0
3.109 5.537 49.31 172.81 175.85 198.7 0.0252
0 0 0 0 0 0 0
-0.009 -0.018 36.81 2.72 -8.04 2.09 0.0
4.549 4.431 41.69 186.29 174.18 177.59 0.0265
0 0 0 0 0 0 0
-0.001 1.319 39.21 -8.55 -21.95 -12.74 0.0
3.842 5.056 43.22 165.25 188.21 175.38 0.0228
0 0 0 0 0 0 0
0.474 0.367 41.35 10.43 -6.59 -8.32 0.0
4.553 4.427 45.58 171.62 163.33 181.57 0.0244
0 0 0 0 0 0 0
0.474 -1.036 36.13 13.9 -4.13 3.23 0.0
5.096 3.789 41.18 166.43 180.96 186.44 0.0285
0 0 0 0 0 0 0
-0.655 -0.795 40.24 2.65 -4.8 3.49 0.0
4.519 4.462 45.79 172.33 180.85 184.39 0.0313
0 0 0 0 0 0 0
-0.478 0.898 44.03 3.37 13.24 -14.41 0.0
3.761 5.117 48.56 189.88 162.01 167.62 0.0256
0 0 0 0 0 0 0
0.251 -0.782 43.28 4.0 -1.59 -10.12 0.0
5.013 3.898 48.24 152.3 189.14 182.45 0.028
0 0 0 0 0 0 0
-0.04 -0.05 41.22 2.5 5.7 12.27 0.0
4.473 4.508 46.1 164.11 177.82 155.71 0.0275
0 0 0 0 0 0 0
1.263 0.37 42.28 -0.25 5.25 -7.63 0.0
4.905 4.032 46.11 176.18 167.56 170.24 0.0222
0 0 0 0 0 0 0
1.383 0.897 42.6 -7.75 -7.48 -0.35 0.0
4.7 4.271 46.06 182.34 181.74 176.18 0.0203
0 0 0 0 0 0 0
1.08 -0.68 42.68 -15.97 -30.11 -13.19 0.0
5.276 3.535 47.2 179.31 167.04 174.99 0.0257
0 0 0 0 0 0 0
0.248 -1.59 39.59 0.22 6.75 7.68 0.0
5.34 3.437 44.97 175.66 171.64 175.09 0.0303
0 0 0 0 0 0 0
0.053 0.08 37.77 -13.35 6.21 -5.02 0.0
4.452 4.528 42.39 150.26 172.35 176.06 0.0263
0 0 0 0 0 0 0
0.079 -0.058 43.7 5.38 8.57 -15.1 0.0
4.667 4.306 48.4 172.41 166.57 164.23 0.0274
0 0 0 0 0 0 0
0.402 0.273 38.54 -9.38 -16.75 -32.15 0.0
4.58 4.399 43.06 179.1 176.02 188.2 0.0251
0 0 0 0 0 0 0
0.152 0.363 44.31 -10.83 3.23 7.17 0.0
4.352 4.624 48.81 155.41 175.09 175.85 0.0258
0 0 0 0 0 0 0
-0.189 1.786 38.86 6.52 -20.54 8.38 0.0
3.399 5.364 42.66 180.57 173.37 170.29 0.0221
0 0 0 0 0 0 0
-0.964 1.174 38.94 0.37 9.28 -10.34 0.0
3.323 5.412 43.49 179.29 167.47 164.63 0.0256
0 0 0 0 0 0 0
0.004 -0.114 41.34 -11.39 -13.78 6.6 0.0
4.512 4.468 46.31 192.58 167.21 181.69 0.0274
0 0 0 0 0 0 0
-0.104 0.107 41.6 2.88 2.6 1.65 0.0
4.399 4.58 46.42 169.64 183.81 191.81 0.0269
0 0 0 0 0 0 0
-1.276 -0.619 40.22 24.44 0.99 -2.62 0.0
4.111 4.84 45.89 166.83 175.79 182.32 0.0321
0 0 0 0 0 0 0
-0.516 0.487 43.01 -12.17 -13.94 12.88 0.0
3.966 4.959 47.74 168.44 182.99 170.5 0.0267
0 0 0 0 0 0 0
-0.082 1.696 43.9 -10.51 15.66 5.23 0.0
3.458 5.327 47.73 176.84 174.07 174.68 0.0216
0 0 0 0 0 0 0
1.033 -0.102 39.08 -8.57 -3.64 -23.37 0.0
5.007 3.906 43.36 171.22 165.69 158.29 0.024
0 0 0 0 0 0 0
-0.196 -0.935 35.45 -4.68 6.62 -52.89 0.0
4.886 4.057 40.56 166.56 180.91 169.62 0.0297
0 0 0 0 0 0 0
-0.579 -1.305 35.78 -13.76 15.98 6.8 0.0
4.862 4.085 41.64 173.22 175.92 191.81 0.0329
0 0 0 0 0 0 0
-0.869 -0.374 39.5 -7.45 13.94 8.42 0.0
4.143 4.813 45.03 171.96 164.36 175.53 0.0311
0 0 0 0 0 0 0
-0.649 -1.261 35.81 2.07 -1.55 6.96 0.0
4.761 4.202 41.71 181.75 175.06 170.61 0.0328
0 0 0 0 0 0 0
0.634 -0.31 39.92 14.04 -9.71 -0.81 0.0
4.88 4.064 44.4 174.79 183.13 176.2 0.0256
0 0 0 0 0 0 0
-1.411 -0.967 38.47 -1.35 8.88 3.01 0.0
4.162 4.796 44.57 161.39 185.38 178.38 0.0338
0 0 0 0 0 0 0
0.407 0.027 37.46 -23.26 1.18 -3.42 0.0
4.681 4.291 42.13 168.8 171.86 172.2 0.0257
0 0 0 0 0 0 0
-1.917 -0.016 38.03 -1.22 28.68 -1.02 0.0
3.374 5.38 43.85 176.18 167.59 181.46 0.0322
0 0 0 0 0 0 0
0.043 0.019 37.43 2.47 -2.54 1.79 0.0
4.617 4.36 42.04 167.05 173.91 176.47 0.0257
0 0 0 0 0 0 0
1.145 1.145 36.71 1.91 -7.83 2.86 0.0
4.497 4.484 40.23 173.2 170.75 165.93 0.0199
0 0 0 0 0 0 0
-0.047 -0.081 43.36 -3.6 12.07 -19.83 0.0
4.474 4.507 48.06 187.26 176.95 183.55 0.027
0 0 0 0 0 0 0
-0.08 -0.086 35.96 -7.3 8.37 -2.58 0.0
4.525 4.456 40.77 170.04 165.31 172.2 0.027
0 0 0 0 0 0 0
0.803 -0.188 44.7 4.92 -19.2 -5.87 0.0
4.894 4.047 49.03 166.78 159.95 180.64 0.0251
0 0 0 0 0 0 0
0.476 -0.195 41.06 2.88 -6.24 -7.42 0.0
4.834 4.119 45.67 182.28 180.28 178.39 0.0261
0 0 0 0 0 0 0
1.543 -1.185 39.51 -23.11 18.91 -11.22 0.0
5.607 2.981 43.78 168.06 176.35 185.77 0.0252
0 0 0 0 0 0 0
0.002 -0.143 40.17 -19.91 -31.11 -2.68 0.0
4.547 4.433 45.0 157.92 187.38 169.37 0.0273
0 0 0 0 0 0 0
1.296 0.145 43.03 -5.11 -24.3 -1.15 0.0
5.038 3.866 46.99 181.44 167.27 165.95 0.0232
0 0 0 0 0 0 0
-0.119 -0.552 43.01 20.84 -6.46 8.78 0.0
4.72 4.248 48.23 173.05 158.12 180.77 0.029
0 0 0 0 0 0 0
1.062 -0.054 38.71 17.75 13.29 -27.89 0.0
4.978 3.942 42.71 170.45 168.96 177.43 0.0237
0 0 0 0 0 0 0
-0.114 1.825 37.78 9.0 -5.41 14.37 0.0
3.4 5.364 41.54 167.5 171.23 174.73 0.0215
0 0 0 0 0 0 0
0.764 0.602 40.9 -0.59 -0.07 0.93 0.0
4.509 4.472 44.89 177.51 166.43 176.61 0.023
0 0 0 0 0 0 0
-0.567 1.034 40.15 8.6 -1.25 21.31 0.0
3.633 5.208 44.5 174.84 179.53 164.6 0.025
0 0 0 0 0 0 0
0.049 -0.128 43.62 -6.83 -27.24 9.98 0.0
4.619 4.357 48.5 169.91 172.12 166.6 0.0279
0 0 0 0 0 0 0
-0.024 -0.09 35.49 -5.7 -9.49 3.25 0.0
4.383 4.596 40.35 193.6 188.58 186.94 0.0273
0 0 0 0 0 0 0
-0.923 -0.485 42.08 -8.02 5.3 12.59 0.0
4.255 4.714 47.57 177.08 172.8 183.77 0.0311
0 0 0 0 0 0 0
-0.577 -0.114 40.28 -0.59 -6.97 -4.91 0.0
4.302 4.671 45.37 163.58 180.01 163.04 0.0291
0 0 0 0 0 0 0
-0.63 -1.214 38.89 -7.96 -10.58 -29.99 0.0
4.805 4.151 44.53 169.27 166.56 183.07 0.0321
0 0 0 0 0 0 0
1.417 1.385 37.9 -2.17 17.99 -5.86 0.0
4.406 4.573 41.07 174.38 173.26 174.59 0.0185
0 0 0 0 0 0 0
0.122 -0.066 41.21 -7.23 6.19 9.87 0.0
4.605 4.373 45.86 164.56 171.65 168.7 0.0268
0 0 0 0 0 0 0
-0.034 -0.491 43.6 -1.42 17.84 -7.84 0.0
4.769 4.193 48.64 177.19 166.07 167.99 0.0285
0 0 0 0 0 0 0
1.576 0.731 43.43 -1.04 16.11 22.57 0.0
4.934 3.998 46.91 172.4 160.7 154.22 0.0205
0 0 0 0 0 0 0
0.792 0.225 37.38 -1.73 -1.02 13.49 0.0
4.705 4.265 41.52 160.72 174.67 175.2 0.0245
0 0 0 0 0 0 0
-0.311 0.597 42.56 5.5 2.61 30.79 0.0
4.016 4.92 47.1 177.85 188.91 168.87 0.0261
0 0 0 0 0 0 0
-0.03 0.008 36.33 1.55 23.77 0.95 0.0
4.487 4.494 41.02 187.78 159.93 172.67 0.0268
0 0 0 0 0 0 0
1.612 -0.085 37.35 -0.57 -4.24 25.16 0.0
5.293 3.509 41.15 182.65 176.58 182.96 0.022
0 0 0 0 0 0 0
-0.361 0.114 35.65 -4.38 24.4 25.36 0.0
4.192 4.77 40.44 178.21 171.78 178.51 0.0272
0 0 0 0 0 0 0
0.794 -0.356 35.53 9.64 -10.13 10.69 0.0
5.034 3.871 40.05 173.62 168.28 176.87 0.0255
0 0 0 0 0 0 0
-0.669 -0.601 36.82 -36.0 -16.66 -19.96 0.0
4.444 4.536 42.43 170.56 176.15 158.03 0.031
0 0 0 0 0 0 0
0.162 0.348 35.21 -15.45 25.56 7.56 0.0
4.4 4.579 39.69 167.48 167.99 171.04 0.0251
0 0 0 0 0 0 0
-1.148 0.11 42.2 23.09 -13.23 -2.88 0.0
3.807 5.083 47.53 169.25 176.3 170.78 0.0298
0 0 0 0 0 0 0
-0.918 1.19 43.39 4.41 -1.67 -12.54 0.0
3.404 5.361 47.87 159.3 155.66 175.02 0.0257
0 0 0 0 0 0 0
-0.363 -1.332 38.82 -6.99 -19.11 5.27 0.0
4.954 3.972 44.52 177.4 180.36 159.49 0.0316
0 0 0 0 0 0 0
-1.623 -0.317 39.22 15.88 30.28 -27.42 0.0
3.674 5.18 44.88 167.61 183.04 174.97 0.0322
0 0 0 0 0 0 0
-0.186 -0.872 40.56 31.56 -5.75 -15.76 0.0
4.857 4.092 45.89 177.5 181.1 180.48 0.0301
0 0 0 0 0 0 0
-0.294 -0.244 44.8 4.67 -1.57 -16.29 0.0
4.373 4.605 49.73 186.25 173.3 162.72 0.0283
0 0 0 0 0 0 0
-0.332 -0.001 39.33 -9.42 17.0 6.78 0.0
4.36 4.617 44.08 185.22 182.17 171.32 0.0278
0 0 0 0 0 0 0
-0.024 0.069 36.77 12.08 15.27 -3.15 0.0
4.488 4.493 41.43 177.4 162.08 185.27 0.0265
0 0 0 0 0 0 0
-0.525 0.082 42.51 3.5 21.82 -0.06 0.0
4.176 4.784 47.36 175.42 183.1 171.46 0.0277
0 0 0 0 0 0 0
-1.834 -0.636 43.04 8.4 -8.69 15.46 0.0
3.847 5.053 49.06 172.82 181.36 167.4 0.0342
0 0 0 0 0 0 0
0.133 -0.751 40.8 -2.3 -10.49 -0.31 0.0
4.992 3.925 45.83 152.38 182.97 165.54 0.0283
0 0 0 0 0 0 0
1.246 -0.499 41.74 1.97 6.38 5.98 0.0
5.292 3.511 45.85 175.78 169.45 174.68 0.0241
0 0 0 0 0 0 0
-0.802 0.987 37.0 -6.84 -7.07 12.72 0.0
3.586 5.241 41.65 173.2 171.8 166.38 0.0262
0 0 0 0 0 0 0
0.69 1.569 44.58 -12.79 24.96 -18.24 0.0
4.01 4.925 47.97 168.05 166.12 165.07 0.0197
0 0 0 0 0 0 0
-0.01 -0.003 39.4 -8.66 4.31 -21.71 0.0
4.46 4.521 44.13 163.9 177.38 185.3 0.0269
0 0 0 0 0 0 0
0.296 0.23 37.85 -0.58 -4.69 20.14 0.0
4.562 4.417 42.33 172.07 173.55 171.23 0.0258
0 0 0 0 0 0 0
-0.202 -0.266 39.4 -1.83 15.8 0.33 0.0
4.597 4.381 44.35 175.72 181.34 166.12 0.0283
0 0 0 0 0 0 0
-0.688 0.386 41.13 6.7 4.71 0.37 0.0
3.898 5.013 45.94 165.76 173.06 179.54 0.0275
0 0 0 0 0 0 0
0.04 -0.447 39.82 18.75 11.41 31.57 0.0
4.732 4.235 45.0 192.78 173.1 180.1 0.0283
0 0 0 0 0 0 0
0.118 -0.664 35.56 -13.82 5.39 8.45 0.0
4.8 4.158 40.55 172.36 193.46 173.65 0.0287
0 0 0 0 0 0 0
-0.574 1.657 38.39 5.03 -6.44 -16.51 0.0
3.333 5.405 42.49 174.19 168.6 181.68 0.0233
0 0 0 0 0 0 0
-1.752 0.717 38.89 7.38 -6.07 -4.23 0.0
3.144 5.518 43.93 179.63 189.58 173.01 0.0292
0 0 0 0 0 0 0
0.179 0.443 43.37 -10.03 21.07 -19.64 0.0
4.332 4.643 47.79 177.14 181.05 162.86 0.025
0 0 0 0 0 0 0
-1.649 -0.27 41.54 -32.7 2.18 25.2 0.0
3.69 5.168 47.29 170.92 180.87 160.2 0.0322
0 0 0 0 0 0 0
-1.74 0.523 41.56 -6.32 4.84 19.74 0.0
3.228 5.468 46.82 176.63 180.0 198.48 0.0298
0 0 0 0 0 0 0
0.48 0.026 41.3 6.06 -12.64 -17.49 0.0
4.781 4.179 45.95 157.42 179.19 151.41 0.0261
0 0 0 0 0 0 0
-1.082 0.488 37.83 -1.09 1.57 -10.39 0.0
3.588 5.24 42.77 182.59 157.3 162.2 0.0283
0 0 0 0 0 0 0
-0.142 -0.42 39.37 -5.61 -11.77 3.67 0.0
4.702 4.268 44.36 168.96 181.89 164.27 0.0284
0 0 0 0 0 0 0
-0.26 1.373 36.98 -0.39 -20.01 -14.49 0.0
3.563 5.257 41.2 180.74 175.22 174.07 0.0236
0 0 0 0 0 0 0
0.713 -0.25 37.14 35.05 -4.33 -2.07 0.0
4.917 4.019 41.6 148.2 176.5 174.43 0.0255
0 0 0 0 0 0 0
0.152 0.091 37.01 9.66 1.05 10.37 0.0
4.418 4.562 41.59 184.36 165.27 157.01 0.0258
0 0 0 0 0 0 0
-1.754 0.811 42.48 10.77 5.76 -17.2 0.0
3.048 5.571 47.57 177.85 167.78 177.98 0.0283
0 0 0 0 0 0 0
0.392 0.161 37.02 -1.92 -9.24 0.02 0.0
4.547 4.433 41.59 174.36 181.19 179.0 0.0254
0 0 0 0 0 0 0
1.016 0.41 44.97 7.04 7.52 -0.63 0.0
4.799 4.158 48.88 167.32 184.19 186.14 0.0225
0 0 0 0 0 0 0
-0.318 -0.068 41.61 -6.14 -12.19 9.33 0.0
4.387 4.592 46.55 190.34 182.31 158.9 0.0282
0 0 0 0 0 0 0
-1.877 -0.348 38.85 1.33 -7.33 9.52 0.0
3.776 5.106 44.86 181.76 187.28 180.69 0.0335
0 0 0 0 0 0 0
-0.113 0.028 37.54 19.26 -19.5 5.05 0.0
4.446 4.534 42.34 163.96 187.43 172.25 0.0273
0 0 0 0 0 0 0
-0.059 -0.021 42.59 8.51 -9.3 7.31 0.0
4.456 4.525 47.36 176.27 173.31 181.37 0.027
0 0 0 0 0 0 0
0.937 1.389 36.15 4.35 2.78 3.75 0.0
4.288 4.684 39.54 184.69 168.93 171.62 0.02
0 0 0 0 0 0 0
0.035 0.068 40.67 -4.9 -14.99 -15.54 0.0
4.454 4.526 45.34 154.23 175.6 183.32 0.0265
0 0 0 0 0 0 0
-0.344 -0.515 40.39 12.04 16.35 14.5 0.0
4.599 4.379 45.58 171.43 177.92 171.68 0.0293
0 0 0 0 0 0 0
0.428 -1.467 35.13 15.28 -9.12 0.96 0.0
5.321 3.465 40.5 181.36 173.08 184.38 0.0296
0 0 0 0 0 0 0
-0.203 0.502 40.01 -2.64 5.08 24.4 0.0
4.124 4.83 44.7 179.79 173.37 180.46 0.0257
0 0 0 0 0 0 0
-0.016 -0.022 41.54 -2.27 -5.68 -13.35 0.0
4.522 4.458 46.48 170.22 150.58 178.4 0.0275
0 0 0 0 0 0 0
0.465 -0.291 35.52 -16.63 -24.8 6.28 0.0
4.829 4.124 40.2 173.12 173.99 180.76 0.0265
0 0 0 0 0 0 0
0.285 -0.101 41.15 10.11 12.77 9.83 0.0
4.619 4.358 45.75 160.66 187.48 182.64 0.0264
0 0 0 0 0 0 0
0.728 1.625 41.87 -6.99 4.76 -18.37 0.0
4.052 4.89 45.39 170.34 167.66 173.74 0.0203
0 0 0 0 0 0 0
-0.085 0.379 36.49 5.62 -29.78 4.34 0.0
4.254 4.715 41.19 157.8 154.69 181.4 0.026
0 0 0 0 0 0 0
0.634 -0.116 41.33 -12.49 -5.66 -0.09 0.0
4.829 4.124 45.77 179.7 192.87 175.13 0.0251
0 0 0 0 0 0 0
-0.392 1.024 43.82 -8.48 11.25 16.45 0.0
3.697 5.163 48.31 171.44 186.26 179.02 0.025
0 0 0 0 0 0 0
0.608 -0.14 35.23 -27.37 -9.78 0.77 0.0
4.863 4.085 39.79 168.74 156.47 176.09 0.0257
0 0 0 0 0 0 0
-0.223 -0.302 40.34 -4.18 -23.13 -1.03 0.0
4.551 4.429 45.54 178.8 175.72 183.12 0.0285
0 0 0 0 0 0 0
-0.125 0.098 39.2 -17.85 -16.64 -18.62 0.0
4.275 4.696 44.06 166.87 172.33 182.73 0.027
0 0 0 0 0 0 0
0.016 0.178 41.56 -4.72 -25.61 11.0 0.0
4.501 4.48 46.27 165.81 172.35 178.95 0.0264
0 0 0 0 0 0 0
0.061 -0.343 42.29 29.25 1.52 24.84 0.0
4.768 4.194 47.04 170.93 166.29 164.06 0.0273
0 0 0 0 0 0 0
-1.519 0.415 38.27 -22.61 3.62 -1.88 0.0
3.233 5.466 43.65 155.9 169.4 174.51 0.0297
0 0 0 0 0 0 0
-0.418 -0.604 39.29 -19.8 -10.44 -10.33 0.0
4.638 4.338 44.65 166.22 171.77 168.5 0.03
0 0 0 0 0 0 0
0.639 1.293 43.04 -6.67 -27.56 -7.28 0.0
4.202 4.761 46.78 185.01 165.21 180.21 0.0214
0 0 0 0 0 0 0
0.985 -0.933 38.68 -15.56 -4.88 -6.99 0.0
5.416 3.316 43.23 165.11 181.72 157.77 0.0263
0 0 0 0 0 0 0
0.955 1.425 39.54 -6.52 -1.57 11.06 0.0
4.244 4.724 43.02 159.83 185.69 180.8 0.0201
0 0 0 0 0 0 0
0.139 -0.173 36.32 4.59 9.45 5.37 0.0
4.58 4.398 41.09 175.05 174.12 159.66 0.0273
0 0 0 0 0 0 0
0.589 0.162 44.6 1.31 -2.19 3.98 0.0
4.649 4.326 49.09 159.53 182.23 172.01 0.0253
0 0 0 0 0 0 0
0.929 0.084 43.51 -3.93 32.59 -15.77 0.0
4.901 4.038 47.71 167.57 170.3 181.49 0.024
0 0 0 0 0 0 0
-0.817 -0.587 35.62 -0.8 18.65 -12.1 0.0
4.328 4.647 41.23 170.45 152.74 167.33 0.031
0 0 0 0 0 0 0
-0.316 -1.626 40.86 -3.95 -12.22 -17.69 0.0
5.076 3.815 46.73 167.4 180.8 176.63 0.0324
0 0 0 0 0 0 0
-0.231 1.341 38.16 -1.96 15.35 0.89 0.0
3.634 5.207 42.34 165.6 176.44 176.74 0.0234
0 0 0 0 0 0 0
-0.173 -0.114 42.97 1.58 -25.28 13.87 0.0
4.477 4.504 47.99 165.78 183.96 182.17 0.028
0 0 0 0 0 0 0
0.315 0.347 40.91 -4.29 -4.16 -14.16 0.0
4.382 4.597 45.41 163.3 166.94 167.91 0.0252
0 0 0 0 0 0 0
-1.146 0.285 40.72 5.91 -16.23 -10.0 0.0
3.696 5.164 45.98 172.28 159.84 171.19 0.0294
0 0 0 0 0 0 0
0.346 0.204 42.64 -10.69 24.56 5.55 0.0
4.55 4.43 47.03 180.39 181.24 175.85 0.025
0 0 0 0 0 0 0
1.031 -0.286 39.97 -2.65 -22.59 -1.97 0.0
5.082 3.807 44.24 183.09 162.03 161.7 0.0248
0 0 0 0 0 0 0
-0.462 -0.044 41.71 -13.28 -17.95 14.43 0.0
4.296 4.676 46.81 156.55 178.0 177.54 0.0286
0 0 0 0 0 0 0
0.27 -0.278 41.76 22.11 -8.63 -2.73 0.0
4.741 4.225 46.46 172.8 173.4 164.71 0.0268
0 0 0 0 0 0 0
-0.865 1.066 39.8 -16.31 20.76 -22.31 0.0
3.335 5.404 44.34 172.54 159.93 178.05 0.0257
0 0 0 0 0 0 0
-0.732 0.855 40.17 -24.11 20.18 -8.26 0.0
3.668 5.183 44.72 170.15 179.99 191.52 0.0257
0 0 0 0 0 0 0
0.396 -0.352 44.82 3.88 -9.39 35.08 0.0
4.877 4.067 49.55 187.31 181.15 171.43 0.027
0 0 0 0 0 0 0
-0.021 -0.017 35.34 -15.51 4.4 5.15 0.0
4.458 4.523 40.16 183.18 181.29 186.52 0.0275
0 0 0 0 0 0 0
-0.754 1.665 35.17 -5.6 -0.87 -18.99 0.0
3.169 5.503 39.12 172.19 184.48 184.76 0.0232
0 0 0 0 0 0 0
0.474 -0.109 38.17 12.51 31.57 7.29 0.0
4.752 4.213 42.71 176.58 167.7 167.08 0.0259
0 0 0 0 0 0 0
-1.449 0.58 36.44 -31.0 -15.58 13.18 0.0
3.354 5.392 41.68 185.36 175.06 166.44 0.0289
0 0 0 0 0 0 0
-0.734 1.551 36.67 -31.67 -6.82 -22.93 0.0
3.204 5.483 40.66 158.33 163.39 171.56 0.024
0 0 0 0 0 0 0
1.169 -0.785 44.82 -16.2 -18.14 -26.1 0.0
5.338 3.44 49.17 157.03 174.84 155.44 0.0252
0 0 0 0 0 0 0
0.468 0.569 36.43 -0.25 -7.8 3.77 0.0
4.557 4.423 40.65 164.33 166.15 177.68 0.0237
0 0 0 0 0 0 0
0.766 0.63 43.37 13.62 16.83 -10.71 0.0
4.62 4.357 47.32 168.4 178.39 188.92 0.023
0 0 0 0 0 0 0
0.157 -0.055 38.37 -13.74 -0.64 0.43 0.0
4.611 4.366 43.08 169.47 180.55 179.12 0.0271
0 0 0 0 0 0 0
1.375 -0.112 39.08 2.84 -2.73 -4.54 0.0
5.121 3.755 43.14 170.23 187.19 190.74 0.0231
0 0 0 0 0 0 0
-0.221 1.915 43.3 -21.19 -12.75 5.96 0.0
3.179 5.497 46.83 177.26 170.67 152.42 0.0207
0 0 0 0 0 0 0
-0.309 1.805 36.91 15.3 -22.0 -33.99 0.0
3.308 5.42 40.59 172.06 182.22 171.32 0.0217
0 0 0 0 0 0 0
-0.546 -0.571 39.39 2.86 -9.73 -16.32 0.0
4.567 4.412 44.68 168.55 180.92 162.25 0.0301
0 0 0 0 0 0 0
-1.131 -0.122 40.6 -25.41 -0.23 -8.19 0.0
3.9 5.012 45.84 175.63 170.94 163.02 0.03
0 0 0 0 0 0 0
-1.012 0.62 42.75 -0.14 -9.87 -25.81 0.0
3.643 5.202 47.69 181.67 182.94 176.49 0.0278
0 0 0 0 0 0 0
-0.015 0.305 43.11 -11.05 4.14 -8.68 0.0
4.249 4.719 47.86 183.94 175.7 168.23 0.0267
0 0 0 0 0 0 0
-1.431 -0.061 36.68 -13.57 -8.23 -5.86 0.0
3.686 5.171 42.17 164.71 169.34 174.38 0.0307
0 0 0 0 0 0 0
-1.06 -0.784 38.09 10.26 10.21 -14.97 0.0
4.365 4.613 43.93 163.59 181.69 175.85 0.0322
0 0 0 0 0 0 0
-0.61 -0.644 38.06 1.47 44.58 4.14 0.0
4.559 4.42 43.53 180.71 176.46 172.36 0.0302
0 0 0 0 0 0 0
-0.521 -1.046 35.06 -6.94 9.54 9.82 0.0
4.699 4.272 40.63 182.05 177.5 161.92 0.0308
0 0 0 0 0 0 0
0.073 0.072 38.31 -1.38 -18.67 7.89 0.0
4.469 4.512 43.12 195.58 188.42 180.62 0.0267
0 0 0 0 0 0 0
-0.156 0.124 44.46 11.93 23.73 -3.68 0.0
4.314 4.659 49.32 176.02 170.88 189.64 0.027
0 0 0 0 0 0 0
-1.679 0.994 43.92 -3.38 7.84 -16.76 0.0
2.831 5.684 48.65 153.07 179.99 170.91 0.0272
0 0 0 0 0 0 0
0.54 0.253 36.29 -6.0 -3.93 -10.18 0.0
4.605 4.372 40.6 180.16 156.16 166.64 0.0249
0 0 0 0 0 0 0
-0.447 0.513 36.93 -18.96 26.11 2.89 0.0
3.991 4.939 41.66 172.95 171.99 169.38 0.0264
0 0 0 0 0 0 0
0.332 -0.479 37.08 -17.11 -20.8 20.86 0.0
4.876 4.069 41.83 179.22 166.17 167.75 0.0271
0 0 0 0 0 0 0
-0.584 -0.811 35.44 2.86 -11.11 -12.02 0.0
4.574 4.405 41.07 166.68 172.78 166.77 0.0314
0 0 0 0 0 0 0
-0.491 1.668 43.02 2.81 4.69 -6.33 0.0
3.365 5.385 47.04 159.96 170.22 179.81 0.0231
0 0 0 0 0 0 0
-0.164 -1.648 38.01 2.15 -8.77 8.54 0.0
5.214 3.625 43.49 191.44 182.74 164.31 0.0311
0 0 0 0 0 0 0
0.947 1.753 43.45 6.08 5.03 -2.12 0.0
4.02 4.916 46.83 155.89 184.83 183.29 0.0191
0 0 0 0 0 0 0
-0.821 -1.66 37.0 11.65 -0.57 -9.8 0.0
4.941 3.989 42.97 165.43 161.39 173.67 0.0339
0 0 0 0 0 0 0
0.046 -0.289 41.93 28.4 -15.44 -8.74 0.0
4.631 4.345 46.86 172.73 175.39 180.55 0.028
0 0 0 0 0 0 0
0.265 0.715 44.47 4.92 -13.67 -14.81 0.0
4.323 4.651 48.78 160.46 179.41 181.62 0.0245
0 0 0 0 0 0 0
-0.056 -0.063 42.94 0.29 -18.77 4.71 0.0
4.455 4.526 47.77 144.01 180.74 182.36 0.0275
0 0 0 0 0 0 0
-0.087 -0.889 42.98 -15.56 -33.71 4.07 0.0
4.877 4.066 48.34 171.64 184.18 180.06 0.0296
0 0 0 0 0 0 0
0.227 0.752 42.15 -6.66 -0.95 -24.49 0.0
4.209 4.755 46.36 172.59 180.76 171.36 0.0245
0 0 0 0 0 0 0
0.165 1.317 43.52 -22.34 -5.18 -7.55 0.0
3.804 5.085 47.52 179.69 169.74 163.59 0.0227
0 0 0 0 0 0 0
-1.244 -0.849 35.26 9.1 -12.02 20.2 0.0
4.253 4.716 41.2 169.11 174.43 173.67 0.0328
0 0 0 0 0 0 0
-1.7 -0.93 38.62 7.02 -7.04 -10.41 0.0
4.067 4.877 44.9 163.02 168.83 164.93 0.035
0 0 0 0 0 0 0
0.146 -0.038 44.07 -15.21 -1.28 8.35 0.0
4.514 4.466 48.76 160.5 181.21 160.4 0.0265
0 0 0 0 0 0 0
0.011 -0.094 42.68 13.01 -14.14 21.03 0.0
4.541 4.439 47.51 171.73 158.69 178.17 0.0273
0 0 0 0 0 0 0
0.248 1.736 43.48 -18.61 -2.51 10.38 0.0
3.664 5.187 47.19 157.14 161.02 191.2 0.0211
0 0 0 0 0 0 0
0.834 -0.491 43.76 10.89 -6.71 6.42 0.0
5.084 3.806 48.31 171.81 182.53 177.94 0.0255
0 0 0 0 0 0 0
-0.139 1.183 35.56 -11.3 -6.8 -6.34 0.0
3.739 5.134 39.7 176.28 177.68 163.38 0.0238
0 0 0 0 0 0 0
0.65 0.221 40.46 -6.51 4.17 8.11 0.0
4.669 4.305 44.86 160.31 184.25 185.97 0.025
0 0 0 0 0 0 0
0.718 -1.52 43.13 -4.51 -5.52 9.74 0.0
5.434 3.286 48.21 168.47 164.93 164.54 0.0285
0 0 0 0 0 0 0
-0.129 0.041 42.69 24.55 1.03 -15.68 0.0
4.422 4.558 47.45 159.49 170.67 159.2 0.0272
0 0 0 0 0 0 0
1.458 0.47 40.48 14.23 -12.86 4.11 0.0
5.016 3.895 44.31 183.29 178.2 180.61 0.0213
0 0 0 0 0 0 0
0.641 0.961 43.75 7.88 -11.24 11.53 0.0
4.251 4.717 47.75 160.65 172.92 179.77 0.0224
0 0 0 0 0 0 0
-0.101 -0.657 35.76 -14.29 -14.79 -0.02 0.0
4.809 4.147 40.85 161.89 175.98 186.29 0.0296
0 0 0 0 0 0 0
-0.252 -0.05 37.74 -23.63 -10.16 22.51 0.0
4.372 4.606 42.68 176.01 188.08 178.95 0.0278
0 0 0 0 0 0 0
1.025 -0.565 44.48 9.24 6.69 -11.35 0.0
5.237 3.592 48.93 160.91 178.09 185.02 0.0254
0 0 0 0 0 0 0
0.114 -0.087 40.12 -1.48 -18.55 -13.92 0.0
4.61 4.368 44.88 162.64 169.76 169.16 0.0265
0 0 0 0 0 0 0
0.055 -0.065 38.88 -7.34 -17.54 23.37 0.0
4.486 4.494 43.55 170.57 167.33 178.89 0.0269
0 0 0 0 0 0 0
0.131 0.324 44.76 2.16 -1.52 2.28 0.0
4.462 4.518 49.41 164.09 182.52 181.05 0.0259
0 0 0 0 0 0 0
1.091 0.294 40.06 3.31 -4.28 -8.14 0.0
4.855 4.093 44.05 171.52 177.72 171.92 0.0228
0 0 0 0 0 0 0
0.49 -1.452 35.71 0.9 -5.04 2.31 0.0
5.379 3.375 40.82 166.93 182.32 165.74 0.0288
0 0 0 0 0 0 0
0.737 0.283 43.97 -23.28 34.33 2.6 0.0
4.706 4.265 48.15 173.15 173.97 163.14 0.0242
0 0 0 0 0 0 0
1.431 0.857 39.31 -16.63 -6.25 6.48 0.0
4.726 4.242 42.82 172.83 161.57 163.94 0.0205
0 0 0 0 0 0 0
-0.142 1.23 42.59 -7.8 16.27 1.39 0.0
3.677 5.178 46.72 169.34 161.97 159.04 0.0236
0 0 0 0 0 0 0
0.003 -0.031 41.05 9.56 6.37 -3.44 0.0
4.507 4.474 45.78 183.29 165.17 159.53 0.0268
0 0 0 0 0 0 0
-0.586 -0.373 43.87 21.2 1.94 -15.22 0.0
4.363 4.614 49.17 166.28 163.71 173.14 0.0301
0 0 0 0 0 0 0
-0.399 -0.218 35.11 -23.68 30.61 13.37 0.0
4.367 4.611 40.15 176.64 164.46 180.36 0.0286
0 0 0 0 0 0 0
-1.667 -0.701 42.47 -3.76 -10.44 -18.47 0.0
4.02 4.916 48.38 179.54 174.51 167.7 0.0339
0 0 0 0 0 0 0
0.109 -1.726 40.07 -1.61 3.86 0.36 0.0
5.338 3.439 45.52 167.23 165.39 197.03 0.031
0 0 0 0 0 0 0
0.27 -0.978 36.93 21.56 7.1 2.95 0.0
5.024 3.884 41.94 168.76 179.6 172.84 0.0287
0 0 0 0 0 0 0
0.674 -0.791 36.17 -9.02 7.84 -16.37 0.0
5.176 3.679 40.95 194.99 175.74 193.27 0.0269
0 0 0 0 0 0 0
1.166 0.449 38.58 16.25 -5.79 5.87 0.0
4.834 4.118 42.49 165.45 178.46 184.85 0.0221
0 0 0 0 0 0 0
0.022 -0.87 35.32 9.81 -3.18 -3.01 0.0
4.931 4.002 40.49 162.55 168.91 167.07 0.029
0 0 0 0 0 0 0
0.114 -0.563 41.98 -10.88 32.8 3.96 0.0
4.832 4.121 46.86 179.28 163.95 172.82 0.0284
0 0 0 0 0 0 0
-0.132 0.087 39.94 25.03 11.16 2.06 0.0
4.389 4.589 44.67 162.93 169.15 172.09 0.027
0 0 0 0 0 0 0
-0.604 -0.119 38.46 -19.37 -2.62 -1.85 0.0
4.17 4.789 43.53 171.54 179.5 165.88 0.0288
0 0 0 0 0 0 0
1.702 0.785 37.97 5.81 3.48 -10.69 0.0
4.922 4.012 41.29 173.16 186.13 181.39 0.0194
0 0 0 0 0 0 0
-0.893 -1.411 42.64 -0.33 -1.81 -7.12 0.0
4.703 4.267 48.48 166.33 180.61 171.43 0.0333
0 0 0 0 0 0 0
-0.317 0.527 43.67 -7.24 15.13 18.22 0.0
4.033 4.905 48.37 155.33 174.66 190.25 0.0266
0 0 0 0 0 0 0
1.248 -0.244 38.63 14.81 -4.16 13.3 0.0
5.215 3.624 42.83 158.1 172.23 176.8 0.0238
0 0 0 0 0 0 0
-1.563 0.791 42.65 23.22 22.18 -7.87 0.0
3.142 5.518 47.7 177.25 153.45 185.91 0.0282
0 0 0 0 0 0 0
-1.098 -0.71 36.5 10.85 -5.12 8.25 0.0
4.3 4.673 42.27 171.01 186.32 161.01 0.0327
0 0 0 0 0 0 0
-1.585 -0.869 36.63 -4.52 17.53 9.65 0.0
4.049 4.892 42.59 177.52 176.96 185.83 0.0333
0 0 0 0 0 0 0
-0.537 -1.508 43.51 -24.56 16.07 18.47 0.0
4.94 3.99 49.34 167.46 174.44 191.57 0.0323
0 0 0 0 0 0 0
-0.297 1.02 43.1 -6.98 18.29 13.61 0.0
3.8 5.088 47.34 184.44 189.11 174.04 0.0242
0 0 0 0 0 0 0
-0.065 -0.069 35.36 19.74 -2.17 6.23 0.0
4.453 4.527 40.22 179.45 165.1 175.54 0.0273
0 0 0 0 0 0 0
-1.927 -0.081 42.8 -6.34 -12.12 -17.9 0.0
3.472 5.317 48.44 172.52 168.36 172.12 0.0317
0 0 0 0 0 0 0
0.677 0.173 40.19 5.75 3.31 0.73 0.0
4.855 4.094 44.53 183.31 169.16 192.86 0.0244
0 0 0 0 0 0 0
-0.341 0.082 41.09 -2.25 5.93 10.42 0.0
4.261 4.708 46.02 172.07 185.48 172.18 0.0277
0 0 0 0 0 0 0
-0.202 -0.516 36.79 7.63 6.89 -23.11 0.0
4.681 4.291 41.88 176.62 182.15 184.26 0.0288
0 0 0 0 0 0 0
1.55 -1.1 44.3 -20.08 -9.89 -10.9 0.0
5.675 2.849 48.56 174.56 151.99 170.12 0.0243
0 0 0 0 0 0 0
0.57 -0.386 35.78 21.82 -5.7 14.04 0.0
4.932 4.0 40.54 180.62 169.14 165.1 0.0265
0 0 0 0 0 0 0
0.484 0.985 36.22 11.74 -16.0 -13.08 0.0
4.172 4.788 40.29 157.72 187.97 178.62 0.0228
0 0 0 0 0 0 0
-0.852 0.151 40.42 -2.97 -10.32 22.19 0.0
3.981 4.948 45.67 167.45 170.76 181.38 0.0293
0 0 0 0 0 0 0
-0.809 -0.112 39.59 2.39 10.82 0.16 0.0
4.123 4.829 44.98 164.49 169.45 175.7 0.03
0 0 0 0 0 0 0
-0.552 0.025 36.05 34.83 4.57 6.74 0.0
4.299 4.674 41.05 168.55 165.18 184.14 0.0284
0 0 0 0 0 0 0
-0.425 -0.286 35.38 19.8 7.74 1.66 0.0
4.418 4.562 40.61 184.77 165.07 172.05 0.0287
0 0 0 0 0 0 0
-0.893 -0.009 35.22 -8.38 2.26 6.62 0.0
3.968 4.958 40.36 177.33 186.57 180.2 0.0294
0 0 0 0 0 0 0
0.054 -0.165 44.06 3.75 26.33 20.19 0.0
4.62 4.357 48.94 173.37 167.66 176.86 0.0275
0 0 0 0 0 0 0
-0.278 -0.935 38.17 -7.77 3.64 19.82 0.0
4.896 4.044 43.64 175.44 176.85 180.33 0.0307
0 0 0 0 0 0 0
0.042 -0.725 38.96 -1.85 3.98 -0.4 0.0
4.914 4.023 44.07 182.45 172.94 180.71 0.0283
0 0 0 0 0 0 0
-1.559 0.758 42.97 -7.81 -7.99 1.44 0.0
3.116 5.534 47.97 156.73 177.13 180.0 0.0281
0 0 0 0 0 0 0
1.183 -1.172 37.98 2.68 -1.06 -8.06 0.0
5.475 3.217 42.47 167.79 179.44 170.44 0.0261
0 0 0 0 0 0 0
1.519 0.506 35.82 -11.03 18.11 12.65 0.0
4.974 3.948 39.24 161.78 182.81 185.29 0.0203
0 0 0 0 0 0 0
0.596 0.083 40.54 -10.03 -3.86 11.09 0.0
4.769 4.193 45.01 180.32 162.72 190.52 0.0252
0 0 0 0 0 0 0
0.04 1.013 35.17 -0.78 -5.7 -28.49 0.0
4.1 4.85 39.36 184.36 161.04 185.88 0.0238
0 0 0 0 0 0 0
1.48 -1.064 35.65 14.54 -11.24 -9.86 0.0
5.636 2.927 39.9 179.09 157.08 180.27 0.0243
0 0 0 0 0 0 0
-0.211 0.56 41.76 0.55 2.21 -10.67 0.0
3.978 4.95 46.19 170.85 184.18 176.12 0.0254
0 0 0 0 0 0 0
0.907 0.349 43.31 17.91 -14.65 12.47 0.0
4.769 4.193 47.56 182.43 167.05 177.49 0.0233
0 0 0 0 0 0 0
0.648 0.185 36.98 -10.62 12.48 18.08 0.0
4.853 4.097 41.22 177.27 172.08 159.43 0.024
0 0 0 0 0 0 0
-0.807 1.121 37.78 19.91 0.86 0.82 0.0
3.595 5.235 42.25 192.01 171.84 179.68 0.0252
0 0 0 0 0 0 0
0.36 0.114 43.37 3.12 23.51 19.03 0.0
4.596 4.383 47.91 178.82 153.76 182.08 0.0254
0 0 0 0 0 0 0
0.998 -0.455 40.42 -1.65 -10.67 32.74 0.0
5.142 3.726 44.88 181.59 179.6 162.73 0.0256
0 0 0 0 0 0 0
-0.564 -0.59 40.87 -15.36 6.0 1.33 0.0
4.503 4.477 46.39 175.22 158.46 171.92 0.0306
0 0 0 0 0 0 0
-0.012 0.008 36.92 11.95 -26.64 8.2 0.0
4.504 4.477 41.7 157.3 169.86 172.82 0.0273
0 0 0 0 0 0 0
0.151 -0.093 40.58 -7.06 26.43 3.75 0.0
4.505 4.476 45.32 158.44 185.25 158.0 0.0269
0 0 0 0 0 0 0
-0.268 0.717 36.98 -2.0 -7.35 3.83 0.0
3.914 5.0 41.36 158.43 177.23 178.29 0.0257
0 0 0 0 0 0 0
0.469 0.146 41.78 2.14 -31.45 2.12 0.0
4.697 4.273 46.28 162.94 166.52 171.34 0.0253
0 0 0 0 0 0 0
-0.222 1.872 42.75 -35.51 -13.69 1.18 0.0
3.31 5.42 46.43 169.44 172.56 172.48 0.0214
0 0 0 0 0 0 0
1.725 -0.422 40.32 14.44 15.75 -17.74 0.0
5.44 3.276 44.26 183.14 182.73 178.82 0.0225
0 0 0 0 0 0 0
-1.409 -0.677 38.23 29.09 2.16 7.43 0.0
4.063 4.881 43.99 186.56 178.97 174.19 0.033
0 0 0 0 0 0 0
0.303 -1.319 40.32 -31.3 18.79 -0.31 0.0
5.213 3.627 45.55 181.01 175.08 179.11 0.0296
0 0 0 0 0 0 0
-0.017 0.376 41.92 13.96 16.43 -8.56 0.0
4.275 4.695 46.33 166.63 196.72 178.0 0.0259
0 0 0 0 0 0 0
1.399 -0.856 43.66 2.39 9.01 -25.09 0.0
5.503 3.169 47.97 171.04 169.59 171.11 0.0247
0 0 0 0 0 0 0
0.568 0.485 44.67 -2.45 -15.41 -9.44 0.0
4.507 4.474 48.89 178.92 166.33 170.36 0.0238
0 0 0 0 0 0 0
-0.114 0.069 35.01 -12.01 -14.14 -2.03 0.0
4.342 4.634 39.71 163.01 172.71 185.19 0.027
0 0 0 0 0 0 0
0.321 -1.768 39.76 -10.59 -3.01 10.81 0.0
5.484 3.202 45.14 179.53 170.71 164.27 0.0299
0 0 0 0 0 0 0
0.244 -0.747 36.42 -11.34 10.07 -11.67 0.0
5.037 3.866 41.33 172.36 158.13 180.92 0.0284
0 0 0 0 0 0 0
0.479 0.643 39.04 6.45 -11.32 -24.98 0.0
4.381 4.597 43.15 166.08 173.83 166.6 0.0238
0 0 0 0 0 0 0
0.047 -0.574 35.75 1.78 -11.91 1.52 0.0
4.808 4.148 40.77 176.35 160.84 175.51 0.0285
0 0 0 0 0 0 0
-1.413 -0.689 38.7 6.66 11.58 -7.04 0.0
4.213 4.751 44.53 178.37 165.3 184.64 0.0329
0 0 0 0 0 0 0
1.82 0.293 38.51 0.9 13.64 -8.02 0.0
5.181 3.671 42.03 176.55 169.65 171.46 0.0203
0 0 0 0 0 0 0
-0.452 0.373 42.52 10.11 -28.27 -17.8 0.0
4.053 4.888 47.25 162.85 179.88 175.92 0.0271
0 0 0 0 0 0 0
-0.193 -1.573 41.83 23.63 -35.28 13.64 0.0
5.211 3.63 47.55 176.78 192.18 169.38 0.032
0 0 0 0 0 0 0
0.531 -0.265 43.21 -25.57 -10.02 4.33 0.0
4.897 4.043 47.73 183.61 168.1 197.5 0.0258
0 0 0 0 0 0 0
0.173 1.983 42.42 18.64 5.17 6.35 0.0
3.6 5.232 46.02 149.26 158.46 159.3 0.0209
0 0 0 0 0 0 0
-0.44 -1.861 40.02 20.15 8.14 -2.13 0.0
5.221 3.614 46.06 176.28 160.0 177.52 0.0335
0 0 0 0 0 0 0
0.009 0.644 40.86 13.23 -1.63 -2.66 0.0
4.217 4.748 45.13 167.72 167.69 172.2 0.0249
0 0 0 0 0 0 0
1.458 -0.954 37.34 -13.14 -18.2 -21.71 0.0
5.578 3.036 41.55 185.23 186.37 165.89 0.0245
0 0 0 0 0 0 0
0.228 0.107 40.26 2.81 -11.34 31.7 0.0
4.517 4.464 44.88 170.29 175.38 172.87 0.0259
0 0 0 0 0 0 0
1.872 -0.644 38.61 11.57 -13.2 0.19 0.0
5.623 2.952 42.45 175.0 164.45 171.14 0.0223
0 0 0 0 0 0 0
-0.31 -0.845 37.93 -15.09 -2.3 -7.45 0.0
4.699 4.271 43.21 155.42 203.26 152.68 0.03
0 0 0 0 0 0 0
0.463 -1.391 40.05 -6.68 -16.15 7.77 0.0
5.253 3.569 45.08 164.62 183.11 169.45 0.0287
0 0 0 0 0 0 0
1.462 -1.259 40.6 -1.24 -6.23 -11.68 0.0
5.706 2.787 45.0 180.52 175.13 181.26 0.0249
0 0 0 0 0 0 0
-0.906 1.517 39.06 1.53 17.43 -1.68 0.0
3.03 5.581 43.22 172.38 187.47 166.52 0.0239
0 0 0 0 0 0 0
-1.41 -1.103 44.27 18.77 16.38 16.8 0.0
4.395 4.584 50.23 185.03 161.41 165.69 0.0338
0 0 0 0 0 0 0
0.043 -0.09 43.65 -0.49 16.02 10.86 0.0
4.535 4.444 48.46 177.89 168.95 178.99 0.0271
0 0 0 0 0 0 0
1.579 -0.668 43.54 -9.38 19.85 -9.9 0.0
5.467 3.23 47.68 165.23 178.94 163.58 0.0239
0 0 0 0 0 0 0
-0.132 -0.733 35.28 7.65 -7.21 2.67 0.0
4.761 4.202 40.63 182.17 161.38 185.83 0.03
0 0 0 0 0 0 0
-0.799 1.596 37.39 0.24 -13.49 -1.99 0.0
3.159 5.509 41.63 170.93 151.45 167.37 0.0244
0 0 0 0 0 0 0
-0.602 -0.252 44.11 3.29 -11.68 -8.69 0.0
4.4 4.579 49.46 172.35 166.82 171.09 0.0302
0 0 0 0 0 0 0
1.696 0.058 43.03 2.42 -5.76 24.9 0.0
5.292 3.51 46.67 175.11 173.42 165.62 0.0214
0 0 0 0 0 0 0
-0.588 1.387 36.38 17.19 -0.02 14.57 0.0
3.373 5.381 40.53 183.39 187.46 183.45 0.0236
0 0 0 0 0 0 0
1.92 -0.324 39.43 -7.28 -7.91 -5.12 0.0
5.515 3.149 43.21 179.3 181.32 168.4 0.0218
0 0 0 0 0 0 0
0.487 -0.306 39.17 -1.09 -25.94 -7.43 0.0
4.873 4.072 43.84 188.58 179.44 159.39 0.0265
0 0 0 0 0 0 0
0.121 -1.662 41.97 5.51 -5.07 -15.86 0.0
5.269 3.545 47.47 168.86 169.1 175.47 0.0311
0 0 0 0 0 0 0
-0.478 1.501 40.93 23.32 10.84 -0.6 0.0
3.462 5.324 45.04 165.81 183.36 170.91 0.0233
0 0 0 0 0 0 0
-1.03 0.901 42.59 0.47 7.08 13.03 0.0
3.449 5.332 47.39 152.24 164.01 184.61 0.0271
0 0 0 0 0 0 0
1.875 -0.204 37.29 1.93 -4.04 0.32 0.0
5.431 3.292 41.02 169.19 170.61 166.49 0.0214
0 0 0 0 0 0 0
-0.685 -0.086 36.84 0.16 16.46 -18.56 0.0
4.033 4.905 42.03 175.11 168.38 167.98 0.0293
0 0 0 0 0 0 0
-1.494 -0.51 42.85 5.63 16.59 16.87 0.0
3.95 4.972 48.58 183.33 178.3 149.3 0.0321
0 0 0 0 0 0 0
0.851 0.777 41.01 11.29 4.53 -1.09 0.0
4.507 4.474 44.91 189.98 187.64 183.48 0.0221
0 0 0 0 0 0 0
-0.711 -1.697 37.82 22.64 36.29 5.2 0.0
4.877 4.068 43.9 161.73 175.19 187.31 0.0334
0 0 0 0 0 0 0
-0.446 1.299 42.66 2.88 -10.94 -6.7 0.0
3.472 5.317 46.73 175.56 179.45 184.57 0.0238
0 0 0 0 0 0 0
0.645 -0.786 35.42 3.05 -10.07 -0.92 0.0
5.07 3.824 40.21 157.67 189.18 176.86 0.0271
0 0 0 0 0 0 0
-1.368 0.052 38.31 -13.29 -1.52 3.73 0.0
3.754 5.122 43.73 163.99 170.26 166.35 0.0304
0 0 0 0 0 0 0
1.54 0.849 42.21 -10.97 3.87 -24.07 0.0
4.856 4.093 45.76 166.63 180.83 160.94 0.0204
0 0 0 0 0 0 0
-1.485 -1.084 38.45 -1.42 9.57 -20.43 0.0
4.308 4.665 44.65 175.55 160.7 159.81 0.0344
0 0 0 0 0 0 0
1.667 -0.648 35.14 1.96 1.84 7.93 0.0
5.452 3.256 39.16 165.41 176.53 185.76 0.0236
0 0 0 0 0 0 0
-0.373 -1.279 35.76 -8.2 17.77 -9.01 0.0
4.932 4.001 41.58 188.24 165.64 185.35 0.0322
0 0 0 0 0 0 0
-1.089 1.177 43.4 -5.08 -13.79 -3.13 0.0
3.17 5.502 47.96 164.98 158.23 179.24 0.0256
0 0 0 0 0 0 0
1.595 0.368 44.07 35.24 -11.49 9.22 0.0
5.103 3.779 47.59 162.31 177.23 176.58 0.021
0 0 0 0 0 0 0
0.087 -0.524 43.32 -9.28 1.18 -15.87 0.0
4.77 4.193 48.47 168.87 173.44 177.02 0.0283
0 0 0 0 0 0 0
-0.075 0.483 35.98 12.97 -1.48 -5.72 0.0
4.28 4.691 40.55 172.35 173.62 185.76 0.026
0 0 0 0 0 0 0
-1.031 0.753 38.49 21.19 20.21 3.55 0.0
3.568 5.253 43.4 181.71 173.2 170.21 0.0274
0 0 0 0 0 0 0
0.05 0.041 41.34 -11.63 -3.79 5.78 0.0
4.527 4.454 45.95 170.81 164.27 181.17 0.0268
0 0 0 0 0 0 0
-0.393 0.113 44.31 -2.71 0.4 9.54 0.0
4.222 4.744 49.16 166.12 170.68 171.27 0.0275
0 0 0 0 0 0 0
0.267 -0.7 43.04 26.66 17.56 -11.26 0.0
4.97 3.953 47.91 167.62 185.75 160.18 0.0273
0 0 0 0 0 0 0
-0.043 0.032 42.87 0.45 -2.45 5.23 0.0
4.332 4.643 47.62 176.47 180.0 182.64 0.0266
0 0 0 0 0 0 0
0.041 0.092 35.51 -17.03 6.21 10.95 0.0
4.447 4.534 40.18 172.57 178.05 179.87 0.0266
0 0 0 0 0 0 0
0.77 -0.739 44.57 10.7 -4.92 7.52 0.0
5.144 3.723 49.19 161.96 179.18 172.07 0.0259
0 0 0 0 0 0 0
0.107 0.564 42.51 -6.33 -3.29 10.4 0.0
4.174 4.787 46.83 169.02 181.19 165.32 0.0247
0 0 0 0 0 0 0
-0.976 0.115 38.94 -9.46 3.94 -16.08 0.0
3.862 5.041 44.18 178.11 169.16 182.59 0.0292
0 0 0 0 0 0 0
-0.966 -1.351 43.97 21.88 -3.64 -23.21 0.0
4.787 4.172 49.79 184.55 188.72 177.12 0.0331
0 0 0 0 0 0 0
-1.245 -0.635 43.69 18.37 -27.19 9.09 0.0
4.207 4.757 49.42 171.52 176.96 184.61 0.0323
0 0 0 0 0 0 0
-0.39 -1.045 36.97 4.98 -19.67 -2.66 0.0
4.797 4.161 42.56 183.62 168.78 174.19 0.031
0 0 0 0 0 0 0
-0.039 -0.022 36.24 -12.24 -13.2 20.4 0.0
4.486 4.494 41.09 174.24 178.17 196.55 0.0272
0 0 0 0 0 0 0
-0.89 -0.202 38.36 -3.65 -1.51 4.26 0.0
4.112 4.839 43.7 169.01 175.02 185.44 0.0298
0 0 0 0 0 0 0
0.282 -0.058 43.44 3.87 4.62 -4.11 0.0
4.753 4.211 48.07 190.17 163.77 164.04 0.0259
0 0 0 0 0 0 0
-0.16 1.815 37.45 -10.91 -8.47 -19.82 0.0
3.354 5.392 41.21 170.49 166.15 178.29 0.0214
0 0 0 0 0 0 0
0.018 0.018 43.76 11.96 -31.73 6.44 0.0
4.517 4.464 48.44 190.28 173.27 154.75 0.0265
0 0 0 0 0 0 0
1.18 0.897 40.23 9.63 -8.68 8.76 0.0
4.626 4.351 43.95 185.14 176.96 181.78 0.021
0 0 0 0 0 0 0
1.937 0.179 39.78 1.96 -24.64 3.07 0.0
5.312 3.479 43.27 173.35 166.07 182.76 0.0201
0 0 0 0 0 0 0
-0.721 -0.364 40.55 -9.56 -6.83 2.24 0.0
4.361 4.615 45.77 175.17 172.94 172.33 0.0294
0 0 0 0 0 0 0
-1.047 1.273 36.8 -3.35 -1.9 17.22 0.0
3.163 5.507 41.2 165.09 168.18 178.91 0.0254
0 0 0 0 0 0 0
0.662 0.533 43.44 7.04 8.8 1.26 0.0
4.605 4.373 47.48 166.83 174.46 170.14 0.0231
0 0 0 0 0 0 0
-0.202 0.728 42.46 -7.01 6.8 9.52 0.0
3.986 4.944 46.81 189.65 161.74 188.97 0.0248
0 0 0 0 0 0 0
-1.468 0.637 42.9 -9.44 -1.83 -1.7 0.0
3.233 5.466 47.98 179.5 170.8 185.28 0.0283
0 0 0 0 0 0 0
0.783 1.582 39.59 10.67 -18.6 -18.83 0.0
4.052 4.89 43.04 185.79 164.59 173.75 0.0197
0 0 0 0 0 0 0
0.527 1.005 35.8 -7.77 -1.36 -3.06 0.0
4.294 4.679 39.75 193.64 167.26 159.34 0.0227
0 0 0 0 0 0 0
-0.693 -0.923 41.61 -1.34 -37.59 12.93 0.0
4.606 4.372 47.32 171.26 166.09 166.71 0.0316
0 0 0 0 0 0 0
-0.252 -0.772 37.55 17.13 7.72 3.62 0.0
4.824 4.129 42.85 180.26 173.01 183.86 0.0301
0 0 0 0 0 0 0
0.362 1.708 38.32 -9.95 -2.38 3.26 0.0
3.742 5.131 41.92 165.03 170.01 169.02 0.0208
0 0 0 0 0 0 0
1.149 1.55 39.82 -2.97 3.41 -10.54 0.0
4.338 4.637 43.11 174.98 158.75 176.19 0.0192
0 0 0 0 0 0 0
1.915 -0.518 42.96 -5.89 -23.11 -9.45 0.0
5.503 3.17 46.87 163.67 186.97 170.42 0.0221
0 0 0 0 0 0 0
1.32 -0.165 41.91 1.02 -15.02 -2.25 0.0
5.24 3.588 46.09 169.79 173.94 183.96 0.0236
0 0 0 0 0 0 0
0.199 1.188 43.8 41.83 -19.36 19.62 0.0
3.932 4.987 47.63 165.63 181.85 174.53 0.0221
0 0 0 0 0 0 0
-1.325 0.63 35.28 -19.88 3.55 -1.73 0.0
3.471 5.317 40.43 180.49 172.61 170.38 0.0282
0 0 0 0 0 0 0
-0.548 -0.682 37.78 9.18 14.23 -13.69 0.0
4.535 4.445 43.15 169.19 200.86 174.01 0.0302
0 0 0 0 0 0 0
0.555 0.231 41.4 -5.84 -12.15 -10.85 0.0
4.747 4.218 45.78 181.1 169.41 170.51 0.0251
0 0 0 0 0 0 0
0.023 0.027 41.0 -6.38 13.85 3.1 0.0
4.627 4.35 45.64 168.76 151.1 169.4 0.0264
0 0 0 0 0 0 0
-1.063 -0.444 41.56 -6.14 14.83 -20.25 0.0
4.326 4.649 46.98 180.71 164.67 159.71 0.031
0 0 0 0 0 0 0
-0.251 0.378 38.91 8.14 6.74 -1.13 0.0
4.184 4.778 43.61 187.72 182.76 187.36 0.0269
0 0 0 0 0 0 0
-1.321 -0.439 40.28 17.15 -25.19 16.27 0.0
3.921 4.996 46.06 182.04 183.04 164.17 0.0323
0 0 0 0 0 0 0
1.517 -1.019 38.13 6.17 20.54 11.41 0.0
5.583 3.026 42.38 163.06 163.18 176.67 0.0243
0 0 0 0 0 0 0
0.595 0.833 44.96 -1.83 -12.54 -1.5 0.0
4.457 4.524 49.03 170.71 152.83 182.18 0.0229
0 0 0 0 0 0 0
-0.851 1.425 41.73 2.17 -14.44 -10.93 0.0
3.194 5.488 46.05 169.45 175.69 185.03 0.0243
0 0 0 0 0 0 0
1.727 0.04 44.21 -21.19 -10.06 -6.54 0.0
5.235 3.595 47.89 168.33 182.97 170.66 0.0214
0 0 0 0 0 0 0
0.303 0.035 35.69 1.68 -10.04 -8.59 0.0
4.665 4.308 40.24 179.05 162.81 171.32 0.0261
0 0 0 0 0 0 0
-0.331 0.807 44.01 0.71 -13.42 -0.81 0.0
3.823 5.071 48.42 169.96 182.78 160.17 0.0248
0 0 0 0 0 0 0
0.124 0.253 35.3 9.76 -17.81 -6.52 0.0
4.356 4.621 39.73 176.95 174.52 171.83 0.0261
0 0 0 0 0 0 0
1.771 -0.749 42.38 -30.17 6.5 -14.34 0.0
5.552 3.082 46.32 170.56 185.16 169.77 0.0226
0 0 0 0 0 0 0
-0.773 -1.43 44.63 23.16 -26.41 3.81 0.0
4.821 4.134 50.54 174.98 172.29 164.64 0.0333
0 0 0 0 0 0 0
-0.676 0.178 38.48 3.04 -26.54 18.25 0.0
4.075 4.87 43.53 178.93 170.42 155.66 0.0282
0 0 0 0 0 0 0
-0.123 1.95 35.19 -9.34 13.39 -20.0 0.0
3.342 5.399 38.8 175.62 167.79 168.67 0.0213
0 0 0 0 0 0 0
1.817 0.156 37.53 -13.98 12.88 8.3 0.0
5.192 3.656 41.09 159.32 172.13 173.26 0.0204
0 0 0 0 0 0 0
-0.707 0.059 44.54 -2.68 -4.38 -25.65 0.0
4.104 4.845 49.7 163.66 168.89 175.12 0.029
0 0 0 0 0 0 0
-0.318 -1.366 41.61 5.29 -14.87 19.19 0.0
4.969 3.954 47.31 180.39 179.63 171.04 0.0318
0 0 0 0 0 0 0
-1.044 -1.369 36.82 27.31 -18.71 -8.23 0.0
4.697 4.275 42.95 164.64 170.9 191.38 0.0342
0 0 0 0 0 0 0
1.925 0.319 41.72 -24.79 27.48 -21.38 0.0
5.216 3.622 45.05 167.98 177.31 150.97 0.0197
0 0 0 0 0 0 0
-0.091 -0.085 36.5 -2.35 10.51 9.01 0.0
4.453 4.527 41.3 178.16 172.07 176.14 0.0276
0 0 0 0 0 0 0
1.627 0.657 35.78 5.97 -15.02 -1.79 0.0
4.993 3.924 39.19 167.96 153.0 165.22 0.0203
0 0 0 0 0 0 0
-0.126 0.645 42.79 15.79 25.03 -11.92 0.0
4.123 4.83 47.28 157.05 175.67 181.54 0.0252
0 0 0 0 0 0 0
0.261 -0.055 41.5 0.92 13.8 -1.47 0.0
4.642 4.333 46.16 170.15 174.46 190.11 0.0265
0 0 0 0 0 0 0
-0.065 -0.008 37.71 0.2 -26.43 -16.11 0.0
4.527 4.454 42.37 171.72 171.41 169.47 0.0271
0 0 0 0 0 0 0
0.02 0.582 41.91 11.57 9.84 5.98 0.0
4.199 4.764 46.22 179.67 174.94 180.17 0.0248
0 0 0 0 0 0 0
1.41 -0.407 41.8 3.64 -1.83 -21.72 0.0
5.326 3.458 45.88 162.33 172.52 170.53 0.0235
0 0 0 0 0 0 0
-0.616 -1.004 41.62 11.86 6.09 23.36 0.0
4.727 4.241 47.28 174.53 180.76 163.77 0.0315
0 0 0 0 0 0 0
-0.272 0.095 40.51 7.47 -11.75 -6.03 0.0
4.441 4.54 45.28 168.77 172.54 176.7 0.0275
0 0 0 0 0 0 0
0.161 -0.992 42.73 21.76 -14.05 2.86 0.0
5.043 3.859 48.01 158.8 167.05 161.34 0.0292
0 0 0 0 0 0 0
1.008 -1.506 38.44 -18.57 20.79 8.1 0.0
5.529 3.123 43.32 179.55 176.83 189.96 0.0279
0 0 0 0 0 0 0
-1.243 0.306 41.41 10.53 -4.73 -6.81 0.0
3.686 5.171 46.5 169.46 176.94 180.37 0.0291
0 0 0 0 0 0 0
0.209 1.51 35.95 -17.36 7.5 13.63 0.0
3.817 5.076 39.71 177.04 157.01 179.32 0.0218
0 0 0 0 0 0 0
1.596 0.829 36.82 -0.48 7.08 0.28 0.0
4.815 4.14 40.22 178.3 169.3 171.91 0.0199
0 0 0 0 0 0 0
0.028 1.686 40.77 12.84 -0.7 -8.28 0.0
3.588 5.239 44.61 167.63 167.51 186.52 0.0221
0 0 0 0 0 0 0
0.612 -1.329 44.04 4.74 -20.28 -25.89 0.0
5.36 3.405 49.16 167.42 180.52 182.25 0.0292
0 0 0 0 0 0 0
0.748 -0.3 38.77 2.46 -13.97 -17.33 0.0
5.002 3.912 43.13 179.24 163.04 189.39 0.0253
0 0 0 0 0 0 0
0.76 0.011 43.4 14.21 -6.47 11.66 0.0
4.865 4.082 47.74 164.87 171.85 166.37 0.0245
0 0 0 0 0 0 0
0.455 -0.172 35.38 -14.92 16.1 20.56 0.0
4.786 4.173 40.0 157.24 169.44 190.49 0.0259
0 0 0 0 0 0 0
0.635 0.99 36.05 -8.36 -6.4 1.4 0.0
4.337 4.639 39.81 166.7 164.97 164.03 0.0222
0 0 0 0 0 0 0
-0.676 0.728 42.71 -17.38 -2.07 -2.97 0.0
3.758 5.119 47.37 171.11 174.66 191.15 0.0266
0 0 0 0 0 0 0
-0.414 0.246 43.95 -10.57 -0.78 3.06 0.0
4.152 4.805 48.77 183.64 158.6 167.46 0.0272
0 0 0 0 0 0 0
1.855 -0.493 39.31 13.87 21.32 -15.36 0.0
5.481 3.208 43.15 151.76 180.28 172.95 0.0224
0 0 0 0 0 0 0
-0.573 1.349 37.92 2.16 -11.8 -3.03 0.0
3.42 5.351 42.28 189.19 174.78 165.62 0.0245
0 0 0 0 0 0 0
-1.79 -0.527 36.54 4.84 7.03 6.52 0.0
3.853 5.047 42.58 185.06 183.14 180.4 0.0335
0 0 0 0 0 0 0
-1.112 -0.607 41.63 2.59 21.99 31.8 0.0
4.185 4.777 47.42 171.08 163.46 179.26 0.0324
0 0 0 0 0 0 0
-1.576 -0.911 35.93 -4.89 -8.62 -3.84 0.0
4.251 4.717 42.03 168.6 184.66 182.78 0.0341
0 0 0 0 0 0 0
-0.617 -0.336 42.32 1.09 8.02 3.02 0.0
4.371 4.608 47.53 166.56 179.57 159.9 0.0295
0 0 0 0 0 0 0
1.479 -1.307 37.29 -11.87 -3.87 -0.24 0.0
5.688 2.824 41.85 179.48 164.57 170.39 0.0256
0 0 0 0 0 0 0
0.258 -0.13 42.69 1.0 -1.69 8.22 0.0
4.69 4.282 47.4 167.74 179.43 167.46 0.0267
0 0 0 0 0 0 0
0.168 -0.008 35.07 12.83 -7.85 -18.48 0.0
4.576 4.403 39.76 177.17 174.21 191.83 0.0266
0 0 0 0 0 0 0
1.761 -0.753 43.4 -4.92 0.66 9.3 0.0
5.543 3.1 47.34 177.35 184.1 172.06 0.0231
0 0 0 0 0 0 0
0.089 0.413 44.95 -1.46 6.98 24.75 0.0
4.309 4.664 49.41 184.25 167.69 171.17 0.0252
0 0 0 0 0 0 0
-1.046 0.514 39.02 -16.01 0.05 -0.99 0.0
3.638 5.205 44.07 169.54 165.27 176.07 0.0285
0 0 0 0 0 0 0
-1.202 -0.684 42.62 5.32 2.32 4.98 0.0
4.206 4.757 48.36 169.91 177.16 173.2 0.0324
0 0 0 0 0 0 0
0.159 -0.066 38.75 -6.74 1.96 6.59 0.0
4.591 4.388 43.45 178.57 181.61 187.14 0.0269
0 0 0 0 0 0 0
-0.019 -0.237 36.19 -34.75 5.02 -0.95 0.0
4.612 4.365 40.93 175.3 175.11 190.9 0.0271
0 0 0 0 0 0 0
-0.582 0.147 36.43 -12.7 17.26 6.24 0.0
4.078 4.868 41.29 166.63 176.45 182.6 0.0272
0 0 0 0 0 0 0
-0.146 1.256 42.93 15.25 0.71 6.4 0.0
3.758 5.119 46.94 162.34 180.53 187.26 0.023
0 0 0 0 0 0 0
0.354 -0.96 36.29 1.47 22.4 13.49 0.0
5.09 3.797 41.32 168.06 180.75 175.73 0.0284
0 0 0 0 0 0 0
1.715 -1.009 37.32 -6.87 10.45 -23.55 0.0
5.621 2.956 41.48 163.5 175.28 162.3 0.0238
0 0 0 0 0 0 0
0.347 0.092 40.54 4.54 -5.31 -2.18 0.0
4.634 4.343 45.11 175.81 167.93 175.37 0.0254
0 0 0 0 0 0 0
1.831 0.2 37.05 -15.16 -19.77 0.33 0.0
5.202 3.643 40.78 170.96 179.15 164.17 0.0213
0 0 0 0 0 0 0
-0.119 -0.466 43.01 -27.67 -1.95 14.24 0.0
4.644 4.332 48.22 186.29 174.92 175.51 0.0288
0 0 0 0 0 0 0
-0.591 -0.433 37.99 4.35 -0.72 14.94 0.0
4.494 4.486 43.4 177.39 188.71 179.23 0.0298
0 0 0 0 0 0 0
1.368 1.085 39.85 4.34 -2.86 -11.13 0.0
4.618 4.358 43.24 180.35 178.28 177.32 0.0195
0 0 0 0 0 0 0
1.908 0.252 37.75 -5.19 -17.82 -1.53 0.0
5.2 3.644 41.31 173.29 181.87 165.24 0.0207
0 0 0 0 0 0 0
0.337 1.154 44.73 -19.06 4.56 8.26 0.0
3.984 4.945 48.8 153.36 176.29 161.84 0.023
0 0 0 0 0 0 0
-0.087 1.232 35.61 4.62 13.93 -3.23 0.0
3.742 5.131 39.69 151.25 178.3 188.03 0.0232
0 0 0 0 0 0 0
0.399 0.696 38.38 2.08 -18.25 -6.53 0.0
4.474 4.507 42.57 164.85 181.13 192.84 0.0238
0 0 0 0 0 0 0
-0.437 -1.04 35.82 -7.99 23.73 -24.88 0.0
4.766 4.197 41.33 170.09 168.85 172.29 0.0311
0 0 0 0 0 0 0
-0.676 -1.198 42.59 -13.29 -12.6 -12.56 0.0
4.731 4.236 48.37 178.54 176.97 161.93 0.0323
0 0 0 0 0 0 0
0.943 0.464 42.09 -10.64 -29.13 -3.1 0.0
4.754 4.211 46.33 159.52 161.56 188.73 0.0239
0 0 0 0 0 0 0
-0.907 -0.394 44.9 -16.11 -21.52 -12.26 0.0
4.262 4.707 50.24 181.08 180.14 182.47 0.0302
0 0 0 0 0 0 0
-0.271 -0.991 44.46 6.97 14.95 4.83 0.0
4.855 4.094 49.81 177.09 171.84 163.04 0.0304
0 0 0 0 0 0 0
-0.044 1.946 43.94 18.59 -14.09 0.9 0.0
3.362 5.388 47.64 174.99 174.13 184.21 0.0211
0 0 0 0 0 0 0
-0.963 0.456 40.87 -16.18 4.93 -11.8 0.0
3.66 5.19 45.73 157.95 167.11 167.83 0.0275
0 0 0 0 0 0 0
0.408 0.077 42.56 -16.82 11.64 -4.18 0.0
4.666 4.307 47.19 175.53 172.92 175.16 0.0255
0 0 0 0 0 0 0
0.782 -0.49 35.79 -11.31 0.3 18.66 0.0
5.037 3.867 40.49 178.27 164.84 174.56 0.0261
0 0 0 0 0 0 0
0.903 -0.603 41.76 -12.57 -6.61 -0.2 0.0
5.161 3.701 46.26 164.53 160.57 168.58 0.0256
0 0 0 0 0 0 0
1.091 1.136 42.55 -10.06 -0.42 6.07 0.0
4.425 4.555 46.03 174.01 169.47 186.98 0.0207
0 0 0 0 0 0 0
-0.749 1.392 41.48 22.27 17.06 -6.45 0.0
3.38 5.376 45.78 167.48 153.81 177.88 0.0244
0 0 0 0 0 0 0
-1.764 0.801 36.84 -1.45 -20.1 14.3 0.0
3.042 5.575 41.94 168.93 179.13 170.09 0.0289
0 0 0 0 0 0 0
0.801 0.402 35.0 -12.56 -6.3 1.45 0.0
4.711 4.258 39.02 183.15 160.2 174.36 0.0235
0 0 0 0 0 0 0
-1.263 0.335 38.16 1.15 -1.24 -1.22 0.0
3.558 5.26 43.45 172.39 167.44 190.59 0.029
0 0 0 0 0 0 0
-0.697 1.588 37.15 -20.66 9.55 -7.8 0.0
3.167 5.504 41.26 163.2 169.2 167.67 0.024
0 0 0 0 0 0 0
1.02 0.058 42.13 13.38 -8.57 -14.66 0.0
4.978 3.943 46.31 177.94 158.59 181.67 0.0235
0 0 0 0 0 0 0
-0.704 -0.527 41.98 -10.51 10.8 -6.99 0.0
4.419 4.561 47.21 173.05 177.97 161.72 0.0302
0 0 0 0 0 0 0
0.355 -0.063 38.73 -16.68 -14.08 1.15 0.0
4.714 4.255 43.49 165.26 146.06 180.71 0.0269
0 0 0 0 0 0 0
0.182 -0.084 42.35 -5.21 11.1 16.4 0.0
4.621 4.356 47.07 155.24 186.26 168.41 0.0268
0 0 0 0 0 0 0
-1.979 -0.125 35.53 12.32 -4.32 54.93 0.0
3.523 5.283 41.58 164.93 173.24 179.73 0.0327
0 0 0 0 0 0 0
1.102 1.04 37.26 -7.26 4.33 1.45 0.0
4.553 4.427 40.82 185.16 173.67 172.9 0.0204
0 0 0 0 0 0 0
0.268 0.001 42.04 0.87 -31.19 14.81 0.0
4.666 4.308 46.62 172.94 178.41 168.71 0.0262
0 0 0 0 0 0 0
-1.421 1.122 36.45 -7.15 0.81 7.66 0.0
3.037 5.576 41.23 170.82 166.36 170.31 0.0275
0 0 0 0 0 0 0
1.708 0.804 35.2 22.61 -16.8 2.83 0.0
4.89 4.052 38.58 171.7 177.76 168.78 0.0198
0 0 0 0 0 0 0
-0.034 0.107 43.25 -8.96 -34.84 5.49 0.0
4.47 4.51 47.88 167.94 175.32 168.46 0.0264
0 0 0 0 0 0 0
0.799 -0.111 44.18 -14.89 -0.72 4.19 0.0
4.918 4.019 48.37 184.46 174.3 163.23 0.0245
0 0 0 0 0 0 0
-0.146 0.179 42.32 -8.73 -18.79 11.99 0.0
4.375 4.603 47.1 177.08 161.48 190.72 0.0269
0 0 0 0 0 0 0
-0.299 1.208 39.11 -13.27 14.86 -20.43 0.0
3.662 5.188 43.23 175.07 154.41 173.21 0.0238
0 0 0 0 0 0 0
1.271 1.08 43.97 -7.59 10.8 -16.35 0.0
4.592 4.387 47.38 171.84 188.25 170.7 0.0205
0 0 0 0 0 0 0
-0.463 -0.18 44.91 3.91 5.67 6.21 0.0
4.356 4.62 50.19 165.52 198.97 193.39 0.0293
0 0 0 0 0 0 0
-0.05 0.189 42.6 16.0 -3.06 -18.15 0.0
4.37 4.608 47.13 171.66 161.57 165.61 0.026
0 0 0 0 0 0 0
0.416 -0.278 44.85 12.83 17.32 32.79 0.0
4.832 4.12 49.64 179.97 178.71 183.22 0.0263
0 0 0 0 0 0 0
0.505 -1.033 38.04 8.78 -28.22 6.87 0.0
5.203 3.641 42.93 178.61 177.34 170.81 0.0278
0 0 0 0 0 0 0
0.164 1.822 43.68 -15.03 -25.85 -8.27 0.0
3.545 5.269 47.3 161.42 169.99 178.01 0.0208
0 0 0 0 0 0 0
0.206 -0.134 44.99 8.64 -3.67 -7.27 0.0
4.685 4.287 49.64 187.32 166.65 178.6 0.0267
0 0 0 0 0 0 0
0.057 -0.074 37.85 -0.97 0.56 -2.93 0.0
4.564 4.415 42.54 180.75 168.82 168.42 0.0268
0 0 0 0 0 0 0
0.181 0.543 41.24 16.73 -7.43 -19.72 0.0
4.262 4.708 45.51 167.38 170.01 161.94 0.0253
0 0 0 0 0 0 0
0.739 0.48 39.62 -17.53 -4.35 -6.85 0.0
4.598 4.38 43.64 159.1 169.81 180.95 0.0235
0 0 0 0 0 0 0
0.224 0.155 38.97 15.52 -2.97 -22.71 0.0
4.57 4.41 43.53 175.89 171.72 157.29 0.0259
0 0 0 0 0 0 0
0.01 -0.082 42.9 -8.28 -4.44 6.22 0.0
4.562 4.417 47.56 177.08 185.36 160.91 0.0269
0 0 0 0 0 0 0
-1.636 0.613 37.17 -28.87 -4.63 17.01 0.0
3.075 5.556 42.18 179.33 186.95 175.78 0.0287
0 0 0 0 0 0 0
-0.2 1.215 37.8 9.73 -0.98 11.86 0.0
3.789 5.096 41.89 170.31 166.88 183.7 0.0233
0 0 0 0 0 0 0
1.272 -0.255 43.53 -10.71 -17.6 2.93 0.0
5.24 3.588 47.6 182.48 171.41 197.61 0.0237
0 0 0 0 0 0 0
-1.626 -0.178 36.26 9.28 -3.56 4.67 0.0
3.59 5.238 41.82 168.34 193.34 182.22 0.0312
0 0 0 0 0 0 0
-0.234 0.998 42.14 6.36 -15.99 17.25 0.0
3.847 5.053 46.58 181.89 180.98 177.63 0.0245
0 0 0 0 0 0 0
1.028 0.015 44.0 4.9 -14.18 -25.61 0.0
4.9 4.039 48.01 189.54 174.77 171.53 0.0237
0 0 0 0 0 0 0
1.608 -0.981 37.0 3.32 6.94 -23.97 0.0
5.599 2.997 41.23 184.31 168.74 171.61 0.0239
0 0 0 0 0 0 0
0.888 0.409 39.47 1.97 -4.03 -9.58 0.0
4.709 4.26 43.58 171.14 175.91 179.96 0.0231
0 0 0 0 0 0 0
0.706 -1.337 41.14 10.39 4.08 8.6 0.0
5.368 3.393 46.15 172.52 163.38 166.16 0.0282
0 0 0 0 0 0 0
0.575 -0.133 39.26 28.27 13.91 -3.03 0.0
4.853 4.096 43.75 161.17 178.81 195.5 0.0257
0 0 0 0 0 0 0
0.083 -0.189 39.21 -6.5 14.91 18.19 0.0
4.563 4.416 44.04 169.57 171.05 173.63 0.027
0 0 0 0 0 0 0
1.562 1.228 41.36 11.1 1.42 -24.81 0.0
4.614 4.363 44.57 163.02 166.23 190.3 0.019
0 0 0 0 0 0 0
-0.316 -1.036 36.65 -9.77 6.26 -17.31 0.0
4.798 4.16 42.21 156.66 164.89 188.97 0.0311
0 0 0 0 0 0 0
-0.67 -0.626 41.75 -5.8 -7.51 -4.23 0.0
4.526 4.454 47.15 173.5 175.21 181.97 0.0305
0 0 0 0 0 0 0
-0.202 -0.174 41.34 10.14 14.18 20.67 0.0
4.41 4.569 46.34 169.45 180.36 160.76 0.0278
0 0 0 0 0 0 0
1.055 -0.652 44.81 8.67 -12.12 -0.7 0.0
5.219 3.618 49.35 179.89 159.09 177.15 0.0255
0 0 0 0 0 0 0
-1.168 -0.429 35.99 -8.55 4.02 -7.4 0.0
4.153 4.804 41.66 170.32 178.59 173.18 0.0312
0 0 0 0 0 0 0
-0.359 -1.466 39.38 8.02 8.71 -1.64 0.0
5.026 3.882 45.05 186.54 174.32 185.0 0.0323
0 0 0 0 0 0 0
-0.003 -0.311 37.01 -15.63 -9.31 9.61 0.0
4.687 4.284 42.09 177.09 198.47 170.95 0.0276
0 0 0 0 0 0 0
-0.479 0.347 40.82 11.48 7.91 23.12 0.0
3.989 4.941 45.73 165.96 157.95 170.87 0.027
0 0 0 0 0 0 0
-0.67 0.878 44.62 9.41 5.38 -18.62 0.0
3.531 5.278 49.07 159.89 186.05 182.24 0.0258
0 0 0 0 0 0 0
0.004 0.197 40.51 -10.6 -6.54 3.58 0.0
4.358 4.619 45.25 176.86 168.33 159.12 0.0267
0 0 0 0 0 0 0
-0.033 0.423 43.67 1.94 2.95 1.71 0.0
4.274 4.697 48.4 169.92 167.0 182.74 0.0259
0 0 0 0 0 0 0
0.379 0.904 38.57 2.89 -0.33 -7.8 0.0
4.244 4.724 42.54 177.74 166.48 161.5 0.023
0 0 0 0 0 0 0
0.076 -0.001 37.33 -1.27 -12.71 10.69 0.0
4.528 4.452 42.09 170.97 185.08 163.29 0.0267
0 0 0 0 0 0 0
-1.187 0.388 38.51 -2.59 -3.95 -8.16 0.0
3.555 5.262 43.64 160.05 183.2 171.85 0.0292
0 0 0 0 0 0 0
1.43 0.753 40.66 -14.29 1.7 -5.15 0.0
4.785 4.175 44.14 181.06 164.85 173.78 0.0206
0 0 0 0 0 0 0
0.311 1.102 38.21 17.52 9.88 4.57 0.0
4.035 4.904 42.16 162.57 175.46 176.74 0.0222
0 0 0 0 0 0 0
0.112 0.23 35.94 -17.42 0.35 -14.26 0.0
4.442 4.539 40.47 157.18 166.38 164.93 0.0257
0 0 0 0 0 0 0
0.099 -0.072 42.69 -6.36 -6.2 1.87 0.0
4.525 4.455 47.44 173.93 176.8 180.29 0.0272
0 0 0 0 0 0 0
-0.022 0.094 36.65 1.61 -1.9 -37.82 0.0
4.442 4.539 41.26 179.72 159.7 184.47 0.0262
0 0 0 0 0 0 0
0.482 -0.566 44.19 29.36 0.21 12.99 0.0
4.993 3.923 48.93 171.56 163.6 161.53 0.0267
0 0 0 0 0 0 0
1.022 1.327 35.68 -5.09 -8.45 -3.05 0.0
4.353 4.624 39.22 168.09 180.54 169.82 0.0204
0 0 0 0 0 0 0
0.243 -0.813 36.64 4.07 2.77 -12.0 0.0
4.953 3.974 41.54 166.85 162.37 178.64 0.0282
0 0 0 0 0 0 0
-0.067 -1.81 42.63 8.79 11.02 17.22 0.0
5.214 3.624 48.35 166.14 154.19 175.96 0.032
0 0 0 0 0 0 0
-0.782 1.098 40.04 -14.73 5.4 -19.96 0.0
3.519 5.286 44.41 183.21 169.97 182.68 0.0252
0 0 0 0 0 0 0
0.192 -1.239 41.49 -2.85 3.87 -4.82 0.0
5.132 3.741 46.69 166.67 188.5 172.36 0.0296
0 0 0 0 0 0 0
-0.645 1.723 37.2 -14.67 -35.09 10.88 0.0
3.226 5.47 41.39 138.02 170.09 184.39 0.0234
0 0 0 0 0 0 0
0.1 -0.432 40.7 4.71 9.81 -18.17 0.0
4.717 4.253 45.58 185.41 169.78 177.14 0.0277
0 0 0 0 0 0 0
-0.008 -0.232 39.3 -1.74 13.17 4.71 0.0
4.59 4.388 44.13 170.96 171.62 168.51 0.0272
0 0 0 0 0 0 0
-0.712 0.454 38.12 -22.95 15.13 7.47 0.0
3.867 5.037 42.93 173.77 190.42 172.88 0.0273
0 0 0 0 0 0 0
0.047 0.198 44.34 -8.39 3.6 -3.77 0.0
4.335 4.641 48.77 153.62 173.46 164.15 0.0261
0 0 0 0 0 0 0
0.664 1.441 41.06 18.66 10.4 2.97 0.0
4.099 4.85 44.62 161.49 176.05 169.63 0.021
0 0 0 0 0 0 0
-0.231 -0.449 42.69 17.37 -2.18 -8.85 0.0
4.64 4.335 47.8 187.05 180.3 177.84 0.0286
0 0 0 0 0 0 0
-0.158 0.036 43.19 -9.4 -1.83 -16.64 0.0
4.299 4.674 48.06 185.95 173.02 176.13 0.0274
0 0 0 0 0 0 0
-1.447 0.822 38.5 -11.79 11.32 -16.29 0.0
3.137 5.521 43.31 169.78 179.75 182.58 0.0274
0 0 0 0 0 0 0
0.147 -0.009 36.92 22.92 -31.4 -15.3 0.0
4.597 4.382 41.44 176.58 165.88 173.76 0.0264
0 0 0 0 0 0 0
-0.145 0.07 41.4 5.87 -2.15 19.33 0.0
4.405 4.575 46.22 160.7 169.05 177.56 0.0273
0 0 0 0 0 0 0
-0.607 1.157 42.6 23.53 17.05 11.99 0.0
3.559 5.259 46.91 155.11 173.54 187.35 0.0248
0 0 0 0 0 0 0
-1.389 -0.349 42.9 -3.15 -12.9 13.71 0.0
3.912 5.003 48.44 176.67 173.68 165.79 0.0313
0 0 0 0 0 0 0
-0.261 -0.317 44.94 -4.21 -1.27 -24.46 0.0
4.523 4.458 50.06 168.48 180.13 184.26 0.0287
0 0 0 0 0 0 0
0.652 -0.185 40.8 -9.07 -2.34 12.28 0.0
4.896 4.044 45.39 167.9 166.44 180.65 0.0259
0 0 0 0 0 0 0
0.586 -1.118 37.4 1.35 -13.37 16.98 0.0
5.202 3.642 42.52 167.84 189.32 167.76 0.0283
0 0 0 0 0 0 0
-0.063 -0.162 36.97 -6.68 -4.12 -11.53 0.0
4.542 4.438 41.86 176.06 172.87 178.77 0.0278
0 0 0 0 0 0 0
0.19 -0.633 36.72 -15.99 -4.74 -9.17 0.0
4.813 4.143 41.71 159.26 186.68 168.31 0.0281
0 0 0 0 0 0 0
0.611 -1.51 44.79 28.71 4.71 -10.81 0.0
5.43 3.292 49.76 178.3 175.5 168.16 0.0285
0 0 0 0 0 0 0
1.858 0.082 38.89 -3.85 10.09 10.32 0.0
5.311 3.482 42.52 175.36 157.9 195.98 0.0205
0 0 0 0 0 0 0
-0.528 -0.101 39.61 37.02 5.92 7.25 0.0
4.339 4.636 44.67 173.47 164.0 175.15 0.0288
0 0 0 0 0 0 0
0.966 0.9 39.95 28.51 -5.69 -3.83 0.0
4.518 4.463 43.73 178.31 177.0 187.59 0.0219
0 0 0 0 0 0 0
-0.056 -1.528 35.09 -10.36 5.88 3.36 0.0
5.139 3.73 40.68 167.74 184.5 195.0 0.0317
0 0 0 0 0 0 0
-0.445 -0.556 35.67 -9.26 -8.84 -16.07 0.0
4.554 4.426 41.04 185.66 162.7 183.34 0.0298
0 0 0 0 0 0 0
0.734 -1.739 41.6 -3.95 7.46 -1.71 0.0
5.575 3.039 46.78 162.94 180.72 162.71 0.029
0 0 0 0 0 0 0
-0.478 0.502 38.89 -0.28 18.92 -2.59 0.0
3.978 4.95 43.62 179.53 169.23 180.95 0.0267
0 0 0 0 0 0 0
-1.474 0.463 41.63 1.29 4.2 4.06 0.0
3.409 5.357 46.64 170.79 176.59 169.08 0.0291
0 0 0 0 0 0 0
0.477 -0.231 36.49 19.85 -8.27 1.78 0.0
4.817 4.138 41.15 180.75 187.49 165.2 0.0261
0 0 0 0 0 0 0
-0.047 -0.731 37.05 2.28 1.47 6.33 0.0
4.841 4.109 42.34 165.36 187.38 189.33 0.0295
0 0 0 0 0 0 0
-0.232 0.216 44.14 -2.98 16.12 13.69 0.0
4.323 4.652 48.93 162.85 174.17 178.46 0.027
0 0 0 0 0 0 0
-0.397 0.046 37.59 -10.65 6.42 -12.89 0.0
4.297 4.676 42.55 181.39 174.62 177.86 0.0285
0 0 0 0 0 0 0
-0.271 -0.309 37.46 -13.81 5.53 -4.65 0.0
4.497 4.484 42.51 178.9 160.58 183.02 0.0285
0 0 0 0 0 0 0
0.126 0.101 38.2 9.73 6.07 -26.43 0.0
4.492 4.489 43.0 175.87 163.99 185.49 0.0264
0 0 0 0 0 0 0
-0.202 1.422 44.53 -7.01 -29.92 -9.84 0.0
3.669 5.183 48.65 155.38 182.52 179.81 0.0237
0 0 0 0 0 0 0
0.132 -0.267 43.86 -9.96 1.24 -22.32 0.0
4.772 4.19 48.74 180.61 160.25 184.66 0.0273
0 0 0 0 0 0 0
0.719 -0.42 38.83 8.87 -9.41 -8.68 0.0
5.01 3.903 43.43 179.27 169.82 173.98 0.0258
0 0 0 0 0 0 0
-0.427 -0.231 38.05 3.41 -16.83 -4.5 0.0
4.402 4.577 43.15 167.74 178.8 171.63 0.0283
0 0 0 0 0 0 0
0.498 -1.401 41.7 5.96 26.13 2.26 0.0
5.367 3.395 46.64 173.12 170.45 164.97 0.0285
0 0 0 0 0 0 0
0.426 -1.038 37.24 20.56 1.9 -6.13 0.0
5.214 3.625 42.04 184.61 166.54 158.71 0.0282
0 0 0 0 0 0 0
-0.818 1.583 43.66 -13.43 -8.58 -3.62 0.0
3.086 5.55 47.82 179.63 171.22 177.86 0.0238
0 0 0 0 0 0 0
0.94 1.67 43.6 -13.29 12.59 -35.24 0.0
4.096 4.853 46.86 171.71 173.37 164.96 0.0195
0 0 0 0 0 0 0
-0.012 0.177 36.19 -23.56 22.16 2.55 0.0
4.321 4.654 40.87 159.71 166.34 172.89 0.0268
0 0 0 0 0 0 0
0.245 0.015 43.83 -0.11 23.12 17.03 0.0
4.628 4.349 48.36 165.54 174.79 163.82 0.026
0 0 0 0 0 0 0
0.092 1.668 42.82 6.66 27.41 -6.44 0.0
3.683 5.173 46.53 169.15 178.17 157.79 0.0215
0 0 0 0 0 0 0
0.102 0.02 44.74 7.64 8.89 10.98 0.0
4.563 4.417 49.48 175.47 162.91 185.4 0.027
0 0 0 0 0 0 0
0.314 1.852 35.9 5.95 -4.99 4.48 0.0
3.67 5.183 39.48 173.85 180.64 166.92 0.02
0 0 0 0 0 0 0
-0.051 1.067 43.12 -7.68 7.84 11.46 0.0
3.831 5.065 47.41 166.7 175.99 166.55 0.0242
0 0 0 0 0 0 0
0.556 -0.18 44.06 11.85 44.59 -26.14 0.0
4.73 4.238 48.48 171.25 186.76 184.22 0.0257
0 0 0 0 0 0 0
0.682 0.971 41.67 -7.04 21.01 -4.15 0.0
4.273 4.698 45.48 166.92 187.63 165.62 0.0224
0 0 0 0 0 0 0
-0.655 -0.067 41.84 -18.62 -3.1 -7.6 0.0
4.147 4.81 47.01 183.58 172.53 173.93 0.0292
0 0 0 0 0 0 0
0.9 0.971 44.0 -5.26 -21.63 5.11 0.0
4.528 4.452 47.67 188.79 168.17 180.81 0.0212
0 0 0 0 0 0 0
1.229 -0.033 42.65 13.22 5.45 -8.67 0.0
5.028 3.878 46.78 171.45 189.4 159.48 0.0238
0 0 0 0 0 0 0
0.502 0.535 42.29 4.34 -3.06 -11.7 0.0
4.506 4.475 46.46 177.54 167.08 169.0 0.0242
0 0 0 0 0 0 0
0.223 0.588 43.17 -48.75 -30.31 -36.82 0.0
4.319 4.655 47.44 160.74 173.52 190.56 0.0251
0 0 0 0 0 0 0
-0.422 0.758 43.09 9.03 -11.67 5.86 0.0
3.851 5.05 47.63 184.78 195.16 164.71 0.0256
0 0 0 0 0 0 0
1.822 0.558 44.11 3.64 -3.08 7.32 0.0
5.036 3.868 47.68 163.43 181.56 176.19 0.02
0 0 0 0 0 0 0
