x (mm)   y (mm)   z (mm)   vx (m/s)   vy (m/s)   vz (m/s)   time (ms)   dens
0.471 -0.104 40.36 -10.38 -6.11 -39.88 0.0
4.784 4.175 44.92 164.71 160.35 183.57 0.0251
0 0 0 0 0 0 0
0.222 0.316 38.71 -17.2 4.94 -1.93 0.0
4.434 4.546 43.21 172.1 154.86 171.9 0.0248
0 0 0 0 0 0 0
1.336 0.01 39.77 -12.55 14.13 -8.56 0.0
5.129 3.744 43.73 172.88 172.02 175.08 0.022
0 0 0 0 0 0 0
1.757 0.748 39.66 -10.31 -3.23 -9.24 0.0
5.019 3.89 42.95 174.85 172.08 154.49 0.0187
0 0 0 0 0 0 0
-0.336 -0.864 41.7 3.1 -0.79 -1.38 0.0
4.756 4.207 47.07 178.74 175.72 169.43 0.0293
0 0 0 0 0 0 0
0.665 -1.372 44.23 -9.63 -9.5 7.69 0.0
5.389 3.36 49.33 163.92 166.64 189.94 0.0278
0 0 0 0 0 0 0
-0.217 -0.275 43.83 -20.51 -8.89 -15.31 0.0
4.536 4.444 48.84 172.11 163.03 180.14 0.0276
0 0 0 0 0 0 0
1.079 -0.262 43.48 -10.0 -3.26 -0.12 0.0
5.098 3.786 47.78 153.5 171.05 177.86 0.0239
0 0 0 0 0 0 0
0.04 -0.059 38.53 -15.32 -9.97 -5.72 0.0
4.561 4.418 43.32 185.76 178.5 168.59 0.026
0 0 0 0 0 0 0
-1.448 -0.308 36.49 -12.75 -11.05 -12.84 0.0
3.918 4.998 42.33 177.15 177.93 182.54 0.031
0 0 0 0 0 0 0
-1.007 -0.156 43.22 -0.9 5.13 26.83 0.0
4.018 4.918 48.66 171.15 167.93 165.39 0.0296
0 0 0 0 0 0 0
-0.216 0.863 44.94 0.86 7.01 6.35 0.0
3.948 4.974 49.41 160.45 166.83 199.81 0.0245
0 0 0 0 0 0 0
0.884 0.558 44.9 -22.93 7.38 -2.67 0.0
4.658 4.316 48.88 178.69 176.96 170.33 0.0223
0 0 0 0 0 0 0
1.407 1.41 35.5 -9.33 16.96 6.15 0.0
4.5 4.48 38.67 184.97 178.82 184.54 0.0178
0 0 0 0 0 0 0
0.182 -0.691 40.01 -27.32 17.04 4.57 0.0
4.904 4.035 45.06 181.6 163.24 181.7 0.0274
0 0 0 0 0 0 0
1.197 -0.961 42.37 5.81 -19.64 -16.19 0.0
5.473 3.221 46.87 166.21 178.3 170.93 0.0248
0 0 0 0 0 0 0
-0.004 -0.011 38.01 3.55 -13.48 9.95 0.0
4.51 4.47 42.81 187.39 183.2 171.37 0.0257
0 0 0 0 0 0 0
-0.163 -1.69 42.1 -21.23 6.03 9.13 0.0
5.114 3.764 47.91 180.96 182.59 161.74 0.0314
0 0 0 0 0 0 0
-0.688 0.453 43.0 -1.96 -5.95 -4.91 0.0
3.853 5.048 47.93 154.14 162.19 182.01 0.027
0 0 0 0 0 0 0
-1.493 -0.129 37.99 3.76 -2.51 3.81 0.0
3.708 5.155 43.59 166.3 169.41 176.9 0.0301
0 0 0 0 0 0 0
-0.37 -1.192 35.08 10.74 9.31 -9.89 0.0
4.824 4.13 40.78 165.84 165.91 181.84 0.0301
0 0 0 0 0 0 0
-0.096 -0.104 40.49 -17.29 -4.37 -22.88 0.0
4.537 4.444 45.39 170.24 169.63 187.26 0.0265
0 0 0 0 0 0 0
-1.617 0.783 40.27 -18.7 -8.43 -4.0 0.0
3.082 5.552 45.34 164.69 167.83 161.66 0.0279
0 0 0 0 0 0 0
-1.023 0.703 41.28 14.19 -4.98 39.41 0.0
3.6 5.231 46.15 173.54 178.62 160.9 0.0267
0 0 0 0 0 0 0
-0.244 0.513 36.34 14.14 -0.21 -12.84 0.0
4.06 4.883 40.92 195.31 172.96 173.89 0.0248
0 0 0 0 0 0 0
-0.055 -0.173 40.53 -24.27 -16.55 -0.76 0.0
4.537 4.443 45.57 192.59 181.72 167.17 0.0273
0 0 0 0 0 0 0
0.286 1.266 40.4 11.74 4.16 6.02 0.0
3.968 4.957 44.24 179.01 169.15 157.88 0.0214
0 0 0 0 0 0 0
0.522 -0.56 36.21 3.22 6.0 -9.62 0.0
5.052 3.848 40.91 178.76 173.87 184.87 0.0256
0 0 0 0 0 0 0
-1.278 0.266 41.45 14.61 -22.27 -16.68 0.0
3.634 5.207 46.75 175.55 176.36 165.04 0.0288
0 0 0 0 0 0 0
0.301 -0.257 35.42 17.46 4.14 -0.91 0.0
4.749 4.216 40.18 174.88 180.12 174.66 0.0254
0 0 0 0 0 0 0
1.477 -0.384 44.3 -5.97 2.73 4.77 0.0
5.342 3.434 48.37 184.2 175.63 172.15 0.0227
0 0 0 0 0 0 0
0.08 1.919 39.52 13.71 30.88 -16.78 0.0
3.463 5.323 43.04 181.39 166.37 172.9 0.0198
0 0 0 0 0 0 0
0.48 0.358 38.81 -12.45 -1.25 14.75 0.0
4.486 4.495 43.12 181.53 178.06 178.28 0.0238
0 0 0 0 0 0 0
-1.678 0.459 41.84 -11.86 10.31 16.35 0.0
3.336 5.403 47.19 201.65 167.83 185.61 0.0289
0 0 0 0 0 0 0
0.007 0.0 42.96 2.84 -17.43 -8.51 0.0
4.492 4.489 47.79 168.55 177.14 182.63 0.0265
0 0 0 0 0 0 0
-0.449 -1.148 42.91 3.52 -1.69 -29.88 0.0
4.832 4.121 48.62 157.07 166.06 165.25 0.0312
0 0 0 0 0 0 0
0.65 -0.473 38.71 -10.94 8.68 8.54 0.0
5.048 3.853 43.38 182.25 187.36 175.85 0.0252
0 0 0 0 0 0 0
-0.688 0.096 39.33 6.98 -5.51 -3.67 0.0
4.081 4.865 44.51 170.3 177.98 182.1 0.0277
0 0 0 0 0 0 0
1.595 1.067 42.41 18.15 16.31 24.39 0.0
4.751 4.213 45.74 185.46 193.01 167.86 0.0186
0 0 0 0 0 0 0
-1.572 0.659 43.47 -4.74 18.37 25.22 0.0
3.21 5.479 48.57 181.43 175.44 194.97 0.0278
0 0 0 0 0 0 0
0.363 0.537 42.55 -0.64 -7.97 -8.66 0.0
4.43 4.55 46.84 155.92 201.53 162.76 0.0235
0 0 0 0 0 0 0
0.659 -0.244 36.42 13.85 -26.32 6.4 0.0
4.918 4.017 40.98 180.14 169.57 187.13 0.0248
0 0 0 0 0 0 0
-0.094 -0.643 38.63 2.14 -13.55 2.01 0.0
4.784 4.176 43.79 168.94 166.13 177.23 0.028
0 0 0 0 0 0 0
-0.446 -0.691 37.11 17.63 -13.2 1.91 0.0
4.605 4.373 42.48 166.46 172.17 169.64 0.0291
0 0 0 0 0 0 0
1.018 0.719 36.82 5.9 -24.17 12.22 0.0
4.589 4.39 40.69 176.35 160.89 178.34 0.021
0 0 0 0 0 0 0
-1.823 -0.546 40.55 7.09 -13.85 16.37 0.0
3.807 5.082 46.67 169.98 189.3 178.29 0.0327
0 0 0 0 0 0 0
-0.217 -0.519 41.84 14.07 -1.67 22.18 0.0
4.615 4.362 47.05 174.18 165.74 178.83 0.0281
0 0 0 0 0 0 0
1.128 0.377 38.32 -16.76 -16.55 13.17 0.0
4.875 4.07 42.37 171.51 156.47 181.74 0.0217
0 0 0 0 0 0 0
-0.997 0.197 35.03 -1.57 25.26 14.95 0.0
3.807 5.083 40.3 198.66 170.09 185.56 0.0277
0 0 0 0 0 0 0
0.643 -0.679 35.48 15.45 20.61 4.38 0.0
5.113 3.766 40.32 178.99 165.36 159.37 0.0257
0 0 0 0 0 0 0
0.095 -0.603 44.61 11.61 26.55 2.51 0.0
4.852 4.097 49.61 173.42 171.62 164.89 0.0276
0 0 0 0 0 0 0
0.051 -0.521 35.49 2.95 -20.56 7.52 0.0
4.752 4.212 40.59 170.94 174.46 163.0 0.0273
0 0 0 0 0 0 0
-0.756 -0.25 38.43 16.2 -8.22 3.16 0.0
4.193 4.769 43.9 166.49 154.04 192.18 0.0291
0 0 0 0 0 0 0
1.218 0.122 44.67 -2.05 -6.06 17.15 0.0
5.0 3.914 48.7 177.2 161.74 171.49 0.0225
0 0 0 0 0 0 0
0.125 0.805 44.44 11.69 4.17 6.95 0.0
4.183 4.778 48.82 174.68 172.32 174.52 0.024
0 0 0 0 0 0 0
0.202 0.258 43.8 -18.78 0.52 8.97 0.0
4.413 4.566 48.3 171.49 178.2 174.97 0.0249
0 0 0 0 0 0 0
-1.174 -0.448 35.45 1.78 -10.81 -28.33 0.0
4.022 4.914 41.23 170.3 176.5 171.14 0.0302
0 0 0 0 0 0 0
-0.404 -1.477 43.32 -2.79 -4.34 16.81 0.0
4.999 3.916 49.1 167.22 180.23 183.12 0.0317
0 0 0 0 0 0 0
0.389 -0.169 41.08 14.69 -10.99 -6.29 0.0
4.787 4.173 45.71 172.24 182.65 184.67 0.0256
0 0 0 0 0 0 0
0.115 0.077 37.37 3.34 10.33 -20.38 0.0
4.542 4.438 42.04 170.52 175.75 169.03 0.0253
0 0 0 0 0 0 0
0.049 -1.355 38.07 -22.78 -13.38 18.47 0.0
5.134 3.738 43.49 169.44 176.89 181.64 0.0294
0 0 0 0 0 0 0
0.816 0.378 35.37 -4.83 -16.45 -3.71 0.0
4.667 4.306 39.51 162.53 165.9 181.92 0.023
0 0 0 0 0 0 0
1.101 1.04 41.3 -6.49 -5.94 -8.9 0.0
4.548 4.432 45.0 191.91 162.17 182.8 0.0203
0 0 0 0 0 0 0
1.394 -0.378 36.55 2.53 -25.09 -8.43 0.0
5.265 3.55 40.64 188.36 167.93 161.75 0.0228
0 0 0 0 0 0 0
-1.269 1.176 35.8 22.28 -8.05 7.85 0.0
3.066 5.561 40.44 178.38 204.45 194.86 0.0251
0 0 0 0 0 0 0
-1.404 1.17 40.92 -5.99 10.32 -19.32 0.0
3.046 5.572 45.57 176.38 179.67 164.34 0.0256
0 0 0 0 0 0 0
-1.457 0.059 41.41 10.63 25.27 5.91 0.0
3.663 5.188 46.95 168.6 187.16 181.77 0.0297
0 0 0 0 0 0 0
0.881 -0.141 38.74 20.2 -14.87 19.25 0.0
5.001 3.914 43.05 176.12 155.37 164.5 0.0233
0 0 0 0 0 0 0
0.124 -0.175 40.05 5.32 24.68 8.6 0.0
4.597 4.381 44.83 174.27 176.11 182.46 0.0263
0 0 0 0 0 0 0
0.248 0.036 35.97 -11.28 -7.89 4.53 0.0
4.626 4.35 40.65 178.82 166.01 173.15 0.025
0 0 0 0 0 0 0
0.954 -0.738 44.39 6.13 8.82 26.23 0.0
5.257 3.562 49.06 176.41 180.46 157.38 0.0255
0 0 0 0 0 0 0
0.989 0.338 39.35 -4.3 8.74 -13.16 0.0
4.807 4.15 43.41 162.58 189.81 179.23 0.0225
0 0 0 0 0 0 0
-1.169 0.261 38.81 4.4 -3.27 -27.02 0.0
3.733 5.137 44.01 167.07 166.73 164.6 0.0284
0 0 0 0 0 0 0
-1.097 0.317 39.17 14.87 -0.82 19.52 0.0
3.735 5.136 44.41 177.54 179.6 178.64 0.0281
0 0 0 0 0 0 0
-0.316 0.548 40.7 -11.71 12.92 -5.44 0.0
4.029 4.908 45.39 171.35 179.09 169.38 0.0254
0 0 0 0 0 0 0
0.001 -0.0 41.83 -8.11 5.58 10.03 0.0
4.511 4.469 46.62 166.79 177.83 178.36 0.0265
0 0 0 0 0 0 0
0.042 1.793 40.41 -7.61 33.21 -9.43 0.0
3.493 5.303 44.1 172.23 176.18 170.44 0.0204
0 0 0 0 0 0 0
0.237 -1.526 37.06 -3.52 -15.92 -13.76 0.0
5.288 3.516 42.52 170.84 170.61 169.63 0.0291
0 0 0 0 0 0 0
-0.271 -0.263 35.76 11.18 -3.6 4.83 0.0
4.538 4.442 40.97 174.07 178.4 175.01 0.0277
0 0 0 0 0 0 0
0.988 -1.217 42.62 2.27 0.77 -21.97 0.0
5.462 3.239 47.32 167.9 189.86 173.65 0.0261
0 0 0 0 0 0 0
-0.312 0.477 41.47 8.9 -22.63 25.16 0.0
4.152 4.805 46.09 171.28 177.12 180.45 0.0258
0 0 0 0 0 0 0
-0.923 -0.278 41.29 5.74 -8.83 9.87 0.0
4.151 4.806 46.72 164.14 184.32 167.09 0.0291
0 0 0 0 0 0 0
0.77 0.557 41.11 9.25 -20.01 -8.51 0.0
4.641 4.334 45.12 169.17 179.35 168.46 0.0222
0 0 0 0 0 0 0
-0.52 -0.877 41.27 8.5 -3.34 -15.35 0.0
4.669 4.304 46.92 165.43 170.96 188.94 0.0302
0 0 0 0 0 0 0
-0.008 -0.122 35.46 -1.86 1.34 -2.46 0.0
4.569 4.41 40.35 187.76 154.8 179.53 0.0262
0 0 0 0 0 0 0
-0.451 1.49 36.77 11.95 -12.79 14.81 0.0
3.43 5.344 40.97 169.16 156.71 173.1 0.0226
0 0 0 0 0 0 0
-0.1 -0.298 41.55 -2.44 6.21 -1.34 0.0
4.562 4.418 46.44 168.15 166.83 171.69 0.0272
0 0 0 0 0 0 0
0.537 1.261 44.98 3.55 18.18 -0.67 0.0
3.996 4.935 48.78 173.08 184.17 163.06 0.0212
0 0 0 0 0 0 0
0.028 0.897 40.05 7.12 4.62 -3.74 0.0
4.019 4.917 44.29 181.19 184.9 179.55 0.0233
0 0 0 0 0 0 0
-0.887 -0.373 42.2 21.11 0.29 -0.54 0.0
4.161 4.797 47.63 158.13 176.25 170.23 0.0294
0 0 0 0 0 0 0
-1.463 0.498 36.9 2.19 5.25 -16.93 0.0
3.445 5.335 42.09 183.23 166.26 181.96 0.0281
0 0 0 0 0 0 0
0.285 -1.126 41.25 1.86 0.01 -17.02 0.0
5.131 3.742 46.46 176.24 181.93 163.61 0.0284
0 0 0 0 0 0 0
-0.399 -0.248 43.03 -6.59 14.14 -2.79 0.0
4.397 4.582 48.17 177.66 180.25 179.02 0.0281
0 0 0 0 0 0 0
0.582 1.894 41.63 -7.06 13.36 15.99 0.0
3.772 5.108 45.02 168.49 175.79 164.35 0.0188
0 0 0 0 0 0 0
-1.716 -0.052 37.54 6.42 -0.36 -15.87 0.0
3.555 5.262 43.1 193.55 182.04 170.0 0.0303
0 0 0 0 0 0 0
1.873 -0.226 43.73 3.29 17.6 -23.49 0.0
5.431 3.29 47.42 179.49 173.26 163.75 0.0206
0 0 0 0 0 0 0
-0.66 -1.841 38.45 4.17 1.43 -8.78 0.0
5.066 3.828 44.6 175.89 167.09 162.92 0.0329
0 0 0 0 0 0 0
-0.076 -0.448 43.95 18.63 -4.73 7.43 0.0
4.646 4.329 49.1 175.13 181.01 184.77 0.0278
0 0 0 0 0 0 0
-0.233 -0.35 42.43 -10.68 -6.37 -18.98 0.0
4.582 4.397 47.59 189.89 155.73 168.39 0.0283
0 0 0 0 0 0 0
0.023 -1.81 41.42 -35.97 5.25 18.14 0.0
5.359 3.407 47.1 182.63 169.96 180.41 0.0307
0 0 0 0 0 0 0
-1.376 0.643 37.67 -5.64 13.43 -14.55 0.0
3.287 5.433 42.77 172.11 170.89 175.74 0.0274
0 0 0 0 0 0 0
0.268 0.512 42.3 -25.5 20.28 -0.46 0.0
4.31 4.664 46.68 167.12 179.81 164.85 0.0239
0 0 0 0 0 0 0
-0.493 -1.037 40.8 -13.94 -9.98 28.68 0.0
4.742 4.223 46.49 160.44 162.85 167.41 0.0304
0 0 0 0 0 0 0
0.089 0.053 37.68 -7.07 6.29 -4.13 0.0
4.517 4.464 42.39 185.97 170.69 174.98 0.0255
0 0 0 0 0 0 0
-1.254 -1.403 39.43 0.88 28.34 -10.35 0.0
4.617 4.359 45.69 181.73 169.67 177.26 0.0336
0 0 0 0 0 0 0
-0.255 -0.611 40.52 0.56 5.49 8.49 0.0
4.693 4.278 45.88 168.86 169.59 178.87 0.0288
0 0 0 0 0 0 0
0.785 -0.971 37.88 -1.04 -21.23 -9.41 0.0
5.284 3.522 42.56 167.78 158.32 191.37 0.0258
0 0 0 0 0 0 0
1.413 0.206 39.72 -3.87 0.52 -6.94 0.0
5.046 3.856 43.7 177.65 171.22 178.22 0.0218
0 0 0 0 0 0 0
-0.018 -0.262 39.79 -12.81 -6.96 3.56 0.0
4.636 4.34 44.68 189.01 160.1 191.0 0.0269
0 0 0 0 0 0 0
-0.515 0.655 40.66 -7.49 -13.56 1.41 0.0
3.875 5.031 45.3 165.39 177.62 176.5 0.0254
0 0 0 0 0 0 0
-1.498 1.084 44.66 -12.38 13.3 1.74 0.0
3.04 5.575 49.44 178.1 163.58 170.21 0.0261
0 0 0 0 0 0 0
0.041 0.014 42.47 -4.43 -19.74 -1.44 0.0
4.489 4.492 47.23 154.31 186.97 187.53 0.0261
0 0 0 0 0 0 0
-0.106 -0.21 38.67 4.0 18.0 -2.85 0.0
4.561 4.418 43.7 163.66 165.77 172.38 0.027
0 0 0 0 0 0 0
-0.21 1.535 37.64 9.09 11.07 26.72 0.0
3.53 5.279 41.61 171.18 157.67 167.5 0.0218
0 0 0 0 0 0 0
0.576 -0.352 39.68 -18.55 -0.05 -17.45 0.0
4.901 4.038 44.33 170.93 185.43 170.81 0.0254
0 0 0 0 0 0 0
-0.929 0.022 39.82 2.31 18.98 -18.66 0.0
4.016 4.919 45.05 177.78 166.06 173.03 0.0287
0 0 0 0 0 0 0
-0.573 1.185 42.47 -17.85 1.95 -2.74 0.0
3.504 5.296 46.93 172.59 170.96 166.81 0.0243
0 0 0 0 0 0 0
-0.105 -1.053 43.26 -6.4 4.81 -2.13 0.0
4.943 3.987 48.59 182.58 155.32 169.86 0.0293
0 0 0 0 0 0 0
-1.038 0.291 37.8 -11.89 7.92 -3.18 0.0
3.738 5.133 43.06 156.34 188.63 191.1 0.028
0 0 0 0 0 0 0
-0.627 -0.023 39.51 -7.74 11.06 5.92 0.0
4.194 4.768 44.71 164.06 186.5 179.15 0.0281
0 0 0 0 0 0 0
-1.357 0.998 44.29 0.4 -7.69 -0.43 0.0
3.205 5.482 49.01 176.75 176.46 178.44 0.0265
0 0 0 0 0 0 0
0.689 -0.244 37.7 17.77 25.7 -12.93 0.0
4.951 3.976 42.2 164.61 156.75 171.47 0.0245
0 0 0 0 0 0 0
-1.474 -1.269 43.13 3.1 -3.97 0.77 0.0
4.363 4.614 49.4 173.95 187.46 171.25 0.0339
0 0 0 0 0 0 0
0.147 -0.932 36.91 -5.61 -7.06 -9.55 0.0
5.021 3.888 42.12 179.37 167.6 169.43 0.0281
0 0 0 0 0 0 0
0.231 0.151 42.2 11.69 9.93 -29.96 0.0
4.552 4.427 46.7 155.51 154.74 174.85 0.025
0 0 0 0 0 0 0
-1.839 0.378 44.07 22.06 -22.86 3.46 0.0
3.351 5.394 49.36 168.91 195.31 177.46 0.0293
0 0 0 0 0 0 0
0.49 0.086 41.87 -4.55 -6.6 -14.28 0.0
4.722 4.246 46.3 164.87 191.71 163.02 0.0245
0 0 0 0 0 0 0
-0.065 -0.408 36.93 -14.31 -4.83 0.04 0.0
4.636 4.339 42.0 166.85 186.8 169.77 0.0275
0 0 0 0 0 0 0
0.193 0.247 38.77 -4.05 -5.94 -4.03 0.0
4.476 4.504 43.33 184.54 177.96 172.49 0.0246
0 0 0 0 0 0 0
-0.357 0.451 42.31 -2.59 -5.35 27.76 0.0
4.067 4.877 47.04 167.37 177.14 176.08 0.0256
0 0 0 0 0 0 0
-0.526 -0.358 42.87 0.68 -8.58 4.19 0.0
4.472 4.508 48.26 176.97 179.15 177.49 0.029
0 0 0 0 0 0 0
0.836 -0.232 39.45 -12.7 10.87 17.93 0.0
5.025 3.883 43.95 176.34 177.23 176.13 0.0243
0 0 0 0 0 0 0
-1.365 -0.147 38.0 -15.69 -8.56 1.31 0.0
3.814 5.077 43.66 176.3 169.44 171.6 0.0302
0 0 0 0 0 0 0
1.732 -0.142 42.58 -11.21 2.32 -7.33 0.0
5.299 3.499 46.41 158.11 162.24 174.34 0.0212
0 0 0 0 0 0 0
0.147 -0.033 39.95 -7.62 7.95 -7.62 0.0
4.58 4.399 44.6 176.36 166.79 176.49 0.0259
0 0 0 0 0 0 0
-0.011 0.004 40.39 -4.41 18.99 31.15 0.0
4.45 4.53 45.11 158.37 196.09 175.48 0.0261
0 0 0 0 0 0 0
0.556 -1.698 39.3 -1.22 1.52 -11.87 0.0
5.516 3.147 44.39 186.98 165.23 176.62 0.028
0 0 0 0 0 0 0
1.073 -1.024 41.03 -24.55 -1.75 -4.01 0.0
5.399 3.344 45.65 159.02 182.64 177.25 0.0256
0 0 0 0 0 0 0
-0.363 0.565 37.52 -12.36 -17.5 15.73 0.0
3.997 4.934 42.17 171.08 161.37 168.78 0.0255
0 0 0 0 0 0 0
-0.234 0.355 35.21 24.36 -12.11 11.43 0.0
4.198 4.765 39.96 175.02 177.41 167.97 0.0251
0 0 0 0 0 0 0
0.268 -1.083 43.01 4.56 6.18 -11.27 0.0
5.074 3.819 48.17 162.7 180.19 170.29 0.0285
0 0 0 0 0 0 0
-0.006 0.441 43.19 7.48 -23.07 9.56 0.0
4.186 4.775 47.73 172.16 157.39 170.27 0.0251
0 0 0 0 0 0 0
-1.45 -1.205 43.3 -11.16 -19.84 5.56 0.0
4.383 4.595 49.54 160.87 189.29 158.86 0.0337
0 0 0 0 0 0 0
-0.712 -0.216 43.05 17.94 -5.6 0.41 0.0
4.279 4.692 48.32 161.83 183.31 189.82 0.0289
0 0 0 0 0 0 0
0.34 -1.823 43.96 3.69 9.41 -10.91 0.0
5.387 3.363 49.33 165.72 154.54 182.3 0.0298
0 0 0 0 0 0 0
-1.312 0.796 38.29 19.04 -9.5 4.36 0.0
3.246 5.458 43.18 184.37 170.41 176.27 0.0271
0 0 0 0 0 0 0
1.272 0.078 43.54 6.03 -6.1 1.24 0.0
5.078 3.813 47.56 175.49 173.63 184.02 0.0221
0 0 0 0 0 0 0
1.793 0.03 35.69 12.44 -3.38 18.08 0.0
5.295 3.505 39.41 177.75 167.31 172.35 0.0203
0 0 0 0 0 0 0
-0.489 0.829 36.38 -5.31 -3.85 10.93 0.0
3.752 5.123 40.98 168.73 171.3 165.35 0.0249
0 0 0 0 0 0 0
0.301 -0.768 40.06 -20.96 -13.89 2.46 0.0
4.965 3.959 45.05 181.47 171.48 169.47 0.0274
0 0 0 0 0 0 0
0.735 0.537 37.77 2.02 3.28 19.73 0.0
4.591 4.387 41.91 165.32 175.8 162.85 0.0224
0 0 0 0 0 0 0
0.583 -0.82 42.48 -6.19 8.63 12.39 0.0
5.109 3.771 47.35 162.65 170.09 168.89 0.0267
0 0 0 0 0 0 0
-0.238 -0.581 35.21 22.76 21.36 -37.84 0.0
4.652 4.322 40.48 164.78 168.63 172.23 0.0283
0 0 0 0 0 0 0
0.356 -0.853 38.99 2.26 10.55 -1.47 0.0
5.087 3.802 44.01 188.48 179.79 174.87 0.0269
0 0 0 0 0 0 0
0.493 -0.35 35.3 11.77 -10.57 3.28 0.0
4.895 4.045 40.01 175.52 183.46 182.4 0.0252
0 0 0 0 0 0 0
-0.207 -0.426 37.3 -1.73 -5.67 -6.86 0.0
4.641 4.334 42.47 174.49 173.37 169.64 0.028
0 0 0 0 0 0 0
0.517 -0.075 40.17 -12.59 -36.84 -2.11 0.0
4.746 4.218 44.85 172.69 170.11 180.48 0.0251
0 0 0 0 0 0 0
0.508 -0.235 42.83 0.54 21.93 -2.03 0.0
4.898 4.042 47.42 174.66 159.47 170.27 0.0255
0 0 0 0 0 0 0
-1.429 0.788 43.32 17.89 -1.79 -5.02 0.0
3.376 5.378 48.36 172.47 168.48 177.56 0.0274
0 0 0 0 0 0 0
-0.423 0.423 40.48 0.26 -5.66 5.74 0.0
3.98 4.948 45.33 175.21 175.38 179.53 0.0262
0 0 0 0 0 0 0
-1.296 -1.512 39.82 -18.69 -5.74 18.98 0.0
4.63 4.346 46.17 168.11 168.2 194.74 0.0343
0 0 0 0 0 0 0
-0.527 1.46 36.09 -3.39 30.21 -7.66 0.0
3.333 5.405 40.24 186.91 178.47 176.91 0.0227
0 0 0 0 0 0 0
0.322 0.922 41.94 6.87 -6.74 -4.53 0.0
4.231 4.735 45.96 173.42 177.68 196.54 0.0224
0 0 0 0 0 0 0
-0.432 -1.673 43.64 -3.92 13.27 -1.91 0.0
5.017 3.893 49.59 194.43 185.87 178.11 0.0324
0 0 0 0 0 0 0
1.501 0.538 37.67 -3.12 14.44 21.99 0.0
4.935 3.996 41.39 178.45 158.3 166.34 0.0202
0 0 0 0 0 0 0
-0.138 -0.262 38.69 -10.46 -4.22 11.23 0.0
4.538 4.442 43.75 166.24 183.46 177.52 0.0272
0 0 0 0 0 0 0
1.091 -1.635 41.99 14.92 13.18 1.12 0.0
5.68 2.84 46.85 177.05 171.89 176.89 0.0266
0 0 0 0 0 0 0
-0.826 -0.961 39.85 -8.72 3.19 -15.22 0.0
4.587 4.392 45.53 169.02 172.51 181.76 0.0312
0 0 0 0 0 0 0
0.318 -0.022 42.03 18.98 5.43 13.23 0.0
4.673 4.3 46.67 152.97 166.39 159.03 0.0253
0 0 0 0 0 0 0
-0.014 1.292 35.38 16.23 -12.65 13.37 0.0
3.77 5.11 39.46 188.82 180.91 165.56 0.0221
0 0 0 0 0 0 0
-0.69 -0.194 40.97 6.51 -15.58 -2.96 0.0
4.272 4.698 46.24 172.06 162.35 182.3 0.0291
0 0 0 0 0 0 0
1.332 0.257 43.38 1.5 3.45 5.24 0.0
4.987 3.931 47.32 184.54 161.71 184.17 0.0217
0 0 0 0 0 0 0
-0.463 0.006 40.79 -1.02 -1.87 -16.46 0.0
4.233 4.733 45.77 164.07 167.32 176.25 0.0276
0 0 0 0 0 0 0
-0.756 -0.283 41.1 10.59 -1.41 7.56 0.0
4.282 4.689 46.28 180.82 169.02 183.69 0.0286
0 0 0 0 0 0 0
-0.265 0.244 38.83 -4.02 21.66 -29.57 0.0
4.254 4.714 43.54 187.32 185.18 157.88 0.0259
0 0 0 0 0 0 0
0.004 -0.029 37.6 -13.51 -7.66 12.03 0.0
4.53 4.45 42.44 185.76 162.82 175.67 0.0261
0 0 0 0 0 0 0
-0.4 0.398 41.37 1.65 -6.12 -0.6 0.0
4.027 4.91 46.09 179.16 162.82 193.47 0.026
0 0 0 0 0 0 0
-1.208 -0.135 37.42 13.06 4.79 22.38 0.0
3.872 5.033 42.91 176.76 174.39 186.16 0.0296
0 0 0 0 0 0 0
0.262 -0.388 40.51 6.24 23.35 15.11 0.0
4.819 4.135 45.29 171.99 189.0 178.36 0.0262
0 0 0 0 0 0 0
-1.467 -0.51 40.75 -10.86 -7.62 4.98 0.0
3.994 4.937 46.58 159.97 178.37 168.9 0.0315
0 0 0 0 0 0 0
0.185 -0.458 36.55 3.3 -22.03 -25.75 0.0
4.813 4.143 41.59 156.24 172.01 180.16 0.0271
0 0 0 0 0 0 0
1.71 -0.364 42.59 4.99 -21.97 7.05 0.0
5.437 3.281 46.48 174.09 171.35 157.91 0.0219
0 0 0 0 0 0 0
1.364 1.411 39.19 -17.76 8.95 -3.66 0.0
4.433 4.546 42.5 166.97 154.73 210.59 0.0183
0 0 0 0 0 0 0
-1.729 -0.089 42.88 21.84 -7.07 -9.48 0.0
3.66 5.19 48.53 165.0 153.84 173.0 0.0313
0 0 0 0 0 0 0
0.607 0.544 43.77 8.07 8.57 -13.28 0.0
4.558 4.421 47.97 173.5 190.9 169.91 0.0232
0 0 0 0 0 0 0
0.58 0.091 39.74 -15.09 -3.15 -5.16 0.0
4.75 4.214 44.11 186.75 179.2 178.98 0.024
0 0 0 0 0 0 0
1.257 -0.296 35.61 -0.55 -5.64 2.36 0.0
5.173 3.683 39.86 184.35 181.26 182.53 0.0229
0 0 0 0 0 0 0
0.137 -0.873 38.48 -26.07 -5.71 8.16 0.0
4.917 4.018 43.56 166.12 177.83 164.93 0.0277
0 0 0 0 0 0 0
-0.272 -0.455 38.77 -8.92 1.33 -2.21 0.0
4.563 4.416 43.99 170.82 173.98 181.29 0.0282
0 0 0 0 0 0 0
-0.491 0.944 38.5 26.64 26.08 -21.73 0.0
3.707 5.156 42.93 162.39 161.42 165.39 0.0244
0 0 0 0 0 0 0
1.636 -0.426 36.5 7.08 -14.28 3.9 0.0
5.393 3.352 40.47 185.7 172.43 170.42 0.0219
0 0 0 0 0 0 0
-0.795 -1.523 43.48 44.71 -0.17 6.12 0.0
4.861 4.086 49.51 174.88 162.42 181.06 0.0329
0 0 0 0 0 0 0
1.104 1.635 37.9 1.2 -14.72 2.68 0.0
4.196 4.766 41.21 167.73 179.14 187.63 0.0184
0 0 0 0 0 0 0
1.359 1.009 43.19 6.41 1.99 -18.65 0.0
4.661 4.313 46.65 177.03 177.5 190.05 0.0192
0 0 0 0 0 0 0
-0.41 -0.096 44.98 -3.27 -2.25 -21.4 0.0
4.343 4.633 50.02 177.04 172.55 177.72 0.028
0 0 0 0 0 0 0
0.978 -0.021 35.6 6.56 -0.47 -1.65 0.0
4.952 3.975 39.93 186.38 173.7 168.87 0.0234
0 0 0 0 0 0 0
1.273 -1.101 41.55 9.39 8.24 5.92 0.0
5.537 3.109 46.06 179.32 158.12 182.34 0.0246
0 0 0 0 0 0 0
0.093 -1.064 38.57 15.29 22.65 9.03 0.0
4.973 3.948 43.93 176.0 181.12 167.86 0.0286
0 0 0 0 0 0 0
-1.688 -0.669 44.52 -5.8 -4.4 -13.07 0.0
4.031 4.907 50.49 169.27 177.33 157.36 0.0327
0 0 0 0 0 0 0
-0.975 1.737 44.11 -8.85 21.27 -11.06 0.0
2.925 5.636 48.27 178.8 163.39 183.24 0.0229
0 0 0 0 0 0 0
-1.305 -0.77 39.94 -10.13 -8.57 5.65 0.0
4.196 4.766 45.76 179.27 175.53 168.66 0.0318
0 0 0 0 0 0 0
-1.005 -0.118 37.75 -2.88 -3.92 3.38 0.0
4.006 4.927 43.0 179.57 174.84 170.72 0.0286
0 0 0 0 0 0 0
-0.613 0.785 36.1 -8.37 23.88 -8.94 0.0
3.712 5.153 40.78 176.8 173.43 171.4 0.0255
0 0 0 0 0 0 0
-0.66 -0.087 41.09 -13.53 -1.76 -11.15 0.0
4.207 4.756 46.26 164.63 170.17 169.47 0.0282
0 0 0 0 0 0 0
-0.028 -0.006 39.13 3.93 8.15 -2.53 0.0
4.488 4.492 43.98 168.3 175.21 172.43 0.0262
0 0 0 0 0 0 0
-0.038 1.706 41.24 -1.22 -3.81 25.11 0.0
3.588 5.24 45.13 185.63 190.71 185.32 0.0211
0 0 0 0 0 0 0
0.49 -0.233 37.69 16.11 25.01 -31.52 0.0
4.869 4.077 42.34 184.57 175.81 170.99 0.0248
0 0 0 0 0 0 0
-0.4 0.039 41.14 8.03 18.56 4.66 0.0
4.278 4.693 46.12 171.87 175.7 194.64 0.0271
0 0 0 0 0 0 0
1.808 0.099 36.64 13.3 2.61 -24.51 0.0
5.243 3.582 40.3 170.09 173.07 166.12 0.0203
0 0 0 0 0 0 0
-1.382 -0.348 43.05 -6.66 7.73 -32.82 0.0
3.969 4.957 48.74 173.58 173.95 171.51 0.0311
0 0 0 0 0 0 0
-0.258 -0.186 42.96 -11.48 -2.32 -19.5 0.0
4.5 4.481 48.03 154.53 169.79 190.52 0.0278
0 0 0 0 0 0 0
0.675 -1.595 37.03 12.09 3.87 16.55 0.0
5.526 3.128 42.06 177.4 177.56 174.8 0.0271
0 0 0 0 0 0 0
-0.173 -1.171 39.8 6.64 -0.35 -6.44 0.0
4.957 3.969 45.27 176.58 178.61 168.02 0.0295
0 0 0 0 0 0 0
0.557 -0.878 42.07 6.11 -0.27 -7.42 0.0
5.177 3.677 47.0 179.23 175.68 170.07 0.0268
0 0 0 0 0 0 0
0.956 -0.501 39.84 -6.26 19.61 -0.86 0.0
5.135 3.736 44.33 179.03 173.94 164.69 0.0243
0 0 0 0 0 0 0
-0.889 1.423 43.2 2.88 -0.4 26.3 0.0
3.228 5.469 47.57 175.1 163.65 181.62 0.0239
0 0 0 0 0 0 0
-0.27 0.164 40.1 -17.51 22.9 -13.74 0.0
4.284 4.687 44.99 171.99 164.02 172.25 0.0264
0 0 0 0 0 0 0
-1.219 1.116 41.11 -8.92 36.83 10.72 0.0
3.2 5.485 45.77 165.53 188.6 185.02 0.0255
0 0 0 0 0 0 0
-0.443 1.396 42.92 -7.0 20.41 6.1 0.0
3.494 5.302 47.08 174.62 158.09 174.83 0.0229
0 0 0 0 0 0 0
-0.053 0.189 37.38 1.48 -0.06 15.22 0.0
4.424 4.556 42.08 179.53 174.61 179.43 0.0253
0 0 0 0 0 0 0
0.043 -0.94 41.76 -10.24 7.95 -5.67 0.0
4.96 3.965 47.0 170.23 183.57 162.62 0.0285
0 0 0 0 0 0 0
-1.202 -1.031 37.46 1.68 -8.77 -8.24 0.0
4.362 4.615 43.59 172.31 163.0 177.48 0.0326
0 0 0 0 0 0 0
1.092 0.696 36.36 -31.45 -11.43 -11.15 0.0
4.684 4.288 40.14 181.51 175.79 169.11 0.0209
0 0 0 0 0 0 0
-1.318 -1.316 38.98 -38.81 -3.12 -19.24 0.0
4.435 4.544 45.16 164.85 180.39 180.43 0.0334
0 0 0 0 0 0 0
0.482 0.002 35.62 0.08 4.46 -5.83 0.0
4.683 4.289 40.17 173.0 173.71 160.06 0.0246
0 0 0 0 0 0 0
0.391 1.751 35.05 1.55 -15.29 -7.09 0.0
3.714 5.151 38.54 172.9 175.14 164.09 0.0195
0 0 0 0 0 0 0
0.089 -0.256 43.05 15.02 -14.24 12.11 0.0
4.742 4.223 47.92 173.38 179.14 166.03 0.0267
0 0 0 0 0 0 0
-1.959 0.233 39.13 13.22 -8.44 -4.88 0.0
3.341 5.4 44.78 187.44 165.97 180.33 0.0306
0 0 0 0 0 0 0
0.256 -0.406 43.52 2.23 -18.05 -1.22 0.0
4.823 4.131 48.35 167.15 169.41 189.69 0.0269
0 0 0 0 0 0 0
0.962 0.026 41.79 0.94 -20.75 -10.11 0.0
4.975 3.946 46.04 180.38 166.1 182.66 0.0235
0 0 0 0 0 0 0
0.214 -0.288 36.72 -4.85 1.46 8.92 0.0
4.746 4.219 41.64 175.16 176.97 182.76 0.0261
0 0 0 0 0 0 0
0.271 -0.128 39.2 -14.85 18.18 16.73 0.0
4.719 4.249 43.95 190.05 182.05 169.66 0.0259
0 0 0 0 0 0 0
-0.494 -1.632 43.95 31.44 26.01 -9.38 0.0
5.012 3.899 49.92 163.28 167.77 171.5 0.0323
0 0 0 0 0 0 0
0.279 1.916 38.12 -9.87 23.69 26.17 0.0
3.628 5.212 41.66 188.95 168.61 177.3 0.0194
0 0 0 0 0 0 0
0.526 -0.787 42.81 -7.49 -2.11 21.62 0.0
5.076 3.815 47.73 173.77 176.44 171.24 0.0265
0 0 0 0 0 0 0
0.484 0.813 44.78 -0.26 -10.94 -23.73 0.0
4.341 4.635 48.94 184.47 183.23 175.45 0.0229
0 0 0 0 0 0 0
-1.038 -1.493 40.26 -15.3 -4.25 11.41 0.0
4.628 4.348 46.47 153.67 174.12 178.27 0.0336
0 0 0 0 0 0 0
1.414 -0.961 39.81 23.36 5.46 4.77 0.0
5.556 3.075 44.12 201.18 170.89 152.78 0.0235
0 0 0 0 0 0 0
-0.249 0.105 43.54 26.79 -2.1 -9.72 0.0
4.378 4.599 48.35 170.34 168.17 172.83 0.0264
0 0 0 0 0 0 0
0.919 0.686 38.2 -9.31 -14.56 14.62 0.0
4.63 4.346 42.19 149.74 170.57 174.97 0.0217
0 0 0 0 0 0 0
0.471 -0.917 35.72 -6.28 -7.96 18.24 0.0
5.11 3.77 40.69 161.34 179.8 171.76 0.0269
0 0 0 0 0 0 0
-1.355 0.681 39.94 1.54 -9.75 0.44 0.0
3.399 5.364 44.97 167.01 200.69 180.71 0.0274
0 0 0 0 0 0 0
1.883 -0.438 41.26 -20.09 14.01 -18.38 0.0
5.515 3.147 45.06 176.81 183.3 178.26 0.0212
0 0 0 0 0 0 0
0.661 0.869 44.61 4.36 -4.14 5.56 0.0
4.358 4.619 48.53 162.51 169.71 183.64 0.0217
0 0 0 0 0 0 0
0.05 -1.126 44.06 3.65 -5.17 -0.84 0.0
5.079 3.811 49.42 181.92 176.04 159.04 0.0293
0 0 0 0 0 0 0
0.568 1.419 41.16 -27.99 24.43 6.63 0.0
3.986 4.943 44.79 161.06 181.72 170.53 0.0202
0 0 0 0 0 0 0
-0.56 0.113 42.8 4.88 -8.07 7.2 0.0
4.185 4.776 47.84 176.48 174.35 188.51 0.0274
0 0 0 0 0 0 0
0.008 0.089 40.24 5.83 4.01 12.27 0.0
4.435 4.545 44.97 176.6 179.49 184.47 0.0258
0 0 0 0 0 0 0
-1.257 0.03 39.6 -12.97 -16.08 2.25 0.0
3.819 5.074 44.97 152.25 165.48 177.98 0.0291
0 0 0 0 0 0 0
-0.459 0.005 38.39 4.94 1.82 -4.54 0.0
4.338 4.638 43.44 168.87 181.07 173.43 0.0272
0 0 0 0 0 0 0
-1.241 0.147 41.41 16.48 2.87 29.22 0.0
3.757 5.12 46.82 165.06 187.82 171.34 0.0293
0 0 0 0 0 0 0
-1.595 0.63 40.09 14.65 5.16 -21.07 0.0
3.246 5.458 45.22 166.69 169.12 172.1 0.0286
0 0 0 0 0 0 0
0.668 1.03 41.92 -11.71 7.94 1.97 0.0
4.302 4.671 45.85 165.68 172.99 167.17 0.0214
0 0 0 0 0 0 0
-0.152 -0.034 40.32 -5.02 16.15 -2.49 0.0
4.451 4.529 45.26 159.05 162.14 171.81 0.027
0 0 0 0 0 0 0
0.473 1.872 42.44 -23.36 12.73 35.19 0.0
3.7 5.161 45.93 177.41 194.44 179.6 0.0192
0 0 0 0 0 0 0
0.412 0.666 36.31 -5.71 11.55 -8.91 0.0
4.351 4.626 40.56 178.13 182.38 167.15 0.0228
0 0 0 0 0 0 0
1.811 -0.143 43.29 6.68 -3.38 27.88 0.0
5.393 3.353 47.1 160.56 168.32 166.98 0.021
0 0 0 0 0 0 0
-0.493 1.439 39.71 -12.54 4.3 -3.65 0.0
3.376 5.378 43.97 171.14 163.83 167.65 0.023
0 0 0 0 0 0 0
0.009 -0.093 44.82 -2.22 10.06 11.3 0.0
4.582 4.396 49.63 173.09 168.09 180.93 0.0265
0 0 0 0 0 0 0
0.661 -0.548 36.4 -16.12 -19.0 -9.57 0.0
5.082 3.807 41.06 157.1 171.63 162.81 0.0255
0 0 0 0 0 0 0
1.157 0.136 43.25 11.56 3.15 11.43 0.0
4.972 3.95 47.31 175.01 181.61 167.24 0.0227
0 0 0 0 0 0 0
1.232 -0.062 35.34 -8.29 0.88 20.83 0.0
5.082 3.808 39.45 170.72 196.13 176.04 0.0223
0 0 0 0 0 0 0
-1.231 0.85 42.53 -11.34 -15.19 4.42 0.0
3.288 5.432 47.32 174.42 183.43 179.73 0.0267
0 0 0 0 0 0 0
-1.115 1.23 43.87 7.82 -13.33 12.13 0.0
3.271 5.443 48.45 174.93 164.55 173.55 0.025
0 0 0 0 0 0 0
0.267 0.385 44.2 -5.91 -6.83 5.18 0.0
4.375 4.603 48.57 173.32 184.39 186.47 0.024
0 0 0 0 0 0 0
0.337 -1.471 44.34 3.74 4.96 11.65 0.0
5.32 3.467 49.63 183.59 183.72 172.29 0.0289
0 0 0 0 0 0 0
-0.021 0.043 35.97 -3.66 -1.66 -14.1 0.0
4.391 4.587 40.72 181.09 174.75 174.68 0.0259
0 0 0 0 0 0 0
0.02 -0.77 38.87 4.14 -6.8 15.37 0.0
4.889 4.053 44.11 174.91 176.84 180.01 0.028
0 0 0 0 0 0 0
0.419 -0.675 38.88 -12.68 -3.91 4.42 0.0
5.052 3.848 43.74 174.02 170.93 172.01 0.0264
0 0 0 0 0 0 0
0.081 0.696 43.55 -18.76 -3.18 7.22 0.0
4.2 4.763 47.95 165.96 165.83 169.56 0.0242
0 0 0 0 0 0 0
0.705 0.693 42.17 -12.08 13.91 -18.0 0.0
4.439 4.541 46.16 180.29 170.33 173.56 0.0222
0 0 0 0 0 0 0
-0.605 1.282 35.77 5.71 -7.28 -19.83 0.0
3.449 5.332 40.14 169.37 159.08 159.7 0.0234
0 0 0 0 0 0 0
0.725 -0.185 40.38 -19.76 8.93 11.31 0.0
4.931 4.002 44.87 168.24 180.55 181.37 0.0242
0 0 0 0 0 0 0
0.396 -0.14 43.63 -5.9 -32.48 -20.91 0.0
4.787 4.172 48.25 161.3 179.23 174.33 0.0259
0 0 0 0 0 0 0
0.018 1.641 41.0 -2.55 -16.5 12.0 0.0
3.646 5.199 44.68 176.55 173.17 147.06 0.0208
0 0 0 0 0 0 0
1.167 -0.208 40.1 8.9 24.5 8.34 0.0
5.138 3.731 44.34 166.09 181.85 170.34 0.023
0 0 0 0 0 0 0
-0.097 0.021 35.99 -0.6 -18.01 0.95 0.0
4.474 4.507 40.98 176.6 169.22 178.22 0.0265
0 0 0 0 0 0 0
0.014 -0.113 44.11 -26.16 11.53 8.2 0.0
4.567 4.412 48.95 183.66 175.89 162.97 0.0269
0 0 0 0 0 0 0
0.626 -0.609 39.86 -8.58 8.03 4.96 0.0
5.069 3.825 44.58 176.57 165.57 169.74 0.0257
0 0 0 0 0 0 0
-0.156 0.94 39.11 -11.56 31.18 -13.11 0.0
3.882 5.025 43.38 176.75 183.08 171.68 0.0235
0 0 0 0 0 0 0
0.943 -0.384 35.5 -7.38 1.94 29.42 0.0
5.138 3.732 39.93 182.52 155.09 169.67 0.024
0 0 0 0 0 0 0
-0.125 0.05 43.73 -8.39 -0.7 -8.71 0.0
4.45 4.53 48.47 175.66 179.77 164.52 0.0265
0 0 0 0 0 0 0
-0.121 0.551 39.67 -0.65 4.31 -0.85 0.0
4.115 4.837 44.1 178.67 167.74 163.84 0.0243
0 0 0 0 0 0 0
-1.601 0.144 42.76 -3.09 1.62 17.8 0.0
3.572 5.25 48.26 191.91 181.17 161.3 0.03
0 0 0 0 0 0 0
-1.948 0.313 37.45 -2.06 -7.15 8.92 0.0
3.156 5.511 43.03 162.29 183.58 173.61 0.0297
0 0 0 0 0 0 0
0.098 0.494 35.23 -29.07 11.76 -3.63 0.0
4.263 4.706 39.81 179.08 183.74 187.17 0.0243
0 0 0 0 0 0 0
-1.201 0.207 38.74 -10.69 -12.46 -8.61 0.0
3.701 5.16 43.88 168.66 170.99 168.03 0.0285
0 0 0 0 0 0 0
1.185 -0.368 38.27 -29.94 9.85 7.31 0.0
5.194 3.654 42.49 179.63 173.06 166.44 0.0231
0 0 0 0 0 0 0
-1.006 -0.078 39.86 -22.41 4.84 -16.5 0.0
3.963 4.961 45.15 176.31 164.16 175.53 0.029
0 0 0 0 0 0 0
-0.796 -0.008 44.58 24.35 6.02 13.28 0.0
4.078 4.868 49.79 168.53 180.03 169.57 0.0284
0 0 0 0 0 0 0
1.266 1.255 42.88 3.66 -3.32 -6.56 0.0
4.478 4.502 46.23 158.82 179.96 168.61 0.019
0 0 0 0 0 0 0
0.039 0.041 44.15 -0.2 13.86 -2.7 0.0
4.479 4.501 48.92 172.62 176.05 172.27 0.0264
0 0 0 0 0 0 0
-0.616 -0.871 41.32 5.88 -15.38 -11.91 0.0
4.706 4.264 46.96 167.1 167.71 180.5 0.0305
0 0 0 0 0 0 0
0.974 0.68 38.77 5.22 -4.93 14.05 0.0
4.609 4.368 42.64 174.98 178.0 173.15 0.0213
0 0 0 0 0 0 0
1.06 0.558 35.62 -2.64 3.0 24.31 0.0
4.704 4.266 39.62 168.6 160.98 173.55 0.0214
0 0 0 0 0 0 0
1.157 0.572 41.83 -0.7 -10.7 27.65 0.0
4.795 4.163 45.67 177.63 169.75 177.95 0.0211
0 0 0 0 0 0 0
0.112 1.67 36.26 10.17 24.67 6.2 0.0
3.659 5.19 39.95 182.78 174.92 189.47 0.0202
0 0 0 0 0 0 0
1.555 -1.155 44.29 -6.97 3.37 21.03 0.0
5.669 2.861 48.6 172.01 170.83 177.22 0.024
0 0 0 0 0 0 0
-1.559 -0.922 37.54 -5.34 20.43 -29.9 0.0
4.198 4.764 43.71 175.9 177.96 174.69 0.0331
0 0 0 0 0 0 0
1.55 -0.648 40.76 15.17 1.91 -21.45 0.0
5.441 3.274 44.86 170.05 162.31 175.36 0.023
0 0 0 0 0 0 0
-0.741 -1.404 42.1 -9.87 12.95 16.32 0.0
4.785 4.174 48.11 163.6 159.75 167.88 0.0323
0 0 0 0 0 0 0
-0.477 -0.259 44.7 -10.84 6.64 -7.12 0.0
4.381 4.597 49.92 168.31 182.25 180.92 0.0283
0 0 0 0 0 0 0
-1.375 -0.849 43.16 11.99 -32.3 10.58 0.0
4.259 4.711 49.23 170.37 174.51 169.24 0.0325
0 0 0 0 0 0 0
-0.261 -1.702 38.47 -26.18 -22.01 -8.27 0.0
5.181 3.672 44.35 177.66 182.06 173.62 0.0316
0 0 0 0 0 0 0
-0.304 -1.639 41.22 14.27 -14.08 16.28 0.0
5.156 3.706 47.06 190.08 187.85 188.4 0.0315
0 0 0 0 0 0 0
0.035 0.664 37.83 21.86 -14.88 -2.01 0.0
4.163 4.795 42.33 192.46 158.42 165.05 0.0242
0 0 0 0 0 0 0
1.011 -1.716 36.62 17.33 -5.55 19.98 0.0
5.627 2.944 41.53 168.99 177.04 154.42 0.0264
0 0 0 0 0 0 0
0.176 -0.261 43.01 -24.65 2.05 7.34 0.0
4.692 4.279 47.84 166.87 167.25 180.1 0.0266
0 0 0 0 0 0 0
0.18 0.402 40.68 -5.27 -19.03 -17.96 0.0
4.353 4.623 45.08 182.44 150.76 180.75 0.0245
0 0 0 0 0 0 0
1.618 0.964 43.79 -11.19 -10.24 12.19 0.0
4.817 4.138 47.24 181.27 159.84 183.36 0.0192
0 0 0 0 0 0 0
-0.894 -0.662 35.42 -9.58 -20.63 -0.36 0.0
4.449 4.531 41.16 179.06 154.48 173.86 0.0305
0 0 0 0 0 0 0
-0.692 -1.073 36.6 -6.07 -7.91 14.0 0.0
4.706 4.264 42.51 160.66 177.0 168.93 0.0312
0 0 0 0 0 0 0
-0.526 -0.936 41.33 16.17 8.08 -5.68 0.0
4.674 4.299 47.0 177.88 176.78 184.81 0.0301
0 0 0 0 0 0 0
-0.153 -1.231 40.34 -9.06 5.92 11.95 0.0
4.995 3.921 45.84 188.35 169.14 185.61 0.0298
0 0 0 0 0 0 0
1.254 0.531 35.63 -12.77 5.68 -11.69 0.0
4.825 4.128 39.35 168.58 174.82 173.9 0.021
0 0 0 0 0 0 0
0.028 0.079 38.88 -0.5 -8.97 12.24 0.0
4.546 4.434 43.59 189.23 172.77 181.07 0.0255
0 0 0 0 0 0 0
-0.532 1.116 39.43 -0.21 26.37 9.53 0.0
3.615 5.221 43.81 164.31 162.39 177.96 0.0239
0 0 0 0 0 0 0
-1.038 1.292 42.93 15.7 -15.53 -5.86 0.0
3.194 5.488 47.42 175.47 170.08 182.14 0.0247
0 0 0 0 0 0 0
-0.961 0.701 35.01 12.83 -26.17 -1.93 0.0
3.609 5.225 39.78 179.77 161.9 167.79 0.026
0 0 0 0 0 0 0
-0.214 1.327 40.83 20.71 -8.45 -5.19 0.0
3.669 5.183 44.97 179.93 181.64 166.27 0.0224
0 0 0 0 0 0 0
-1.489 0.297 44.78 15.76 16.83 5.71 0.0
3.491 5.305 50.06 174.67 185.55 166.45 0.0292
0 0 0 0 0 0 0
-0.53 1.464 40.67 12.39 -7.03 6.06 0.0
3.381 5.376 44.86 159.37 158.52 176.22 0.0231
0 0 0 0 0 0 0
-0.741 0.018 37.75 -17.77 -1.62 8.01 0.0
4.118 4.834 42.96 189.58 155.16 192.96 0.0281
0 0 0 0 0 0 0
0.33 -0.669 42.69 20.54 26.43 4.29 0.0
4.951 3.976 47.65 165.55 176.61 173.54 0.0269
0 0 0 0 0 0 0
0.259 -0.656 37.98 7.88 10.72 -7.61 0.0
4.931 4.0 42.96 176.69 160.36 166.17 0.0272
0 0 0 0 0 0 0
0.512 -1.424 38.18 8.19 20.54 -7.96 0.0
5.371 3.388 43.38 193.03 188.29 171.42 0.028
0 0 0 0 0 0 0
0.363 0.786 43.03 -13.76 10.4 -9.13 0.0
4.326 4.649 47.12 177.6 168.48 158.04 0.0228
0 0 0 0 0 0 0
-0.088 0.367 37.02 -13.79 -9.68 -7.82 0.0
4.296 4.676 41.76 170.58 171.75 167.18 0.0254
0 0 0 0 0 0 0
1.872 -0.661 39.25 -7.33 7.86 -4.86 0.0
5.554 3.079 43.18 183.01 185.95 174.08 0.0217
0 0 0 0 0 0 0
0.247 0.34 39.81 -19.9 22.13 -3.32 0.0
4.437 4.543 44.31 197.45 184.99 172.96 0.0245
0 0 0 0 0 0 0
0.282 -0.057 38.88 11.6 -8.16 -18.78 0.0
4.726 4.242 43.59 181.03 164.71 185.29 0.0257
0 0 0 0 0 0 0
0.182 0.054 44.89 -25.18 -24.71 27.66 0.0
4.57 4.409 49.59 184.43 170.01 179.63 0.0257
0 0 0 0 0 0 0
0.848 -0.145 35.89 5.69 -15.76 14.9 0.0
4.916 4.019 40.33 175.59 170.05 160.27 0.0239
0 0 0 0 0 0 0
0.927 -0.147 44.09 -3.22 1.76 3.07 0.0
5.044 3.857 48.42 173.15 162.38 182.64 0.024
0 0 0 0 0 0 0
-0.052 1.492 43.16 -5.33 -21.78 -2.12 0.0
3.647 5.198 47.14 171.66 176.51 172.51 0.0218
0 0 0 0 0 0 0
-0.433 0.138 42.38 -2.35 9.82 -8.1 0.0
4.213 4.751 47.22 161.29 167.79 169.57 0.0267
0 0 0 0 0 0 0
-1.021 -0.441 43.44 14.79 -19.7 -20.42 0.0
4.212 4.752 49.08 164.13 171.89 179.66 0.0304
0 0 0 0 0 0 0
0.466 -0.754 42.99 4.51 12.18 35.98 0.0
5.051 3.848 48.01 178.27 168.42 175.7 0.027
0 0 0 0 0 0 0
1.211 -0.36 35.01 -9.15 -4.95 3.5 0.0
5.233 3.598 39.28 170.25 184.1 188.58 0.0231
0 0 0 0 0 0 0
-1.214 0.183 35.61 -22.3 -1.56 -10.45 0.0
3.747 5.127 40.86 167.32 168.03 173.44 0.0284
0 0 0 0 0 0 0
0.085 -0.047 44.53 -11.12 -3.6 -7.99 0.0
4.56 4.42 49.1 180.16 165.96 173.2 0.0256
0 0 0 0 0 0 0
0.938 0.443 36.48 -13.64 30.03 5.92 0.0
4.734 4.232 40.43 172.63 170.55 167.57 0.0217
0 0 0 0 0 0 0
1.242 0.809 41.72 4.33 9.47 3.86 0.0
4.697 4.274 45.39 178.92 166.37 190.41 0.0199
0 0 0 0 0 0 0
-1.73 -0.91 42.03 -4.11 21.29 -14.93 0.0
4.058 4.884 48.24 168.09 176.46 173.04 0.0338
0 0 0 0 0 0 0
0.28 0.036 42.11 18.57 -3.64 1.93 0.0
4.564 4.415 46.72 186.72 163.35 167.87 0.025
0 0 0 0 0 0 0
-0.072 0.055 44.05 -6.14 9.47 14.11 0.0
4.407 4.571 48.84 177.46 175.81 160.94 0.0263
0 0 0 0 0 0 0
0.02 0.045 43.92 -7.09 23.49 -7.16 0.0
4.535 4.445 48.7 186.73 162.47 174.48 0.026
0 0 0 0 0 0 0
-1.763 0.422 38.39 14.44 5.38 0.48 0.0
3.204 5.483 43.87 184.42 182.88 183.19 0.0291
0 0 0 0 0 0 0
-0.001 0.004 35.92 32.02 -20.0 -13.54 0.0
4.494 4.487 40.64 167.19 164.33 188.17 0.0257
0 0 0 0 0 0 0
-1.747 -0.401 37.45 6.35 -4.02 -15.45 0.0
3.811 5.08 43.4 180.49 172.58 177.73 0.0317
0 0 0 0 0 0 0
1.692 0.248 44.35 -18.11 2.24 -1.39 0.0
5.114 3.765 47.93 183.51 181.43 186.59 0.0201
0 0 0 0 0 0 0
-0.745 -1.1 44.0 -9.04 -5.11 7.69 0.0
4.657 4.317 49.74 191.42 171.5 193.93 0.0313
0 0 0 0 0 0 0
0.363 -0.155 36.06 4.43 -9.33 -6.82 0.0
4.745 4.22 40.81 171.82 167.39 186.13 0.0256
0 0 0 0 0 0 0
-0.122 -0.189 42.8 1.71 -18.7 -10.91 0.0
4.544 4.435 47.81 177.59 174.47 175.98 0.0272
0 0 0 0 0 0 0
-0.785 -1.206 43.24 -11.26 -0.81 -3.08 0.0
4.744 4.221 49.09 183.41 168.76 181.79 0.0319
0 0 0 0 0 0 0
1.416 0.823 43.27 -9.91 -11.02 -2.74 0.0
4.782 4.178 46.82 180.96 173.0 181.79 0.0199
0 0 0 0 0 0 0
0.5 -1.119 43.13 -10.21 -0.16 -7.16 0.0
5.273 3.539 48.32 168.96 170.15 176.79 0.0279
0 0 0 0 0 0 0
1.664 -0.527 37.8 -2.01 -16.24 8.84 0.0
5.461 3.241 41.86 182.31 166.45 177.08 0.0223
0 0 0 0 0 0 0
-0.291 0.16 43.67 19.71 -26.44 -8.73 0.0
4.264 4.706 48.51 170.66 170.19 178.73 0.0267
0 0 0 0 0 0 0
0.145 1.305 39.99 5.1 -8.36 -12.53 0.0
3.832 5.063 43.86 182.96 170.2 178.63 0.0216
0 0 0 0 0 0 0
-0.366 -0.436 40.2 -9.41 3.64 6.95 0.0
4.496 4.484 45.43 182.71 172.98 163.12 0.0283
0 0 0 0 0 0 0
0.013 -0.001 41.01 3.65 1.3 -5.24 0.0
4.5 4.481 45.88 154.37 165.49 163.18 0.0263
0 0 0 0 0 0 0
0.964 -1.284 38.26 8.21 10.94 0.94 0.0
5.447 3.265 43.18 174.62 161.9 157.57 0.0266
0 0 0 0 0 0 0
0.62 -1.311 38.71 -1.49 23.25 -10.42 0.0
5.361 3.404 43.9 181.22 172.24 168.9 0.0277
0 0 0 0 0 0 0
1.1 0.792 38.29 -22.94 -26.27 8.5 0.0
4.669 4.304 42.1 173.97 191.08 179.36 0.0207
0 0 0 0 0 0 0
-0.601 1.252 39.41 3.35 -6.95 16.35 0.0
3.479 5.313 43.73 179.52 166.03 166.59 0.0238
0 0 0 0 0 0 0
0.646 1.791 44.56 -7.67 -5.4 -27.55 0.0
3.902 5.01 47.97 174.03 160.55 168.95 0.019
0 0 0 0 0 0 0
0.541 -0.899 42.5 -5.01 -9.21 -17.09 0.0
5.2 3.644 47.4 162.93 182.57 180.07 0.0269
0 0 0 0 0 0 0
-0.464 -1.356 41.06 0.68 3.65 23.05 0.0
4.926 4.008 46.84 169.79 169.28 170.57 0.031
0 0 0 0 0 0 0
0.275 -0.153 44.32 1.39 -11.83 11.9 0.0
4.767 4.195 49.02 169.25 187.14 184.09 0.026
0 0 0 0 0 0 0
1.283 0.842 37.29 11.35 2.84 0.11 0.0
4.731 4.236 40.92 173.77 169.46 166.44 0.0202
0 0 0 0 0 0 0
-0.594 0.217 44.24 -6.34 -4.66 9.05 0.0
4.115 4.836 49.25 170.55 172.02 176.37 0.0272
0 0 0 0 0 0 0
-1.288 -0.465 41.66 -0.36 -15.39 0.65 0.0
4.097 4.852 47.4 171.17 173.72 196.5 0.0308
0 0 0 0 0 0 0
-0.211 0.089 44.63 -13.07 -4.9 -14.07 0.0
4.363 4.614 49.6 160.81 168.42 181.23 0.0269
0 0 0 0 0 0 0
0.421 -0.306 44.4 -5.28 3.49 -17.8 0.0
4.862 4.085 49.17 166.06 170.36 172.28 0.026
0 0 0 0 0 0 0
0.349 -0.904 42.61 -12.75 -10.25 13.13 0.0
5.065 3.83 47.72 172.79 178.09 190.94 0.0278
0 0 0 0 0 0 0
-0.724 -1.356 43.28 -19.46 21.46 -1.77 0.0
4.829 4.123 49.16 187.26 175.31 183.67 0.0319
0 0 0 0 0 0 0
-0.16 1.054 41.53 -2.0 12.05 9.58 0.0
3.866 5.038 45.84 178.17 172.81 160.66 0.0239
0 0 0 0 0 0 0
1.584 -1.143 42.94 -16.24 -0.72 -0.88 0.0
5.662 2.875 47.26 173.74 161.8 165.43 0.024
0 0 0 0 0 0 0
-0.041 -0.078 43.24 -4.15 -12.41 18.8 0.0
4.462 4.518 48.08 162.58 179.37 182.64 0.0269
0 0 0 0 0 0 0
0.966 -1.167 35.88 -11.9 27.56 -9.03 0.0
5.39 3.357 40.58 174.7 188.0 176.19 0.0255
0 0 0 0 0 0 0
-0.673 0.721 39.32 7.97 6.33 2.72 0.0
3.787 5.097 44.13 175.62 187.98 160.9 0.0259
0 0 0 0 0 0 0
0.182 1.72 38.17 -13.64 2.18 -33.5 0.0
3.614 5.222 41.89 177.81 168.7 161.66 0.0204
0 0 0 0 0 0 0
-0.199 -0.489 42.0 -16.65 -0.31 7.95 0.0
4.623 4.354 47.13 181.52 187.57 178.44 0.0283
0 0 0 0 0 0 0
-0.513 -1.387 39.62 -5.34 -0.89 6.76 0.0
4.908 4.03 45.41 153.67 176.63 171.61 0.0314
0 0 0 0 0 0 0
1.267 0.14 35.08 4.88 -6.96 37.5 0.0
4.99 3.928 39.09 179.69 162.32 162.27 0.0219
0 0 0 0 0 0 0
0.818 1.659 44.76 10.1 -6.3 -11.14 0.0
4.028 4.91 48.12 167.59 176.34 165.28 0.0193
0 0 0 0 0 0 0
0.65 -1.774 35.46 -5.71 -10.94 -30.13 0.0
5.575 3.04 40.65 167.28 179.88 174.0 0.0281
0 0 0 0 0 0 0
1.468 -0.434 42.7 0.21 13.97 -13.54 0.0
5.366 3.395 46.76 178.79 164.42 166.64 0.0227
0 0 0 0 0 0 0
0.008 -0.001 39.33 -6.18 -28.98 -21.25 0.0
4.569 4.41 44.03 172.35 161.21 163.16 0.0259
0 0 0 0 0 0 0
-0.048 0.476 36.95 19.7 2.12 4.25 0.0
4.202 4.762 41.44 169.07 170.11 162.59 0.0246
0 0 0 0 0 0 0
0.114 1.932 37.67 -17.03 -34.05 5.25 0.0
3.54 5.272 41.32 177.66 177.15 165.01 0.0196
0 0 0 0 0 0 0
-0.187 -0.541 41.64 3.97 7.62 -2.53 0.0
4.64 4.336 46.82 174.09 186.02 179.68 0.0286
0 0 0 0 0 0 0
-0.01 -0.002 37.0 3.75 -6.48 -26.69 0.0
4.439 4.541 41.82 173.28 143.59 180.72 0.0259
0 0 0 0 0 0 0
-0.263 0.493 35.26 5.2 -13.96 20.04 0.0
4.109 4.841 39.96 184.72 169.51 171.34 0.0246
0 0 0 0 0 0 0
0.224 -0.467 42.12 26.08 -2.23 1.44 0.0
4.831 4.122 47.07 177.66 183.97 165.73 0.0268
0 0 0 0 0 0 0
-0.04 -0.047 41.11 -2.27 8.89 4.75 0.0
4.491 4.49 46.0 171.86 156.65 178.44 0.0263
0 0 0 0 0 0 0
0.357 1.432 36.68 0.72 -20.63 -14.46 0.0
3.931 4.988 40.51 183.36 161.25 165.79 0.0206
0 0 0 0 0 0 0
-1.614 -0.629 35.01 -1.85 -6.01 6.0 0.0
4.052 4.889 41.03 163.42 179.29 182.95 0.0324
0 0 0 0 0 0 0
-0.219 -0.081 42.12 -7.67 -2.49 -16.0 0.0
4.384 4.594 47.12 169.04 163.16 161.98 0.0271
0 0 0 0 0 0 0
1.275 -0.627 39.41 -18.13 13.81 8.42 0.0
5.338 3.439 43.76 165.18 163.37 183.79 0.0237
0 0 0 0 0 0 0
-0.026 1.155 43.28 -9.6 15.64 -8.23 0.0
3.838 5.059 47.42 178.52 176.22 159.82 0.023
0 0 0 0 0 0 0
0.464 1.748 37.98 -2.64 12.41 19.83 0.0
3.759 5.118 41.49 179.96 175.6 167.61 0.0194
0 0 0 0 0 0 0
0.925 1.311 44.25 -7.83 6.96 -5.5 0.0
4.298 4.675 47.86 182.44 172.87 165.2 0.0199
0 0 0 0 0 0 0
1.036 -0.707 40.02 2.12 18.25 5.41 0.0
5.284 3.522 44.62 169.94 180.44 189.29 0.0247
0 0 0 0 0 0 0
-0.216 1.983 37.53 19.49 9.33 3.26 0.0
3.244 5.459 41.21 173.25 176.68 191.53 0.0203
0 0 0 0 0 0 0
-0.817 -0.443 36.84 -8.81 -6.47 1.76 0.0
4.248 4.72 42.26 168.81 170.33 171.36 0.0292
0 0 0 0 0 0 0
-0.833 1.112 43.37 -4.7 -13.74 6.56 0.0
3.459 5.326 47.88 162.98 166.78 175.99 0.0251
0 0 0 0 0 0 0
-0.604 -1.794 42.38 14.94 22.38 9.17 0.0
5.007 3.906 48.42 184.81 168.37 172.1 0.0328
0 0 0 0 0 0 0
-0.797 -1.283 42.11 18.14 6.12 -1.5 0.0
4.717 4.251 47.97 183.68 184.03 174.36 0.0319
0 0 0 0 0 0 0
-0.346 1.236 35.3 35.43 23.25 18.54 0.0
3.613 5.222 39.52 191.52 187.41 169.35 0.023
0 0 0 0 0 0 0
-0.399 -0.546 38.58 8.7 -3.05 -15.99 0.0
4.588 4.391 43.9 177.36 164.9 175.62 0.0284
0 0 0 0 0 0 0
0.157 0.482 41.65 4.39 0.22 6.65 0.0
4.278 4.692 46.14 163.78 166.98 163.32 0.0245
0 0 0 0 0 0 0
0.747 -0.842 42.6 26.24 -26.88 3.87 0.0
5.26 3.558 47.4 178.13 171.17 173.69 0.0263
0 0 0 0 0 0 0
-0.017 -0.47 43.29 17.01 -5.13 5.57 0.0
4.714 4.255 48.29 189.02 186.38 170.55 0.0275
0 0 0 0 0 0 0
-0.387 1.297 37.27 -5.94 -0.65 10.63 0.0
3.526 5.281 41.47 179.56 155.47 179.44 0.0229
0 0 0 0 0 0 0
-0.027 0.282 43.42 22.47 2.43 -15.0 0.0
4.352 4.625 48.17 158.43 181.63 189.27 0.026
0 0 0 0 0 0 0
0.169 -0.311 36.4 -2.09 -1.13 -19.56 0.0
4.705 4.265 41.29 178.9 175.39 176.44 0.0262
0 0 0 0 0 0 0
0.01 0.824 43.38 -12.25 15.98 -12.35 0.0
4.137 4.818 47.71 180.34 165.29 182.96 0.0238
0 0 0 0 0 0 0
-0.09 -0.302 38.3 -8.38 -5.16 27.09 0.0
4.575 4.404 43.38 178.09 161.75 160.26 0.0271
0 0 0 0 0 0 0
-1.113 -0.857 35.33 5.3 5.89 2.25 0.0
4.403 4.575 41.21 191.65 167.0 164.68 0.0313
0 0 0 0 0 0 0
0.175 -0.016 41.96 8.24 -8.93 -12.01 0.0
4.613 4.364 46.55 185.62 167.52 169.15 0.0253
0 0 0 0 0 0 0
-1.103 -0.605 38.28 -4.79 -10.16 -1.12 0.0
4.191 4.771 44.06 166.33 164.67 182.56 0.0312
0 0 0 0 0 0 0
-1.356 -1.075 41.06 -22.95 9.68 0.18 0.0
4.277 4.694 47.15 172.55 159.87 174.47 0.0332
0 0 0 0 0 0 0
1.286 1.253 44.52 -17.34 13.74 5.17 0.0
4.534 4.446 47.91 172.59 181.24 160.45 0.0191
0 0 0 0 0 0 0
-1.683 0.498 39.77 16.78 22.37 0.9 0.0
3.263 5.448 45.08 168.79 163.65 179.01 0.0289
0 0 0 0 0 0 0
-1.264 -1.125 42.22 -4.12 -9.33 3.44 0.0
4.441 4.539 48.3 162.21 173.16 172.07 0.033
0 0 0 0 0 0 0
0.768 -0.184 43.08 -9.13 17.35 -8.41 0.0
4.987 3.931 47.46 162.25 166.67 187.55 0.0244
0 0 0 0 0 0 0
-0.663 -0.887 44.25 6.38 22.16 23.61 0.0
4.595 4.383 49.95 166.6 175.57 198.88 0.0308
0 0 0 0 0 0 0
-0.634 0.328 41.7 -7.07 13.25 5.26 0.0
3.993 4.938 46.67 181.42 167.6 184.1 0.0269
0 0 0 0 0 0 0
-1.393 1.347 39.22 12.73 -9.97 8.94 0.0
2.861 5.669 43.79 176.05 173.79 173.85 0.0252
0 0 0 0 0 0 0
0.056 -0.323 39.49 1.03 11.55 -20.93 0.0
4.647 4.328 44.39 176.79 191.01 184.65 0.0269
0 0 0 0 0 0 0
1.251 0.093 37.58 22.71 -9.63 -5.19 0.0
5.039 3.865 41.56 170.52 153.98 183.53 0.0218
0 0 0 0 0 0 0
-0.216 0.36 40.95 0.79 19.92 -8.86 0.0
4.183 4.778 45.65 160.63 166.21 187.78 0.0257
0 0 0 0 0 0 0
-0.526 1.326 38.41 -6.09 6.71 -12.88 0.0
3.515 5.289 42.67 181.31 169.89 164.89 0.0236
0 0 0 0 0 0 0
0.474 -0.175 35.72 18.74 4.25 3.84 0.0
4.779 4.182 40.34 178.4 187.49 183.04 0.0251
0 0 0 0 0 0 0
0.61 -0.438 41.44 -11.15 6.06 14.52 0.0
4.969 3.954 46.12 163.7 167.51 183.68 0.0256
0 0 0 0 0 0 0
0.641 1.665 40.8 9.11 1.22 -0.12 0.0
4.011 4.923 44.32 165.5 170.8 175.27 0.0195
0 0 0 0 0 0 0
-1.29 -0.777 37.2 -15.06 35.9 4.31 0.0
4.22 4.745 43.25 177.59 182.21 177.83 0.0321
0 0 0 0 0 0 0
-1.07 -0.691 42.99 -3.31 -10.97 4.31 0.0
4.319 4.655 48.71 170.67 177.39 165.13 0.0315
0 0 0 0 0 0 0
0.751 1.231 40.99 3.73 -8.18 -24.51 0.0
4.244 4.724 44.69 178.13 177.11 171.0 0.0203
0 0 0 0 0 0 0
1.164 -0.8 44.72 16.91 -4.91 11.68 0.0
5.387 3.363 49.18 168.37 169.08 167.62 0.0248
0 0 0 0 0 0 0
-1.098 -0.541 44.01 9.71 -2.11 -12.17 0.0
4.202 4.761 49.64 175.01 180.3 179.6 0.0309
0 0 0 0 0 0 0
0.048 -0.021 44.05 -1.25 -5.5 -11.1 0.0
4.552 4.427 48.87 185.41 180.19 168.23 0.026
0 0 0 0 0 0 0
0.055 0.239 41.48 1.82 2.03 16.1 0.0
4.408 4.571 46.06 186.45 178.43 183.44 0.0251
0 0 0 0 0 0 0
-0.733 1.146 42.25 7.31 -2.6 17.99 0.0
3.505 5.296 46.79 172.27 174.49 163.19 0.0248
0 0 0 0 0 0 0
1.16 -0.252 40.25 -24.59 4.96 -6.19 0.0
5.139 3.73 44.39 166.01 170.75 182.13 0.0234
0 0 0 0 0 0 0
0.084 0.342 44.14 -3.7 3.89 6.0 0.0
4.372 4.605 48.64 164.71 167.39 177.64 0.0251
0 0 0 0 0 0 0
0.039 -0.039 38.29 20.0 10.46 -4.73 0.0
4.569 4.41 43.03 183.96 174.94 176.49 0.026
0 0 0 0 0 0 0
0.303 -1.482 38.91 1.84 -20.66 3.6 0.0
5.329 3.454 44.19 180.09 168.64 176.61 0.0289
0 0 0 0 0 0 0
-0.627 0.026 38.91 15.84 -7.01 -9.07 0.0
4.215 4.75 44.1 161.54 168.31 165.4 0.0281
0 0 0 0 0 0 0
-0.493 -0.043 39.99 13.0 -16.6 14.36 0.0
4.333 4.642 45.02 181.71 167.13 171.45 0.0276
0 0 0 0 0 0 0
-1.41 -1.154 37.36 -17.94 -23.86 10.94 0.0
4.314 4.66 43.62 173.88 191.34 170.06 0.0335
0 0 0 0 0 0 0
0.122 0.074 43.53 0.61 -1.53 4.71 0.0
4.604 4.374 48.25 179.07 171.08 168.14 0.0259
0 0 0 0 0 0 0
0.679 1.771 38.51 -2.0 2.72 -24.47 0.0
3.905 5.007 41.82 161.58 166.84 172.66 0.0187
0 0 0 0 0 0 0
0.355 0.61 39.71 -3.69 -13.56 -17.94 0.0
4.378 4.599 43.96 175.62 179.15 172.42 0.0233
0 0 0 0 0 0 0
0.111 0.111 40.13 -14.09 3.22 -13.06 0.0
4.493 4.487 44.82 152.51 180.95 163.76 0.0257
0 0 0 0 0 0 0
-0.715 1.847 43.61 -5.01 -12.26 -7.39 0.0
2.971 5.612 47.58 176.55 177.77 168.83 0.0218
0 0 0 0 0 0 0
-0.009 0.022 44.75 9.79 -5.05 -7.42 0.0
4.433 4.546 49.53 174.17 184.42 172.89 0.0262
0 0 0 0 0 0 0
0.221 -0.221 37.39 -5.86 -17.63 -10.3 0.0
4.756 4.207 42.24 179.93 180.85 159.33 0.0261
0 0 0 0 0 0 0
0.251 0.952 44.45 -0.22 14.21 -32.88 0.0
4.144 4.811 48.48 176.57 170.87 158.64 0.0226
0 0 0 0 0 0 0
0.696 -1.054 36.83 -8.68 30.29 -3.04 0.0
5.313 3.478 41.65 176.33 165.34 178.34 0.0262
0 0 0 0 0 0 0
-0.258 -1.324 35.95 1.55 20.43 6.74 0.0
4.987 3.931 41.62 162.89 159.89 179.65 0.0299
0 0 0 0 0 0 0
-0.494 0.436 43.44 7.82 7.94 7.57 0.0
4.063 4.881 48.25 176.19 176.35 184.58 0.0263
0 0 0 0 0 0 0
1.208 1.525 40.38 12.82 -1.73 25.63 0.0
4.369 4.609 43.57 169.94 196.67 184.65 0.018
0 0 0 0 0 0 0
1.095 1.308 43.08 -1.16 -1.24 -4.58 0.0
4.426 4.554 46.68 160.09 173.25 179.93 0.0198
0 0 0 0 0 0 0
0.536 0.461 39.39 2.73 15.48 -26.0 0.0
4.587 4.391 43.58 175.4 170.97 181.31 0.0232
0 0 0 0 0 0 0
-1.252 1.119 43.36 24.5 18.38 9.08 0.0
3.091 5.547 47.97 163.13 187.55 159.75 0.0256
0 0 0 0 0 0 0
1.358 0.396 39.25 -16.81 -25.0 21.71 0.0
4.953 3.973 43.07 171.23 180.15 185.74 0.0212
0 0 0 0 0 0 0
0.83 0.605 42.89 19.68 -1.1 10.46 0.0
4.593 4.385 46.83 168.23 187.36 171.93 0.022
0 0 0 0 0 0 0
0.224 -0.52 37.76 -11.98 11.68 3.98 0.0
4.828 4.125 42.81 169.66 168.63 179.11 0.027
0 0 0 0 0 0 0
-1.343 0.859 42.49 9.21 6.7 5.15 0.0
3.199 5.485 47.3 186.85 168.65 178.62 0.0265
0 0 0 0 0 0 0
-0.294 -0.616 38.92 -1.23 11.71 5.2 0.0
4.686 4.286 44.18 180.13 186.76 181.94 0.0284
0 0 0 0 0 0 0
-0.014 0.003 40.23 -8.63 -2.87 -0.22 0.0
4.437 4.542 44.94 163.78 164.69 163.33 0.0258
0 0 0 0 0 0 0
-1.572 -0.325 41.9 4.78 -2.62 -2.77 0.0
3.754 5.121 47.72 169.95 183.35 167.77 0.0316
0 0 0 0 0 0 0
0.518 1.564 36.6 -2.45 -0.01 -13.33 0.0
3.916 4.999 40.15 169.27 171.36 167.84 0.02
0 0 0 0 0 0 0
-0.59 -1.531 39.11 14.24 -0.31 -10.49 0.0
4.883 4.06 45.09 164.23 192.85 173.62 0.032
0 0 0 0 0 0 0
-0.319 0.191 42.73 14.25 2.98 -4.27 0.0
4.259 4.711 47.58 187.18 168.38 163.99 0.0264
0 0 0 0 0 0 0
-0.238 -0.658 39.89 20.53 14.63 -13.23 0.0
4.672 4.3 45.15 174.13 183.55 179.44 0.0284
0 0 0 0 0 0 0
-1.108 -1.092 37.7 4.53 -3.78 2.84 0.0
4.471 4.51 43.72 182.77 163.29 165.33 0.0323
0 0 0 0 0 0 0
-0.024 -0.192 35.02 -3.65 9.2 22.94 0.0
4.566 4.413 40.08 163.21 156.87 171.91 0.0265
0 0 0 0 0 0 0
0.734 -0.595 39.81 -1.05 -16.34 -2.06 0.0
5.127 3.746 44.52 159.64 158.41 162.39 0.0255
0 0 0 0 0 0 0
-1.486 0.625 39.05 26.29 -3.2 -1.0 0.0
3.308 5.421 44.19 179.04 155.81 193.96 0.0277
0 0 0 0 0 0 0
0.026 0.899 39.58 -7.96 0.77 -9.86 0.0
4.017 4.918 43.84 175.97 176.47 181.03 0.0231
0 0 0 0 0 0 0
-1.013 0.064 44.86 -13.28 -24.26 -9.07 0.0
4.084 4.863 50.11 171.34 158.99 174.15 0.0289
0 0 0 0 0 0 0
-0.155 0.108 35.8 -8.47 -9.45 -2.71 0.0
4.313 4.661 40.72 166.53 178.37 167.3 0.0262
0 0 0 0 0 0 0
0.429 1.917 40.56 -17.75 22.68 16.89 0.0
3.722 5.145 44.02 185.91 159.64 183.6 0.0194
0 0 0 0 0 0 0
-0.254 -0.847 36.61 -3.46 -38.78 -21.99 0.0
4.797 4.161 42.0 183.03 169.48 189.75 0.029
0 0 0 0 0 0 0
-0.445 -0.405 35.59 5.03 -2.17 -6.59 0.0
4.441 4.539 40.96 160.14 183.08 178.44 0.0286
0 0 0 0 0 0 0
0.902 -1.19 36.45 -11.7 31.16 0.61 0.0
5.408 3.328 41.22 170.49 180.92 163.03 0.0262
0 0 0 0 0 0 0
0.118 0.232 43.87 -11.62 -1.4 -2.84 0.0
4.415 4.564 48.53 159.41 179.63 169.19 0.0254
0 0 0 0 0 0 0
-1.607 0.302 39.57 -13.78 -17.45 -2.69 0.0
3.448 5.332 44.98 172.84 174.41 166.51 0.0296
0 0 0 0 0 0 0
0.716 -1.053 43.52 15.31 0.46 -14.4 0.0
5.265 3.55 48.35 172.17 168.56 174.56 0.0266
0 0 0 0 0 0 0
0.383 1.37 39.59 4.24 -10.24 5.0 0.0
4.001 4.931 43.45 174.91 171.87 168.07 0.0211
0 0 0 0 0 0 0
0.423 1.107 42.59 -25.38 -3.76 -4.7 0.0
4.124 4.829 46.53 174.51 170.59 163.29 0.022
0 0 0 0 0 0 0
0.054 0.006 37.39 -26.75 9.94 -8.97 0.0
4.483 4.497 42.14 174.49 166.69 184.11 0.026
0 0 0 0 0 0 0
0.626 -1.597 41.65 11.46 -0.91 5.43 0.0
5.495 3.183 46.85 182.43 168.15 180.21 0.0283
0 0 0 0 0 0 0
1.908 -0.463 42.83 1.94 -25.18 8.94 0.0
5.516 3.147 46.72 169.82 170.71 158.39 0.0211
0 0 0 0 0 0 0
0.184 -0.495 40.74 -10.98 1.94 13.48 0.0
4.788 4.171 45.75 159.35 179.6 183.31 0.0269
0 0 0 0 0 0 0
0.24 0.432 42.43 6.75 4.41 -9.1 0.0
4.419 4.561 46.9 172.96 165.94 174.62 0.0242
0 0 0 0 0 0 0
0.569 -0.236 41.16 2.78 -6.43 -4.03 0.0
4.898 4.042 45.8 177.4 161.75 180.22 0.025
0 0 0 0 0 0 0
0.943 0.016 40.76 -7.4 1.32 16.42 0.0
4.915 4.02 44.95 174.57 162.79 183.38 0.0231
0 0 0 0 0 0 0
-0.237 0.372 43.56 16.0 21.25 14.93 0.0
4.209 4.755 48.19 178.74 160.63 171.89 0.0255
0 0 0 0 0 0 0
-0.669 1.214 37.83 -10.51 -6.02 0.95 0.0
3.416 5.353 42.37 169.91 159.53 170.61 0.0243
0 0 0 0 0 0 0
-0.092 0.041 42.99 5.99 -10.59 13.58 0.0
4.439 4.54 47.73 163.13 158.08 176.95 0.0261
0 0 0 0 0 0 0
-1.002 -0.566 36.22 -9.79 -5.62 -37.9 0.0
4.229 4.737 41.91 163.55 163.99 170.84 0.0306
0 0 0 0 0 0 0
-0.466 0.17 41.08 -0.48 8.85 5.78 0.0
4.192 4.77 46.01 192.48 177.31 172.83 0.0267
0 0 0 0 0 0 0
-0.095 0.052 42.7 3.36 0.63 -1.71 0.0
4.414 4.565 47.51 159.65 174.49 180.07 0.0265
0 0 0 0 0 0 0
-0.708 -1.244 43.21 -13.12 13.29 12.18 0.0
4.798 4.16 49.02 176.13 171.37 173.32 0.0319
0 0 0 0 0 0 0
0.074 -0.0 38.79 -8.99 -10.61 -11.05 0.0
4.527 4.453 43.6 172.66 159.6 177.77 0.0262
0 0 0 0 0 0 0
-1.012 0.352 35.32 -13.61 4.61 -11.78 0.0
3.746 5.128 40.44 174.3 169.9 170.78 0.0273
0 0 0 0 0 0 0
0.029 0.139 39.53 6.71 5.88 -3.68 0.0
4.428 4.552 44.18 171.59 186.31 167.27 0.0259
0 0 0 0 0 0 0
-0.647 1.792 40.05 4.33 20.56 -3.22 0.0
3.151 5.513 44.03 166.53 170.85 169.6 0.022
0 0 0 0 0 0 0
0.163 -0.567 43.98 -1.03 1.57 -8.53 0.0
4.864 4.083 48.9 170.21 167.55 164.44 0.0272
0 0 0 0 0 0 0
0.083 -1.033 39.02 -1.74 7.84 6.8 0.0
5.039 3.864 44.28 158.18 173.65 186.84 0.0286
0 0 0 0 0 0 0
1.179 0.954 44.1 7.09 15.09 -3.88 0.0
4.598 4.38 47.6 173.32 170.63 173.6 0.0198
0 0 0 0 0 0 0
-1.173 -1.434 43.37 -15.65 18.9 4.04 0.0
4.663 4.311 49.54 177.52 189.55 187.88 0.0334
0 0 0 0 0 0 0
1.704 0.863 37.57 1.67 -21.12 -9.19 0.0
4.887 4.054 40.95 169.47 173.34 174.51 0.0188
0 0 0 0 0 0 0
0.041 -0.057 43.72 -7.77 6.97 -4.79 0.0
4.529 4.451 48.53 185.08 175.53 178.0 0.0265
0 0 0 0 0 0 0
-1.055 0.456 40.45 3.01 0.61 -15.41 0.0
3.656 5.192 45.52 167.3 170.02 176.82 0.0278
0 0 0 0 0 0 0
-1.054 -0.706 44.34 0.19 11.94 9.7 0.0
4.341 4.635 50.12 165.34 170.94 180.35 0.0314
0 0 0 0 0 0 0
-0.663 0.758 42.96 10.84 4.76 1.58 0.0
3.728 5.14 47.69 179.7 163.68 170.85 0.026
0 0 0 0 0 0 0
-1.172 -0.74 39.81 -1.19 14.65 -0.88 0.0
4.236 4.731 45.71 181.72 172.73 171.93 0.0317
0 0 0 0 0 0 0
-0.323 -0.985 37.4 -9.33 -7.06 -24.29 0.0
4.84 4.111 42.94 174.33 173.57 166.33 0.0294
0 0 0 0 0 0 0
0.174 -0.452 36.88 14.17 13.67 -15.7 0.0
4.816 4.139 41.77 174.9 174.62 173.59 0.0266
0 0 0 0 0 0 0
0.945 -1.03 35.63 -13.98 -12.31 0.21 0.0
5.35 3.42 40.39 184.04 177.44 191.12 0.0256
0 0 0 0 0 0 0
0.08 0.058 39.09 21.77 1.93 -19.52 0.0
4.544 4.435 43.73 181.09 160.05 167.42 0.0255
0 0 0 0 0 0 0
-0.687 0.643 42.86 -0.88 -6.49 -17.69 0.0
3.792 5.094 47.68 185.31 185.07 163.44 0.0264
0 0 0 0 0 0 0
-1.426 0.308 37.58 15.1 -7.43 3.25 0.0
3.51 5.292 42.86 181.91 171.0 186.49 0.0285
0 0 0 0 0 0 0
-0.065 -0.198 41.77 2.11 1.72 -2.9 0.0
4.543 4.437 46.68 167.72 166.66 177.36 0.0274
0 0 0 0 0 0 0
-1.021 1.549 44.63 19.5 -6.11 12.0 0.0
3.031 5.58 48.96 192.96 167.09 170.03 0.0239
0 0 0 0 0 0 0
1.477 -0.434 36.18 4.78 11.16 -7.91 0.0
5.344 3.43 40.21 189.48 158.68 173.66 0.0219
0 0 0 0 0 0 0
0.419 -0.574 41.48 3.23 -6.77 3.62 0.0
4.926 4.007 46.37 185.07 171.49 179.2 0.0265
0 0 0 0 0 0 0
-0.039 0.003 36.54 -2.92 -12.32 3.16 0.0
4.473 4.508 41.44 181.19 164.47 163.67 0.0261
0 0 0 0 0 0 0
-0.6 -0.523 43.7 4.83 0.84 -5.63 0.0
4.455 4.526 49.13 167.29 186.68 184.66 0.0295
0 0 0 0 0 0 0
-0.77 0.255 41.81 2.63 -18.21 -1.51 0.0
3.966 4.959 46.83 181.76 178.63 162.35 0.0274
0 0 0 0 0 0 0
-1.018 0.262 44.49 17.17 20.38 -12.27 0.0
3.787 5.097 49.63 166.1 169.65 179.45 0.0282
0 0 0 0 0 0 0
0.729 -0.032 35.01 5.62 -5.13 7.89 0.0
4.834 4.117 39.5 169.57 190.27 167.24 0.0241
0 0 0 0 0 0 0
-1.804 0.555 36.13 5.02 -4.31 18.16 0.0
3.112 5.535 41.4 165.11 188.39 179.35 0.0283
0 0 0 0 0 0 0
0.301 1.867 41.34 -1.66 17.71 -12.29 0.0
3.613 5.222 44.84 159.53 167.3 180.18 0.0198
0 0 0 0 0 0 0
0.867 -1.63 39.13 -8.37 -0.2 16.7 0.0
5.624 2.949 44.09 172.8 162.79 179.83 0.0272
0 0 0 0 0 0 0
-0.32 0.523 37.74 22.82 -13.89 -0.97 0.0
4.069 4.875 42.39 187.26 154.9 174.87 0.0254
0 0 0 0 0 0 0
0.596 0.656 35.86 13.31 -13.87 -1.56 0.0
4.423 4.556 39.98 168.65 175.82 187.67 0.0224
0 0 0 0 0 0 0
-1.108 -0.693 37.43 -20.44 -5.14 5.24 0.0
4.253 4.715 43.26 191.4 192.49 189.35 0.0312
0 0 0 0 0 0 0
-0.522 -0.825 35.81 1.4 3.49 1.35 0.0
4.689 4.282 41.45 159.81 165.15 165.46 0.0296
0 0 0 0 0 0 0
-1.665 -0.361 37.2 15.28 -9.54 15.88 0.0
3.781 5.102 43.16 187.34 183.2 201.67 0.0318
0 0 0 0 0 0 0
0.66 0.224 38.54 -9.66 -16.8 -12.32 0.0
4.688 4.283 42.89 178.69 152.89 181.43 0.0234
0 0 0 0 0 0 0
1.796 0.742 43.72 2.62 22.84 -6.06 0.0
4.983 3.937 47.08 179.86 175.84 187.46 0.0189
0 0 0 0 0 0 0
-0.655 1.745 44.63 -15.64 -21.32 -18.93 0.0
3.168 5.503 48.61 160.07 174.22 166.8 0.0221
0 0 0 0 0 0 0
0.474 0.307 42.78 -4.46 -0.84 12.12 0.0
4.57 4.408 47.17 185.23 169.68 166.13 0.0239
0 0 0 0 0 0 0
0.048 -1.275 40.33 -23.61 4.84 3.53 0.0
5.064 3.832 45.74 188.98 176.05 187.72 0.0294
0 0 0 0 0 0 0
-0.908 -0.76 37.15 17.69 -10.34 -5.1 0.0
4.444 4.535 42.9 178.88 174.05 172.96 0.031
0 0 0 0 0 0 0
0.152 -0.196 35.46 -4.57 0.73 -11.8 0.0
4.661 4.312 40.37 165.43 182.91 192.93 0.026
0 0 0 0 0 0 0
0.025 0.841 41.87 12.59 -9.9 -25.54 0.0
4.1 4.849 46.12 175.78 163.34 188.09 0.0237
0 0 0 0 0 0 0
-0.1 -0.753 37.02 -12.65 -0.42 3.67 0.0
4.794 4.164 42.42 160.47 188.68 168.95 0.0285
0 0 0 0 0 0 0
-0.154 -0.656 39.05 -4.88 12.71 0.1 0.0
4.759 4.205 44.3 167.53 163.89 170.78 0.0284
0 0 0 0 0 0 0
-1.655 -0.129 38.41 -7.92 0.6 -8.02 0.0
3.631 5.209 44.09 171.28 171.12 163.1 0.0306
0 0 0 0 0 0 0
-0.82 0.619 38.22 13.81 -17.64 -1.48 0.0
3.706 5.157 43.14 166.56 176.26 159.67 0.0262
0 0 0 0 0 0 0
0.223 -0.469 35.62 4.55 -8.98 -0.46 0.0
4.83 4.122 40.53 181.33 173.6 175.55 0.0263
0 0 0 0 0 0 0
0.64 1.548 38.94 19.29 8.78 -6.89 0.0
4.058 4.884 42.51 188.76 172.02 185.75 0.0197
0 0 0 0 0 0 0
0.186 0.227 42.66 16.17 -23.85 14.78 0.0
4.471 4.509 47.28 167.97 175.36 176.02 0.0251
0 0 0 0 0 0 0
-0.756 -1.704 37.93 -4.46 12.09 -4.7 0.0
4.978 3.943 44.06 160.03 177.87 172.64 0.0331
0 0 0 0 0 0 0
1.007 -1.533 36.7 -5.37 0.04 -11.11 0.0
5.565 3.059 41.61 153.79 147.86 169.45 0.0265
0 0 0 0 0 0 0
0.031 -1.577 43.69 -34.21 -3.79 -0.18 0.0
5.191 3.658 49.18 185.84 187.68 178.92 0.0299
0 0 0 0 0 0 0
-0.0 0.01 42.52 -8.34 -2.77 28.55 0.0
4.503 4.477 47.34 161.87 182.03 189.36 0.0266
0 0 0 0 0 0 0
-0.691 -0.14 43.96 16.21 -21.33 1.63 0.0
4.227 4.739 49.19 162.38 168.67 177.54 0.0284
0 0 0 0 0 0 0
-0.345 0.453 35.36 -5.38 -4.54 11.52 0.0
4.116 4.836 40.22 171.14 164.89 176.58 0.0257
0 0 0 0 0 0 0
0.691 -1.175 37.36 -37.53 4.62 -13.65 0.0
5.324 3.461 42.31 169.99 164.7 165.19 0.027
0 0 0 0 0 0 0
0.012 0.077 36.74 1.44 -4.66 0.43 0.0
4.426 4.554 41.49 162.23 165.24 173.6 0.0256
0 0 0 0 0 0 0
-0.391 -0.352 44.8 -2.18 -9.37 -5.07 0.0
4.499 4.482 49.96 159.82 189.2 164.76 0.0286
0 0 0 0 0 0 0
-0.651 0.479 37.94 20.48 -0.37 -12.41 0.0
3.873 5.033 42.77 167.08 173.0 174.68 0.026
0 0 0 0 0 0 0
-0.624 0.147 39.72 -7.87 -20.68 -14.17 0.0
4.114 4.838 44.79 169.28 177.7 167.76 0.0276
0 0 0 0 0 0 0
-0.87 0.056 42.64 -7.82 5.43 13.38 0.0
4.114 4.837 47.81 189.33 174.13 176.19 0.0287
0 0 0 0 0 0 0
1.771 0.388 44.33 -22.02 -23.28 12.66 0.0
5.13 3.743 47.85 184.49 170.72 172.11 0.0199
0 0 0 0 0 0 0
0.701 -0.114 35.15 5.18 3.72 -11.08 0.0
4.907 4.031 39.48 170.48 158.73 160.5 0.024
0 0 0 0 0 0 0
0.348 -0.112 44.47 -3.0 4.3 -15.63 0.0
4.665 4.309 49.13 155.51 157.3 190.4 0.0255
0 0 0 0 0 0 0
-0.004 0.517 38.43 4.79 5.05 -35.3 0.0
4.213 4.751 42.88 172.58 167.61 179.66 0.0245
0 0 0 0 0 0 0
-0.059 -0.817 42.06 12.81 -1.76 11.56 0.0
4.803 4.154 47.18 171.83 177.64 175.03 0.0282
0 0 0 0 0 0 0
-0.36 0.448 36.84 -3.42 2.27 -5.2 0.0
4.023 4.913 41.57 171.3 178.38 164.14 0.0255
0 0 0 0 0 0 0
0.851 -0.945 42.99 -15.03 19.18 5.36 0.0
5.315 3.475 47.73 168.4 175.94 169.05 0.0262
0 0 0 0 0 0 0
1.494 0.451 43.31 -13.76 28.62 -26.5 0.0
5.003 3.911 46.95 173.02 171.64 177.61 0.0205
0 0 0 0 0 0 0
-0.373 -1.186 40.03 2.64 2.13 18.98 0.0
4.954 3.972 45.75 156.05 169.79 182.53 0.0306
0 0 0 0 0 0 0
-0.63 -0.933 43.94 -10.15 12.54 11.18 0.0
4.662 4.311 49.63 186.92 172.82 164.05 0.0309
0 0 0 0 0 0 0
1.207 -1.473 39.46 -5.87 8.95 4.43 0.0
5.667 2.866 44.08 171.23 176.45 187.11 0.0255
0 0 0 0 0 0 0
0.196 -0.663 44.17 -6.8 -7.78 -0.16 0.0
4.929 4.003 49.08 174.3 172.46 170.67 0.0275
0 0 0 0 0 0 0
0.455 0.36 41.82 10.6 14.66 10.27 0.0
4.548 4.432 46.19 163.44 177.44 196.5 0.0238
0 0 0 0 0 0 0
-0.303 0.397 38.77 5.2 8.47 6.43 0.0
4.138 4.817 43.59 158.93 164.08 161.77 0.0259
0 0 0 0 0 0 0
-0.57 1.514 42.13 -0.91 7.26 7.07 0.0
3.397 5.365 46.22 170.56 159.44 184.76 0.0226
0 0 0 0 0 0 0
-0.85 -0.531 35.52 3.48 24.68 -11.57 0.0
4.375 4.602 41.22 166.13 176.1 165.22 0.0298
0 0 0 0 0 0 0
0.87 -0.298 43.88 10.89 11.26 -6.12 0.0
5.049 3.851 48.28 198.19 156.47 188.87 0.0242
0 0 0 0 0 0 0
0.082 0.049 35.48 17.97 16.69 11.43 0.0
4.472 4.509 40.34 172.83 169.56 163.66 0.0255
0 0 0 0 0 0 0
-0.351 0.917 43.53 19.59 6.66 -6.24 0.0
3.768 5.112 47.84 177.98 173.25 166.95 0.024
0 0 0 0 0 0 0
-0.453 0.441 36.52 14.4 6.62 -16.8 0.0
4.003 4.929 41.24 165.21 160.04 195.14 0.0256
0 0 0 0 0 0 0
-0.852 -0.063 38.63 8.89 -18.2 19.09 0.0
4.04 4.899 43.88 170.4 174.19 172.71 0.0284
0 0 0 0 0 0 0
-0.753 -0.587 42.71 16.62 3.86 -0.36 0.0
4.505 4.475 48.19 162.37 173.18 179.27 0.0301
0 0 0 0 0 0 0
1.328 0.721 40.61 -10.17 -4.52 2.14 0.0
4.71 4.259 44.3 163.36 182.86 176.98 0.0204
0 0 0 0 0 0 0
-0.809 -0.26 41.99 5.37 11.56 -11.64 0.0
4.155 4.803 47.29 163.05 169.42 162.31 0.0288
0 0 0 0 0 0 0
-0.069 -1.539 43.28 -2.55 0.24 18.25 0.0
5.205 3.637 48.78 164.7 185.81 196.4 0.0302
0 0 0 0 0 0 0
1.896 -0.264 38.05 12.32 -1.52 3.81 0.0
5.391 3.356 41.82 170.41 167.53 180.42 0.0206
0 0 0 0 0 0 0
-0.681 -1.434 37.64 10.77 -20.55 -8.31 0.0
4.859 4.089 43.69 166.11 172.97 178.03 0.032
0 0 0 0 0 0 0
0.662 1.604 40.37 -2.48 -7.02 10.73 0.0
3.996 4.935 43.85 201.34 162.47 169.18 0.0195
0 0 0 0 0 0 0
-0.992 1.509 41.75 -5.99 3.27 10.21 0.0
3.071 5.558 46.03 179.12 171.31 176.42 0.0236
0 0 0 0 0 0 0
-0.085 0.607 40.78 -7.85 4.6 -7.07 0.0
4.172 4.788 45.3 172.88 180.83 183.3 0.0243
0 0 0 0 0 0 0
0.066 -1.152 44.55 -13.16 -19.59 -26.24 0.0
5.099 3.785 49.93 166.12 162.22 175.31 0.0294
0 0 0 0 0 0 0
-0.114 0.014 39.8 3.33 -9.09 1.98 0.0
4.427 4.553 44.68 162.82 163.82 165.23 0.0265
0 0 0 0 0 0 0
-0.46 0.531 42.72 -10.4 -11.51 18.12 0.0
4.038 4.901 47.42 186.49 176.95 186.91 0.0258
0 0 0 0 0 0 0
-0.314 0.136 39.19 -8.59 -10.52 5.5 0.0
4.257 4.712 44.01 176.32 186.64 177.02 0.0264
0 0 0 0 0 0 0
-0.674 -0.861 35.63 -14.72 7.5 0.89 0.0
4.633 4.343 41.23 178.11 167.57 180.36 0.0302
0 0 0 0 0 0 0
-0.039 0.091 39.05 -2.65 2.03 -17.22 0.0
4.468 4.512 43.79 184.48 165.27 180.21 0.0257
0 0 0 0 0 0 0
-0.745 -0.548 43.44 -7.03 15.66 -0.15 0.0
4.391 4.587 48.81 181.09 182.73 178.17 0.0295
0 0 0 0 0 0 0
-1.317 0.041 40.86 21.96 3.1 1.18 0.0
3.782 5.101 46.23 166.43 161.66 185.52 0.0295
0 0 0 0 0 0 0
1.17 -0.814 38.87 -9.32 -22.18 12.57 0.0
5.412 3.321 43.29 178.78 174.51 174.57 0.0244
0 0 0 0 0 0 0
-0.898 -0.37 40.11 4.36 12.19 10.61 0.0
4.17 4.789 45.66 172.6 176.75 171.64 0.0298
0 0 0 0 0 0 0
0.047 0.041 40.5 5.54 3.11 5.24 0.0
4.496 4.484 45.3 174.18 184.44 176.29 0.026
0 0 0 0 0 0 0
-0.016 -0.04 39.79 0.69 -6.7 -11.97 0.0
4.453 4.527 44.61 158.35 160.83 167.74 0.0268
0 0 0 0 0 0 0
1.336 -0.114 44.6 -7.69 2.52 9.71 0.0
5.113 3.767 48.68 175.34 176.34 172.0 0.0225
0 0 0 0 0 0 0
-0.698 1.098 40.7 14.59 1.56 -16.57 0.0
3.487 5.307 45.18 176.83 168.04 179.82 0.0246
0 0 0 0 0 0 0
0.005 -0.043 39.25 14.34 7.25 7.58 0.0
4.594 4.384 44.07 167.89 169.44 171.0 0.0263
0 0 0 0 0 0 0
-0.884 -0.598 42.1 -22.74 -11.38 15.82 0.0
4.361 4.616 47.65 191.01 179.5 184.81 0.0306
0 0 0 0 0 0 0
-0.314 -0.672 41.3 20.82 -1.33 -2.28 0.0
4.661 4.313 46.67 183.81 167.68 175.67 0.029
0 0 0 0 0 0 0
0.132 -1.415 39.85 29.34 25.73 -10.78 0.0
5.186 3.664 45.28 170.13 170.39 182.34 0.0293
0 0 0 0 0 0 0
1.096 -0.268 44.73 12.89 -1.46 9.04 0.0
5.113 3.765 49.04 183.01 179.09 173.26 0.0238
0 0 0 0 0 0 0
1.007 0.636 39.49 -7.98 9.81 -21.2 0.0
4.685 4.286 43.4 155.86 172.22 180.61 0.0218
0 0 0 0 0 0 0
0.118 0.285 36.31 -9.01 29.69 11.35 0.0
4.365 4.612 40.79 159.38 170.41 167.05 0.0246
0 0 0 0 0 0 0
-0.921 0.346 44.45 7.32 3.58 -13.86 0.0
3.788 5.097 49.39 186.81 173.14 167.34 0.0273
0 0 0 0 0 0 0
-0.282 -0.035 43.58 8.26 15.76 -9.72 0.0
4.36 4.617 48.49 167.22 156.29 176.46 0.0272
0 0 0 0 0 0 0
0.623 -0.076 36.11 -4.28 6.45 4.46 0.0
4.829 4.124 40.58 172.94 167.75 168.6 0.0244
0 0 0 0 0 0 0
-0.903 0.045 42.69 13.99 21.4 -3.0 0.0
4.012 4.922 47.81 172.03 172.64 174.41 0.0282
0 0 0 0 0 0 0
0.732 0.785 39.41 -16.14 3.14 8.94 0.0
4.481 4.499 43.41 171.22 170.08 166.95 0.0219
0 0 0 0 0 0 0
1.431 -0.479 44.75 8.35 10.53 -28.07 0.0
5.347 3.426 48.88 174.33 180.46 168.29 0.023
0 0 0 0 0 0 0
0.938 -0.779 41.69 -2.43 -20.55 9.63 0.0
5.299 3.499 46.24 167.83 179.71 175.97 0.0253
0 0 0 0 0 0 0
0.007 1.129 37.75 -7.1 -22.72 -13.62 0.0
3.842 5.056 41.89 183.8 169.95 167.68 0.0223
0 0 0 0 0 0 0
-1.356 -0.987 38.91 1.93 0.06 4.62 0.0
4.262 4.707 45.07 186.4 167.36 160.59 0.0327
0 0 0 0 0 0 0
0.128 1.547 43.28 16.41 21.4 -5.45 0.0
3.721 5.146 47.1 167.84 162.04 173.76 0.0212
0 0 0 0 0 0 0
0.036 0.326 40.93 11.05 -6.91 3.47 0.0
4.345 4.631 45.52 177.68 165.19 179.01 0.0254
0 0 0 0 0 0 0
0.948 1.211 36.1 -14.76 2.08 4.54 0.0
4.324 4.651 39.69 166.8 188.71 171.28 0.0198
0 0 0 0 0 0 0
1.029 -1.618 35.73 1.47 -19.13 -5.85 0.0
5.634 2.929 40.63 170.13 171.38 183.77 0.0265
0 0 0 0 0 0 0
0.282 -0.869 38.91 -4.26 -5.16 -14.43 0.0
5.005 3.908 43.95 175.07 179.65 182.12 0.0276
0 0 0 0 0 0 0
-1.284 -1.123 38.26 15.67 -3.68 23.29 0.0
4.396 4.583 44.32 174.3 188.16 176.6 0.0324
0 0 0 0 0 0 0
-1.513 0.815 40.34 -15.86 -3.7 14.88 0.0
3.111 5.536 45.34 188.57 186.74 183.38 0.027
0 0 0 0 0 0 0
-1.378 -1.308 38.25 10.26 10.18 -28.92 0.0
4.479 4.501 44.42 151.56 172.31 183.08 0.0337
0 0 0 0 0 0 0
-0.065 -1.976 37.84 -19.54 -0.18 14.14 0.0
5.331 3.45 43.69 161.88 182.9 177.56 0.0313
0 0 0 0 0 0 0
1.212 0.789 39.02 8.0 -10.27 -8.42 0.0
4.706 4.263 42.75 192.24 176.22 174.83 0.0202
0 0 0 0 0 0 0
-0.617 -0.283 41.29 37.19 -9.75 -6.65 0.0
4.393 4.585 46.63 173.16 188.49 161.73 0.0289
0 0 0 0 0 0 0
1.635 -0.935 38.73 -12.64 -8.98 4.47 0.0
5.58 3.03 42.97 163.26 170.87 165.2 0.0231
0 0 0 0 0 0 0
-1.62 -1.023 42.71 3.01 15.85 14.25 0.0
4.205 4.759 48.98 160.09 176.22 159.6 0.0339
0 0 0 0 0 0 0
0.355 1.011 42.29 -0.47 -2.59 -3.83 0.0
4.187 4.774 46.3 152.67 169.25 163.02 0.022
0 0 0 0 0 0 0
-0.178 1.621 38.39 35.71 11.37 -21.24 0.0
3.486 5.308 42.27 179.3 173.32 177.81 0.0212
0 0 0 0 0 0 0
0.472 0.142 44.31 -22.0 9.01 -19.05 0.0
4.675 4.297 48.77 181.39 173.66 171.24 0.0245
0 0 0 0 0 0 0
-0.77 0.719 38.4 -27.49 -6.41 8.25 0.0
3.685 5.172 43.17 168.91 176.26 185.1 0.0256
0 0 0 0 0 0 0
1.362 -0.71 44.87 0.74 15.66 5.71 0.0
5.406 3.331 49.13 167.94 158.95 171.05 0.0238
0 0 0 0 0 0 0
-1.206 -0.688 38.85 -0.15 4.18 -7.71 0.0
4.203 4.76 44.58 177.32 176.93 179.38 0.0309
0 0 0 0 0 0 0
1.903 0.529 42.59 13.87 -21.95 -6.25 0.0
5.154 3.709 45.97 153.1 181.51 186.49 0.0192
0 0 0 0 0 0 0
-0.637 1.64 36.14 10.63 -15.75 2.37 0.0
3.186 5.493 40.09 178.86 176.9 167.81 0.0223
0 0 0 0 0 0 0
-1.223 0.643 37.05 -19.87 -15.16 -3.63 0.0
3.41 5.357 41.99 175.56 183.41 177.6 0.0266
0 0 0 0 0 0 0
-1.316 -0.348 41.79 8.1 17.71 -2.75 0.0
3.923 4.994 47.35 172.98 171.38 185.02 0.0307
0 0 0 0 0 0 0
-0.924 -1.451 43.3 12.49 -5.28 16.18 0.0
4.744 4.221 49.45 174.16 166.12 168.73 0.0328
0 0 0 0 0 0 0
0.013 -0.24 35.96 -3.51 6.96 -17.7 0.0
4.635 4.341 40.9 180.49 173.11 185.4 0.0265
0 0 0 0 0 0 0
-0.025 -0.695 42.3 1.36 -17.73 27.83 0.0
4.851 4.098 47.48 172.68 182.52 176.7 0.0285
0 0 0 0 0 0 0
0.093 -0.047 38.39 -8.0 -3.42 2.22 0.0
4.571 4.408 43.28 162.3 172.53 184.31 0.0261
0 0 0 0 0 0 0
-0.982 -0.204 36.19 -3.86 -5.31 39.89 0.0
4.092 4.856 41.73 179.19 174.88 170.8 0.0294
0 0 0 0 0 0 0
-1.112 -0.579 42.99 4.04 -17.5 4.26 0.0
4.214 4.75 48.51 171.76 172.17 172.23 0.0306
0 0 0 0 0 0 0
-0.525 0.328 39.98 0.32 0.16 -10.61 0.0
4.05 4.891 44.9 186.31 161.87 178.54 0.0266
0 0 0 0 0 0 0
0.842 -0.121 44.38 -6.36 -1.16 -8.32 0.0
4.98 3.941 48.66 179.77 164.31 168.53 0.024
0 0 0 0 0 0 0
0.017 0.002 39.92 -12.0 -5.83 7.76 0.0
4.449 4.531 44.77 172.7 168.15 171.87 0.0261
0 0 0 0 0 0 0
-0.896 -0.086 35.23 -4.42 -9.5 -2.95 0.0
4.095 4.854 40.54 175.2 186.81 156.48 0.0287
0 0 0 0 0 0 0
0.102 -0.116 40.91 8.61 -19.3 19.65 0.0
4.551 4.429 45.6 181.78 179.66 169.95 0.0259
0 0 0 0 0 0 0
0.071 -0.323 43.98 19.79 -8.2 29.41 0.0
4.696 4.275 48.91 172.23 175.36 172.23 0.0269
0 0 0 0 0 0 0
-1.657 -0.953 37.62 10.97 14.58 -4.79 0.0
4.156 4.801 43.85 177.11 193.75 190.03 0.0332
0 0 0 0 0 0 0
-1.231 -0.126 41.83 -22.59 -12.96 0.11 0.0
3.941 4.979 47.43 179.64 176.13 194.8 0.0301
0 0 0 0 0 0 0
0.338 -0.527 38.81 -5.6 -11.53 7.8 0.0
4.895 4.045 43.69 185.03 162.32 186.07 0.0264
0 0 0 0 0 0 0
0.686 0.255 40.5 5.32 16.14 15.74 0.0
4.681 4.291 44.71 185.64 178.66 172.18 0.0232
0 0 0 0 0 0 0
-0.77 -0.36 43.66 -10.16 0.87 28.69 0.0
4.291 4.681 49.08 185.59 182.85 172.17 0.0296
0 0 0 0 0 0 0
-0.241 0.033 36.24 -0.28 22.05 -15.5 0.0
4.3 4.673 41.19 185.2 178.94 185.35 0.0264
0 0 0 0 0 0 0
0.333 0.817 44.63 -9.62 6.02 0.94 0.0
4.235 4.731 48.83 184.42 179.46 162.76 0.0229
0 0 0 0 0 0 0
0.304 1.006 39.67 -6.21 -1.9 -2.7 0.0
4.056 4.886 43.7 170.25 164.12 173.49 0.0222
0 0 0 0 0 0 0
0.276 -0.689 38.12 0.55 -10.08 -3.1 0.0
4.903 4.036 43.09 172.24 173.01 190.51 0.0271
0 0 0 0 0 0 0
-0.961 0.248 44.28 31.33 18.64 22.23 0.0
3.828 5.066 49.28 157.81 178.35 168.9 0.0276
0 0 0 0 0 0 0
0.082 0.093 35.07 14.79 5.53 8.06 0.0
4.431 4.549 39.89 166.86 159.46 177.67 0.0254
0 0 0 0 0 0 0
0.349 -0.999 40.43 -2.09 -17.14 28.09 0.0
5.125 3.749 45.5 165.89 165.41 176.93 0.0278
0 0 0 0 0 0 0
1.577 -0.089 42.29 28.25 14.17 -4.06 0.0
5.307 3.487 46.15 167.02 171.99 178.7 0.0217
0 0 0 0 0 0 0
0.048 0.058 38.91 -1.14 -13.41 7.08 0.0
4.513 4.467 43.77 180.4 166.76 175.28 0.026
0 0 0 0 0 0 0
-0.32 -0.573 38.5 15.96 -6.83 9.08 0.0
4.625 4.351 43.81 178.34 171.07 180.55 0.0286
0 0 0 0 0 0 0
0.172 1.231 40.12 -3.94 -5.15 4.96 0.0
3.94 4.98 44.09 181.53 177.94 183.72 0.0218
0 0 0 0 0 0 0
-1.491 -0.807 38.67 -1.0 -0.39 24.39 0.0
4.177 4.783 44.57 178.42 189.63 152.43 0.0322
0 0 0 0 0 0 0
0.474 1.69 40.56 -5.63 19.01 -3.15 0.0
3.79 5.095 44.14 166.66 158.0 185.6 0.0197
0 0 0 0 0 0 0
0.61 0.479 40.07 -7.12 -5.16 9.06 0.0
4.577 4.402 44.32 183.87 172.72 168.66 0.0233
0 0 0 0 0 0 0
0.648 1.62 43.52 -2.39 3.79 -0.77 0.0
3.94 4.98 47.09 174.09 177.69 171.27 0.0197
0 0 0 0 0 0 0
-0.901 -0.753 37.93 2.72 8.26 3.93 0.0
4.431 4.549 43.62 165.58 167.87 175.53 0.0307
0 0 0 0 0 0 0
-0.445 -1.19 36.23 -5.2 13.66 4.28 0.0
4.795 4.163 41.96 157.38 172.5 158.16 0.0303
0 0 0 0 0 0 0
-0.793 1.799 41.27 2.77 -8.62 -19.59 0.0
3.018 5.587 45.22 170.24 168.29 169.44 0.022
0 0 0 0 0 0 0
-0.626 -0.314 36.04 4.96 -14.69 25.28 0.0
4.236 4.731 41.43 186.68 188.41 164.35 0.0288
0 0 0 0 0 0 0
0.007 0.034 36.76 6.18 3.8 45.76 0.0
4.504 4.476 41.54 163.53 170.35 181.75 0.0258
0 0 0 0 0 0 0
-0.224 -0.607 37.62 -14.9 -12.82 -11.02 0.0
4.694 4.277 42.88 170.45 164.16 179.35 0.0283
0 0 0 0 0 0 0
0.012 -1.452 36.49 -5.95 18.67 4.39 0.0
5.153 3.711 42.02 168.71 173.15 163.26 0.0297
0 0 0 0 0 0 0
1.493 -0.407 37.52 -2.16 -14.28 11.01 0.0
5.348 3.424 41.51 169.58 165.53 180.37 0.0223
0 0 0 0 0 0 0
-0.893 0.538 42.45 -8.08 -7.44 20.79 0.0
3.722 5.145 47.41 163.64 164.41 163.93 0.027
0 0 0 0 0 0 0
-0.877 0.144 37.55 -10.01 7.83 -14.84 0.0
3.906 5.007 42.68 168.32 170.22 178.2 0.0279
0 0 0 0 0 0 0
-0.018 -0.023 39.02 9.37 14.41 15.82 0.0
4.494 4.487 43.79 179.94 183.99 170.27 0.0259
0 0 0 0 0 0 0
-0.966 -0.988 42.01 -16.16 25.47 15.55 0.0
4.53 4.45 47.85 174.02 181.78 181.77 0.0317
0 0 0 0 0 0 0
0.036 -0.029 35.39 -3.56 24.02 -15.5 0.0
4.559 4.42 40.1 186.04 164.23 171.99 0.0257
0 0 0 0 0 0 0
-0.825 -1.006 35.71 -25.77 -3.96 21.43 0.0
4.593 4.385 41.62 161.8 167.99 173.65 0.0308
0 0 0 0 0 0 0
-1.204 -0.803 38.51 -10.41 -12.79 -12.76 0.0
4.266 4.703 44.43 161.12 179.92 163.65 0.0316
0 0 0 0 0 0 0
-1.302 -0.797 35.41 -3.48 -13.0 -11.5 0.0
4.185 4.776 41.42 182.79 174.48 173.32 0.0318
0 0 0 0 0 0 0
1.19 -1.442 39.29 -7.1 -28.53 -3.47 0.0
5.647 2.905 43.99 169.53 176.79 172.83 0.0255
0 0 0 0 0 0 0
0.003 0.001 41.08 9.97 8.26 7.09 0.0
4.519 4.462 45.74 176.93 181.6 174.54 0.026
0 0 0 0 0 0 0
0.059 0.946 38.14 -1.85 -25.78 -0.43 0.0
4.021 4.915 42.27 184.17 159.32 182.53 0.0231
0 0 0 0 0 0 0
-0.111 1.964 35.94 -6.16 -12.49 8.52 0.0
3.279 5.438 39.53 183.48 178.99 167.02 0.0203
0 0 0 0 0 0 0
0.568 1.039 44.17 16.82 0.27 -6.02 0.0
4.266 4.703 48.13 174.54 170.22 171.53 0.0219
0 0 0 0 0 0 0
-1.255 -0.134 35.21 27.95 -9.07 1.52 0.0
3.881 5.027 40.69 159.74 185.7 164.19 0.0295
0 0 0 0 0 0 0
0.265 0.586 41.31 2.27 -42.7 11.25 0.0
4.328 4.647 45.59 176.86 166.27 167.42 0.0238
0 0 0 0 0 0 0
-0.142 0.139 41.94 -3.92 -34.82 -16.14 0.0
4.309 4.665 46.68 176.61 178.82 165.76 0.026
0 0 0 0 0 0 0
1.174 0.838 39.7 14.04 -26.51 8.4 0.0
4.683 4.289 43.4 173.93 167.18 173.02 0.0205
0 0 0 0 0 0 0
0.761 -0.417 41.42 10.9 24.45 19.9 0.0
5.046 3.855 45.95 167.59 163.52 169.18 0.0249
0 0 0 0 0 0 0
0.673 1.665 39.66 -4.63 8.98 -2.88 0.0
3.939 4.981 43.18 178.57 164.04 178.69 0.0196
0 0 0 0 0 0 0
0.19 0.675 44.63 3.94 10.48 -11.51 0.0
4.256 4.713 48.89 179.37 166.13 188.68 0.0238
0 0 0 0 0 0 0
-1.261 0.859 38.93 2.41 10.52 7.91 0.0
3.264 5.447 43.82 176.4 184.04 164.42 0.0264
0 0 0 0 0 0 0
-0.961 -1.146 36.88 34.47 20.0 -23.14 0.0
4.536 4.443 42.83 181.43 182.87 176.28 0.0319
0 0 0 0 0 0 0
-0.408 -0.477 39.72 6.61 -10.64 4.74 0.0
4.508 4.473 45.03 176.44 163.35 162.98 0.0288
0 0 0 0 0 0 0
-1.308 -0.46 39.53 -4.37 -5.4 -3.35 0.0
4.015 4.919 45.24 171.49 182.0 175.97 0.0309
0 0 0 0 0 0 0
-0.261 -0.76 42.23 -4.33 -16.47 19.7 0.0
4.663 4.31 47.65 192.01 196.44 183.39 0.0293
0 0 0 0 0 0 0
0.792 0.872 36.68 -22.06 -17.31 6.96 0.0
4.438 4.542 40.61 161.74 165.66 166.88 0.0216
0 0 0 0 0 0 0
-0.584 0.075 39.66 -10.46 -13.79 2.49 0.0
4.134 4.82 44.73 178.94 183.62 168.24 0.0272
0 0 0 0 0 0 0
1.344 0.159 40.68 -11.61 10.3 14.88 0.0
5.074 3.819 44.61 154.24 168.22 186.84 0.0215
0 0 0 0 0 0 0
-0.411 1.058 36.93 6.44 22.81 -11.87 0.0
3.767 5.112 41.24 181.3 172.77 164.67 0.0238
0 0 0 0 0 0 0
0.054 -0.503 35.05 -10.63 -2.75 19.05 0.0
4.773 4.189 40.14 163.81 168.6 180.66 0.0271
0 0 0 0 0 0 0
-1.269 -0.429 43.38 -0.77 -9.14 7.68 0.0
4.088 4.859 49.08 177.78 179.08 178.02 0.031
0 0 0 0 0 0 0
0.1 -1.462 41.71 -20.39 14.49 10.89 0.0
5.241 3.585 47.16 167.43 176.68 180.66 0.0296
0 0 0 0 0 0 0
-1.063 1.139 38.72 3.25 -22.17 3.85 0.0
3.196 5.487 43.28 173.15 180.98 173.07 0.025
0 0 0 0 0 0 0
-0.43 0.025 43.37 -6.27 -4.59 1.38 0.0
4.312 4.662 48.37 180.88 199.17 182.86 0.0275
0 0 0 0 0 0 0
-0.773 0.153 42.14 18.97 0.4 -12.6 0.0
4.0 4.932 47.18 165.39 176.3 171.11 0.0277
0 0 0 0 0 0 0
1.283 0.883 37.89 -3.1 -0.21 -10.39 0.0
4.635 4.34 41.52 177.95 179.89 173.88 0.0201
0 0 0 0 0 0 0
-0.804 0.271 42.96 -5.53 -10.53 -33.1 0.0
3.921 4.995 47.95 183.77 179.14 178.63 0.0276
0 0 0 0 0 0 0
1.082 -1.055 42.03 12.67 15.85 9.01 0.0
5.455 3.251 46.65 176.8 154.01 182.52 0.0254
0 0 0 0 0 0 0
-0.009 0.184 43.07 -16.99 14.38 0.63 0.0
4.428 4.552 47.73 180.49 170.65 173.79 0.0257
0 0 0 0 0 0 0
0.085 1.239 40.85 -17.98 -8.66 -17.39 0.0
3.908 5.005 44.88 166.26 173.91 188.07 0.0225
0 0 0 0 0 0 0
-0.923 0.36 44.68 -11.68 1.42 -11.85 0.0
3.813 5.078 49.65 174.86 178.38 160.29 0.0275
0 0 0 0 0 0 0
-1.59 -1.032 36.15 -12.98 12.4 15.64 0.0
4.273 4.697 42.36 190.48 176.74 175.06 0.0334
0 0 0 0 0 0 0
0.282 -0.839 40.91 38.83 7.15 8.42 0.0
5.02 3.889 45.9 153.72 177.5 166.11 0.0275
0 0 0 0 0 0 0
-1.218 -0.44 43.96 -11.41 -3.51 2.02 0.0
4.153 4.804 49.65 181.14 151.73 172.28 0.0307
0 0 0 0 0 0 0
0.329 0.074 37.69 -15.11 1.51 -13.8 0.0
4.589 4.389 42.23 175.04 180.72 176.31 0.0247
0 0 0 0 0 0 0
-1.233 -0.22 43.4 -14.73 8.27 3.55 0.0
3.94 4.98 48.99 166.87 171.96 161.6 0.0302
0 0 0 0 0 0 0
-0.202 0.058 39.76 14.87 -19.95 5.41 0.0
4.354 4.622 44.66 158.98 174.11 192.38 0.0266
0 0 0 0 0 0 0
-0.988 -0.565 37.21 9.72 -8.37 9.07 0.0
4.295 4.677 42.83 184.17 165.62 174.85 0.0305
0 0 0 0 0 0 0
-0.699 1.232 42.93 -1.91 -14.59 -0.63 0.0
3.404 5.36 47.25 173.07 178.94 166.45 0.0241
0 0 0 0 0 0 0
0.059 -1.619 39.86 10.96 -7.66 -3.23 0.0
5.189 3.661 45.48 163.18 180.83 179.91 0.0303
0 0 0 0 0 0 0
1.302 0.071 43.78 13.54 17.17 2.26 0.0
5.071 3.822 47.71 177.87 181.9 175.92 0.0218
0 0 0 0 0 0 0
0.026 -0.834 38.39 2.42 0.71 -6.46 0.0
4.864 4.082 43.65 161.13 179.22 172.72 0.0285
0 0 0 0 0 0 0
0.479 -0.535 39.61 -18.39 -7.54 -12.37 0.0
5.01 3.902 44.41 173.61 187.9 176.91 0.0263
0 0 0 0 0 0 0
0.852 1.185 35.32 0.61 -18.78 -0.15 0.0
4.347 4.629 39.0 164.61 167.35 170.88 0.0204
0 0 0 0 0 0 0
0.389 0.316 36.97 7.69 34.2 -12.12 0.0
4.507 4.473 41.35 179.29 161.3 184.83 0.0238
0 0 0 0 0 0 0
-0.14 0.494 39.51 6.76 26.23 -0.37 0.0
4.125 4.828 44.09 160.57 164.63 172.78 0.0252
0 0 0 0 0 0 0
-0.03 1.041 40.73 -14.6 9.15 2.93 0.0
3.878 5.028 44.99 163.58 161.49 182.59 0.0232
0 0 0 0 0 0 0
1.713 -0.353 35.23 4.22 -13.3 -8.63 0.0
5.444 3.27 39.1 164.58 163.35 177.21 0.0212
0 0 0 0 0 0 0
1.558 0.242 35.95 -11.65 7.3 -1.16 0.0
5.074 3.818 39.76 167.0 167.56 161.76 0.0207
0 0 0 0 0 0 0
1.098 1.586 36.85 5.41 7.03 -14.54 0.0
4.241 4.726 40.14 182.39 195.61 177.14 0.0182
0 0 0 0 0 0 0
0.97 0.334 35.66 -18.84 -9.82 -19.7 0.0
4.741 4.224 39.76 181.09 157.18 185.77 0.0224
0 0 0 0 0 0 0
0.152 0.026 39.74 6.77 12.33 -0.62 0.0
4.619 4.357 44.53 182.08 171.65 188.84 0.0256
0 0 0 0 0 0 0
1.597 -0.466 37.17 -18.53 3.28 -5.72 0.0
5.359 3.407 41.22 178.24 168.0 171.44 0.0223
0 0 0 0 0 0 0
-0.739 -0.558 44.44 -10.39 -23.26 -1.72 0.0
4.361 4.616 49.94 184.44 187.08 188.24 0.0301
0 0 0 0 0 0 0
-1.424 1.07 42.19 21.95 -2.35 -11.09 0.0
3.021 5.586 46.94 163.31 173.6 187.61 0.026
0 0 0 0 0 0 0
0.314 0.397 37.8 -14.92 -14.76 17.2 0.0
4.441 4.539 42.33 177.91 189.07 173.86 0.0243
0 0 0 0 0 0 0
-0.029 0.392 36.39 -29.17 -2.63 -11.41 0.0
4.238 4.729 41.02 165.02 184.05 164.75 0.025
0 0 0 0 0 0 0
0.308 -1.056 35.57 -3.9 -3.24 -5.36 0.0
5.126 3.748 40.74 182.01 181.55 170.41 0.0277
0 0 0 0 0 0 0
0.221 -0.589 39.82 5.62 -3.33 -15.27 0.0
4.955 3.971 44.77 177.07 182.74 182.23 0.0271
0 0 0 0 0 0 0
0.522 0.363 36.47 21.11 2.79 15.26 0.0
4.602 4.376 40.8 183.51 179.22 173.83 0.0234
0 0 0 0 0 0 0
0.806 -0.017 44.4 6.63 6.62 -3.58 0.0
4.919 4.016 48.7 180.83 180.6 184.9 0.0238
0 0 0 0 0 0 0
0.124 0.137 44.56 -25.94 -19.66 -21.57 0.0
4.448 4.532 49.15 177.05 169.19 174.95 0.0258
0 0 0 0 0 0 0
-0.553 0.321 40.59 -7.89 4.7 -24.52 0.0
4.06 4.883 45.47 160.62 170.29 184.05 0.0266
0 0 0 0 0 0 0
-0.122 -1.456 40.15 9.65 17.71 1.2 0.0
5.103 3.779 45.77 172.71 179.77 174.18 0.0304
0 0 0 0 0 0 0
-0.285 0.45 43.0 5.84 -4.63 30.4 0.0
4.104 4.846 47.77 161.88 160.28 176.51 0.026
0 0 0 0 0 0 0
-0.288 0.236 39.71 5.26 14.01 7.31 0.0
4.198 4.764 44.54 185.39 149.27 171.86 0.0264
0 0 0 0 0 0 0
-1.703 0.806 39.07 -11.27 -26.33 5.58 0.0
3.135 5.522 44.19 175.15 172.08 182.94 0.0279
0 0 0 0 0 0 0
0.757 -0.46 37.32 -1.12 8.75 15.59 0.0
5.08 3.81 41.88 176.13 187.23 188.57 0.0249
0 0 0 0 0 0 0
0.715 -0.444 37.94 16.34 13.91 -2.03 0.0
5.056 3.843 42.44 175.91 161.32 174.89 0.0249
0 0 0 0 0 0 0
-0.591 0.943 38.55 -1.19 -8.67 -12.07 0.0
3.662 5.188 43.12 183.59 179.15 182.97 0.0246
0 0 0 0 0 0 0
0.129 -1.416 35.2 16.88 -15.38 -21.37 0.0
5.22 3.616 40.7 166.95 166.16 165.45 0.0291
0 0 0 0 0 0 0
-0.582 0.617 38.25 26.29 11.5 24.99 0.0
3.843 5.055 43.02 191.11 163.56 161.31 0.0257
0 0 0 0 0 0 0
-0.278 -0.412 43.42 -15.86 18.46 -16.08 0.0
4.575 4.403 48.49 170.08 177.42 167.36 0.0281
0 0 0 0 0 0 0
-0.056 0.229 37.82 2.73 9.49 11.58 0.0
4.367 4.61 42.53 180.58 154.78 164.68 0.0256
0 0 0 0 0 0 0
-0.773 -1.225 43.29 23.18 -5.09 6.23 0.0
4.711 4.259 49.14 189.87 182.44 170.16 0.032
0 0 0 0 0 0 0
1.386 0.401 35.21 10.63 -7.37 6.0 0.0
4.942 3.987 38.95 177.03 166.23 187.5 0.0208
0 0 0 0 0 0 0
-1.618 0.704 36.23 5.13 6.41 -1.8 0.0
3.149 5.514 41.28 166.61 174.49 170.37 0.0276
0 0 0 0 0 0 0
0.126 1.441 38.31 -27.29 5.77 -14.59 0.0
3.804 5.085 42.22 164.05 180.61 180.94 0.0213
0 0 0 0 0 0 0
-1.69 -0.715 42.86 -19.03 -27.46 -15.36 0.0
3.992 4.939 49.03 170.44 175.25 166.1 0.033
0 0 0 0 0 0 0
-0.963 -1.66 41.65 1.16 10.31 5.97 0.0
4.823 4.131 47.86 157.82 159.83 178.79 0.0333
0 0 0 0 0 0 0
-1.837 0.785 35.94 -1.68 7.95 8.16 0.0
2.931 5.633 41.05 185.18 189.68 178.45 0.0279
0 0 0 0 0 0 0
0.083 0.166 42.95 -0.21 1.59 -1.03 0.0
4.464 4.516 47.61 179.26 176.48 178.03 0.0257
0 0 0 0 0 0 0
-0.051 -0.046 41.02 6.59 -31.3 -13.49 0.0
4.511 4.47 45.85 171.64 171.16 157.38 0.0267
0 0 0 0 0 0 0
-0.774 -1.793 37.72 -8.05 -21.89 3.1 0.0
4.982 3.938 43.9 160.68 170.76 174.16 0.033
0 0 0 0 0 0 0
1.268 0.993 41.85 -7.02 3.68 0.83 0.0
4.647 4.328 45.49 173.43 186.33 182.7 0.0201
0 0 0 0 0 0 0
1.528 -0.435 40.71 -4.5 9.58 4.94 0.0
5.367 3.394 44.73 172.8 162.2 176.38 0.0222
0 0 0 0 0 0 0
1.538 -0.377 36.92 -1.54 -22.28 -17.36 0.0
5.374 3.383 40.94 196.44 158.92 189.95 0.0224
0 0 0 0 0 0 0
-0.347 0.784 43.22 9.2 -0.96 -1.54 0.0
3.883 5.025 47.79 171.81 170.07 172.36 0.025
0 0 0 0 0 0 0
-0.802 0.363 41.23 -3.24 2.61 -1.71 0.0
3.85 5.05 46.23 175.17 174.28 176.57 0.027
0 0 0 0 0 0 0
0.219 -0.391 40.84 8.03 0.72 -12.42 0.0
4.793 4.165 45.75 170.47 164.93 170.62 0.0265
0 0 0 0 0 0 0
-0.276 -0.82 37.47 20.95 -0.53 -12.42 0.0
4.75 4.215 42.82 168.58 169.57 173.67 0.0287
0 0 0 0 0 0 0
0.014 0.07 39.95 24.74 -16.12 2.5 0.0
4.458 4.522 44.69 187.3 179.88 179.1 0.0258
0 0 0 0 0 0 0
0.099 -0.011 40.93 5.81 4.47 8.43 0.0
4.559 4.42 45.72 161.41 173.88 180.09 0.026
0 0 0 0 0 0 0
-1.938 -0.261 36.22 16.61 30.79 -1.9 0.0
3.474 5.315 42.2 178.71 165.55 178.87 0.0318
0 0 0 0 0 0 0
-0.45 0.037 43.58 13.12 3.62 0.7 0.0
4.234 4.733 48.61 166.61 175.49 170.72 0.0277
0 0 0 0 0 0 0
1.353 -0.233 35.81 9.1 -2.64 3.83 0.0
5.195 3.652 39.93 181.88 179.74 156.47 0.0224
0 0 0 0 0 0 0
-0.222 -0.319 38.83 -9.21 5.25 -9.79 0.0
4.544 4.436 43.91 178.79 177.69 165.48 0.0276
0 0 0 0 0 0 0
0.474 -1.58 39.58 -11.04 -3.81 16.9 0.0
5.352 3.418 44.79 160.34 171.07 177.12 0.0282
0 0 0 0 0 0 0
0.297 -0.415 36.89 6.01 16.15 21.67 0.0
4.795 4.163 41.79 181.11 187.15 161.95 0.026
0 0 0 0 0 0 0
0.584 -0.825 41.95 -3.75 23.08 -14.46 0.0
5.189 3.661 46.91 183.33 199.8 181.37 0.0266
0 0 0 0 0 0 0
0.068 1.693 44.77 1.91 2.91 -4.64 0.0
3.576 5.248 48.54 187.11 169.06 176.03 0.0208
0 0 0 0 0 0 0
0.111 -0.121 39.39 5.73 -3.06 -17.7 0.0
4.596 4.382 44.14 183.06 171.98 167.92 0.026
0 0 0 0 0 0 0
-0.405 0.87 35.14 1.24 11.1 -11.2 0.0
3.864 5.039 39.64 184.8 169.9 188.97 0.0242
0 0 0 0 0 0 0
0.789 -0.247 35.89 5.31 28.63 -10.95 0.0
5.032 3.874 40.4 182.24 174.63 190.38 0.0244
0 0 0 0 0 0 0
1.064 0.989 35.76 4.85 14.59 3.49 0.0
4.522 4.458 39.48 175.29 178.78 152.74 0.0203
0 0 0 0 0 0 0
-0.248 -1.583 35.03 12.97 8.0 2.09 0.0
5.137 3.734 40.86 185.08 182.47 166.04 0.0308
0 0 0 0 0 0 0
1.181 0.276 42.32 4.4 6.47 -8.62 0.0
4.899 4.04 46.32 148.32 193.7 182.64 0.0222
0 0 0 0 0 0 0
1.334 -0.293 36.54 -3.25 -12.11 -5.91 0.0
5.222 3.613 40.62 153.2 189.1 161.38 0.0225
0 0 0 0 0 0 0
0.431 -1.334 36.97 1.89 -7.08 -6.91 0.0
5.258 3.56 42.33 163.32 154.84 183.02 0.0284
0 0 0 0 0 0 0
-0.841 -0.967 38.39 -4.74 5.83 12.15 0.0
4.557 4.422 44.14 151.51 171.83 171.33 0.0308
0 0 0 0 0 0 0
-0.04 1.668 36.34 -17.13 -7.84 -14.03 0.0
3.491 5.305 40.15 172.93 180.48 166.83 0.021
0 0 0 0 0 0 0
-0.073 0.7 42.03 -12.54 8.67 -6.84 0.0
4.072 4.873 46.38 179.98 177.37 186.59 0.0242
0 0 0 0 0 0 0
-0.726 -0.645 42.95 4.73 12.58 3.82 0.0
4.398 4.58 48.6 180.89 156.78 169.43 0.0304
0 0 0 0 0 0 0
0.65 0.151 37.8 20.52 -4.44 17.55 0.0
4.787 4.173 42.12 174.91 190.07 178.15 0.0236
0 0 0 0 0 0 0
-0.22 0.744 41.53 22.73 6.12 -10.57 0.0
4.0 4.932 46.03 172.4 178.2 176.5 0.0247
0 0 0 0 0 0 0
-0.24 -0.253 41.91 8.4 7.56 16.22 0.0
4.493 4.488 46.95 165.35 167.75 166.7 0.0275
0 0 0 0 0 0 0
-0.777 0.092 36.23 9.14 -7.47 -9.67 0.0
4.081 4.865 41.35 170.65 178.2 166.93 0.0275
0 0 0 0 0 0 0
-0.175 -1.658 35.33 -26.58 6.95 -12.15 0.0
5.124 3.751 41.02 172.39 170.94 177.61 0.0307
0 0 0 0 0 0 0
0.143 0.266 44.94 -7.1 9.66 -2.98 0.0
4.45 4.53 49.48 173.46 161.14 163.17 0.0252
0 0 0 0 0 0 0
1.241 -0.187 41.15 31.4 -4.13 36.65 0.0
5.167 3.692 45.33 156.96 167.88 175.22 0.0228
0 0 0 0 0 0 0
-0.78 -0.65 40.72 2.69 11.67 -12.27 0.0
4.476 4.504 46.25 168.32 181.79 179.05 0.0302
0 0 0 0 0 0 0
1.497 0.718 40.88 -6.31 -36.81 4.04 0.0
4.828 4.125 44.44 170.01 183.31 198.28 0.0197
0 0 0 0 0 0 0
0.347 1.551 36.2 19.0 6.42 6.93 0.0
3.874 5.032 39.93 160.64 164.78 158.48 0.0204
0 0 0 0 0 0 0
-0.398 0.252 35.25 20.39 -13.94 5.7 0.0
4.142 4.813 40.18 179.91 172.75 186.26 0.026
0 0 0 0 0 0 0
1.426 1.161 39.22 26.0 -10.16 21.0 0.0
4.639 4.336 42.59 186.77 160.89 172.63 0.0188
0 0 0 0 0 0 0
1.6 -0.174 42.5 9.58 -0.8 11.68 0.0
5.319 3.469 46.32 171.78 185.52 160.6 0.0215
0 0 0 0 0 0 0
-0.726 -0.822 36.5 -2.91 21.42 31.0 0.0
4.533 4.448 42.09 179.13 188.34 156.64 0.0301
0 0 0 0 0 0 0
-0.608 0.008 42.43 -1.59 7.43 12.07 0.0
4.189 4.772 47.63 174.01 168.48 192.34 0.0281
0 0 0 0 0 0 0
-1.329 1.348 38.72 -14.17 -1.67 -18.3 0.0
3.002 5.596 43.22 174.14 172.2 173.15 0.0247
0 0 0 0 0 0 0
-1.791 0.672 37.04 -3.68 8.31 -4.2 0.0
3.084 5.551 42.28 157.67 186.85 170.06 0.0282
0 0 0 0 0 0 0
0.006 0.059 43.31 -12.02 -5.52 7.51 0.0
4.445 4.535 48.1 179.35 179.39 172.26 0.0261
0 0 0 0 0 0 0
1.22 -1.075 39.37 4.5 2.97 3.32 0.0
5.458 3.246 43.91 162.19 193.62 168.09 0.0249
0 0 0 0 0 0 0
-1.618 0.845 37.57 11.24 -24.23 14.48 0.0
3.033 5.579 42.61 160.55 159.17 170.8 0.0274
0 0 0 0 0 0 0
-0.558 -0.595 40.69 -12.07 10.66 8.63 0.0
4.448 4.532 46.11 172.2 172.69 174.78 0.0295
0 0 0 0 0 0 0
-0.039 -0.781 36.94 -24.79 4.31 1.99 0.0
4.859 4.088 42.29 168.94 168.83 168.93 0.0283
0 0 0 0 0 0 0
-0.138 0.017 42.65 -4.68 -18.08 -17.03 0.0
4.401 4.578 47.54 182.88 183.72 183.19 0.0268
0 0 0 0 0 0 0
-0.012 -0.65 35.87 -19.19 6.54 3.33 0.0
4.774 4.187 41.06 171.45 178.89 167.9 0.0279
0 0 0 0 0 0 0
-0.061 0.073 44.3 -8.62 11.56 -6.1 0.0
4.474 4.506 49.02 165.0 178.42 189.34 0.0261
0 0 0 0 0 0 0
-0.634 0.817 39.97 -25.69 15.18 1.52 0.0
3.692 5.167 44.59 165.6 171.47 168.9 0.0251
0 0 0 0 0 0 0
-0.332 -0.338 39.59 -28.55 2.07 6.35 0.0
4.483 4.498 44.74 165.1 186.94 166.95 0.0279
0 0 0 0 0 0 0
1.345 -0.763 44.22 -1.63 -0.27 17.36 0.0
5.443 3.271 48.54 169.69 182.52 178.69 0.0243
0 0 0 0 0 0 0
0.189 -1.81 36.27 -11.1 11.95 11.61 0.0
5.37 3.389 41.88 160.94 182.28 162.5 0.0302
0 0 0 0 0 0 0
-1.323 -1.275 39.33 1.27 6.27 -2.07 0.0
4.455 4.525 45.51 181.23 189.9 157.73 0.0334
0 0 0 0 0 0 0
0.331 -1.213 40.49 23.61 -16.23 0.06 0.0
5.197 3.649 45.75 191.45 177.67 164.22 0.0284
0 0 0 0 0 0 0
0.154 -0.679 35.82 -20.82 6.88 21.09 0.0
4.817 4.138 41.01 176.17 171.59 179.03 0.0275
0 0 0 0 0 0 0
0.781 -0.535 40.13 -6.15 -1.62 -3.8 0.0
5.1 3.784 44.73 179.1 186.99 184.75 0.0251
0 0 0 0 0 0 0
0.026 0.036 39.82 -19.54 2.59 -7.63 0.0
4.552 4.427 44.54 176.91 183.15 184.82 0.0262
0 0 0 0 0 0 0
-0.207 0.06 35.43 3.79 9.67 -13.74 0.0
4.275 4.695 40.38 177.16 173.25 189.2 0.0263
0 0 0 0 0 0 0
1.686 -0.219 37.47 -0.71 -19.94 -0.21 0.0
5.372 3.386 41.37 180.98 163.68 190.17 0.0212
0 0 0 0 0 0 0
-1.302 1.475 42.18 28.39 -18.86 10.03 0.0
2.937 5.63 46.58 195.04 178.0 181.9 0.0244
0 0 0 0 0 0 0
-1.037 -0.661 39.24 -2.44 1.77 0.02 0.0
4.305 4.668 45.03 156.31 187.36 167.17 0.0311
0 0 0 0 0 0 0
0.077 0.449 42.56 -21.9 -1.98 -5.33 0.0
4.336 4.64 47.08 173.78 173.11 188.35 0.0247
0 0 0 0 0 0 0
-0.049 0.568 43.54 -14.14 -14.41 -8.98 0.0
4.16 4.798 48.05 173.83 173.06 180.39 0.025
0 0 0 0 0 0 0
1.02 -0.411 35.36 -9.51 -1.53 -3.42 0.0
5.157 3.706 39.81 176.85 151.75 156.84 0.024
0 0 0 0 0 0 0
-0.167 -0.137 42.03 -7.54 -15.87 0.11 0.0
4.444 4.536 46.94 172.53 202.1 193.36 0.027
0 0 0 0 0 0 0
0.332 0.323 35.3 -7.23 -6.51 5.21 0.0
4.577 4.401 39.76 180.1 160.86 160.14 0.0241
0 0 0 0 0 0 0
-0.331 0.944 39.48 17.91 -19.13 5.25 0.0
3.811 5.079 43.85 189.23 149.56 189.76 0.024
0 0 0 0 0 0 0
0.805 1.6 36.77 6.17 0.08 0.32 0.0
4.043 4.897 40.26 177.72 161.34 176.22 0.0191
0 0 0 0 0 0 0
0.084 -0.016 37.92 5.36 31.23 -24.89 0.0
4.539 4.441 42.62 176.31 170.63 173.43 0.0258
0 0 0 0 0 0 0
1.238 0.691 44.78 35.6 -15.27 -7.57 0.0
4.83 4.122 48.43 171.06 166.64 192.39 0.0207
0 0 0 0 0 0 0
-0.414 0.957 37.77 -9.82 4.8 24.07 0.0
3.793 5.093 42.26 169.94 176.92 184.16 0.0242
0 0 0 0 0 0 0
1.152 0.253 44.44 -4.48 11.86 -14.27 0.0
4.902 4.036 48.38 182.59 173.22 165.47 0.0221
0 0 0 0 0 0 0
0.447 0.892 40.62 -12.09 -7.8 8.57 0.0
4.255 4.714 44.64 193.65 172.59 171.58 0.0219
0 0 0 0 0 0 0
-0.106 0.078 41.03 -11.22 14.04 8.0 0.0
4.429 4.551 45.84 141.94 175.94 185.28 0.0264
0 0 0 0 0 0 0
-0.101 -1.268 35.41 -23.76 -14.2 -13.15 0.0
5.004 3.909 40.92 208.84 185.2 176.75 0.0296
0 0 0 0 0 0 0
0.024 -0.002 38.46 1.42 7.93 1.47 0.0
4.489 4.491 43.13 164.69 171.07 177.56 0.0259
0 0 0 0 0 0 0
-1.442 -0.54 42.17 -18.53 11.85 -3.31 0.0
3.942 4.979 47.97 174.46 174.86 188.2 0.032
0 0 0 0 0 0 0
-0.65 -0.168 40.01 -4.29 14.09 9.37 0.0
4.235 4.732 45.24 194.17 160.47 160.49 0.0282
0 0 0 0 0 0 0
-0.061 0.357 40.76 -13.77 -4.39 -25.31 0.0
4.248 4.72 45.41 160.97 173.85 164.0 0.0256
0 0 0 0 0 0 0
0.363 1.772 36.24 0.94 -3.82 -11.73 0.0
3.749 5.126 39.89 175.71 176.37 176.13 0.0197
0 0 0 0 0 0 0
0.381 1.184 38.98 -20.57 4.79 -0.22 0.0
4.06 4.883 42.87 167.91 178.77 170.48 0.0216
0 0 0 0 0 0 0
1.204 -1.307 43.71 11.91 25.36 -0.69 0.0
5.573 3.045 48.33 174.04 180.49 170.87 0.0257
0 0 0 0 0 0 0
-1.091 -0.111 38.47 -1.53 7.42 13.68 0.0
4.015 4.92 43.95 192.6 165.47 179.64 0.0291
0 0 0 0 0 0 0
-0.291 0.404 36.3 -16.99 -15.2 11.09 0.0
4.065 4.878 41.02 164.13 175.95 170.47 0.0255
0 0 0 0 0 0 0
-1.337 0.45 38.4 7.13 -17.49 -10.11 0.0
3.565 5.255 43.49 177.87 177.37 189.4 0.0278
0 0 0 0 0 0 0
-0.094 0.041 42.57 5.15 5.24 3.83 0.0
4.408 4.571 47.45 186.98 167.37 193.92 0.0263
0 0 0 0 0 0 0
0.842 1.208 40.17 -6.1 20.84 9.69 0.0
4.28 4.691 43.82 178.37 165.64 174.89 0.02
0 0 0 0 0 0 0
-0.212 -0.301 39.5 15.9 22.87 2.7 0.0
4.558 4.421 44.52 165.23 172.03 169.29 0.0276
0 0 0 0 0 0 0
-0.891 -0.903 37.69 6.17 -25.74 12.46 0.0
4.487 4.493 43.5 181.99 178.32 169.18 0.0312
0 0 0 0 0 0 0
0.144 1.438 41.02 4.76 -1.51 -23.06 0.0
3.781 5.101 44.9 179.61 167.78 165.94 0.0215
0 0 0 0 0 0 0
0.554 -1.799 43.31 2.92 -8.93 14.15 0.0
5.495 3.183 48.58 188.77 158.31 182.28 0.0288
0 0 0 0 0 0 0
-0.752 -0.296 38.9 0.66 8.87 0.39 0.0
4.284 4.688 44.27 162.8 162.71 180.59 0.0294
0 0 0 0 0 0 0
0.297 0.379 44.26 7.02 33.35 -0.98 0.0
4.467 4.514 48.73 176.23 173.12 170.14 0.0245
0 0 0 0 0 0 0
-0.159 -0.186 41.01 11.42 -4.44 -25.33 0.0
4.517 4.463 45.91 181.61 176.15 169.14 0.0272
0 0 0 0 0 0 0
-0.7 -0.542 40.44 -19.43 9.63 -17.49 0.0
4.454 4.526 45.95 163.83 174.95 172.21 0.0297
0 0 0 0 0 0 0
-0.479 0.416 42.5 13.83 -6.4 9.95 0.0
4.024 4.912 47.35 164.11 185.82 182.15 0.0261
0 0 0 0 0 0 0
-1.005 0.951 42.29 10.09 -21.39 25.19 0.0
3.494 5.303 47.12 173.12 178.98 168.25 0.0263
0 0 0 0 0 0 0
-0.794 -1.767 42.07 -18.0 5.57 14.79 0.0
4.97 3.953 48.27 174.77 168.08 182.41 0.0338
0 0 0 0 0 0 0
1.056 1.062 41.61 5.11 18.93 -3.94 0.0
4.502 4.479 45.17 172.4 175.11 187.26 0.0201
0 0 0 0 0 0 0
-1.323 -0.623 37.63 -1.83 -28.16 -9.83 0.0
4.098 4.851 43.57 170.36 163.99 175.05 0.0319
0 0 0 0 0 0 0
-1.55 0.158 42.36 1.01 2.74 -3.39 0.0
3.563 5.256 47.88 175.94 166.13 184.45 0.0298
0 0 0 0 0 0 0
0.212 0.905 40.08 -4.84 1.03 -9.82 0.0
4.144 4.812 44.28 186.82 176.2 176.29 0.0231
0 0 0 0 0 0 0
-0.684 -0.974 35.86 -22.29 13.58 -12.38 0.0
4.596 4.382 41.58 178.41 161.86 178.25 0.0307
0 0 0 0 0 0 0
-1.435 -1.04 38.65 -13.25 -12.76 -0.94 0.0
4.287 4.685 44.79 180.14 178.46 165.11 0.0329
0 0 0 0 0 0 0
0.88 -0.266 39.49 -7.82 -12.47 -18.73 0.0
5.028 3.879 43.9 170.99 167.52 175.28 0.024
0 0 0 0 0 0 0
0.016 0.011 41.9 7.28 -1.24 -18.79 0.0
4.477 4.504 46.64 172.33 166.62 180.83 0.026
0 0 0 0 0 0 0
-0.105 -0.1 37.8 -16.86 -9.48 15.5 0.0
4.484 4.497 42.68 165.2 179.26 163.42 0.0263
0 0 0 0 0 0 0
0.859 -0.005 41.19 10.34 14.53 -6.01 0.0
4.961 3.963 45.43 174.49 165.43 189.12 0.0233
0 0 0 0 0 0 0
-0.336 -0.088 42.95 13.38 0.29 -0.74 0.0
4.392 4.586 47.98 176.0 169.45 170.95 0.0277
0 0 0 0 0 0 0
-0.475 1.677 36.48 15.54 -8.36 10.81 0.0
3.241 5.461 40.39 175.81 160.78 161.85 0.0217
0 0 0 0 0 0 0
0.308 0.371 36.21 -1.52 -0.19 8.0 0.0
4.473 4.508 40.62 160.82 172.84 178.2 0.0239
0 0 0 0 0 0 0
-0.215 0.356 40.96 -7.07 14.09 -15.46 0.0
4.183 4.778 45.62 195.01 182.67 172.41 0.0256
0 0 0 0 0 0 0
-0.543 1.051 36.64 -11.26 -1.71 1.74 0.0
3.639 5.204 41.16 175.75 172.85 176.48 0.0244
0 0 0 0 0 0 0
-0.66 -1.661 38.75 27.53 -14.9 -8.46 0.0
4.961 3.964 44.77 183.27 181.5 150.05 0.0326
0 0 0 0 0 0 0
-0.762 0.003 37.29 -17.83 20.38 7.55 0.0
4.106 4.844 42.49 155.88 157.92 158.15 0.0278
0 0 0 0 0 0 0
-0.353 0.413 40.9 12.94 3.35 -25.75 0.0
4.083 4.863 45.75 176.49 170.33 178.45 0.026
0 0 0 0 0 0 0
1.187 -0.084 40.79 -0.53 -8.02 22.23 0.0
5.032 3.873 44.84 174.42 171.3 172.79 0.0225
0 0 0 0 0 0 0
0.882 0.509 37.38 -0.25 21.55 -16.98 0.0
4.69 4.281 41.36 175.03 173.82 179.73 0.022
0 0 0 0 0 0 0
0.058 1.816 35.2 18.68 9.42 -13.4 0.0
3.572 5.25 38.8 178.2 187.63 182.47 0.0199
0 0 0 0 0 0 0
1.417 1.03 43.1 -9.01 0.58 8.74 0.0
4.662 4.311 46.65 174.71 180.41 171.59 0.0195
0 0 0 0 0 0 0
0.014 0.45 35.37 2.4 5.63 -9.51 0.0
4.224 4.742 39.9 192.58 175.28 187.7 0.0245
0 0 0 0 0 0 0
-0.722 0.096 36.96 21.64 -6.63 15.85 0.0
4.053 4.889 42.11 170.27 165.41 173.95 0.0278
0 0 0 0 0 0 0
-0.675 0.368 41.84 0.19 2.9 15.89 0.0
3.934 4.985 46.72 169.39 169.15 179.52 0.0265
0 0 0 0 0 0 0
0.306 -0.387 36.07 -2.06 -13.71 -30.94 0.0
4.865 4.082 40.92 185.5 189.34 185.65 0.0263
0 0 0 0 0 0 0
-0.751 0.466 40.01 4.32 16.34 23.1 0.0
3.842 5.056 44.86 177.56 182.5 167.63 0.0264
0 0 0 0 0 0 0
0.849 -1.126 41.28 -2.11 -5.14 11.75 0.0
5.354 3.414 46.04 176.61 177.52 179.33 0.0263
0 0 0 0 0 0 0
0.526 -1.172 37.41 -1.41 14.2 7.99 0.0
5.26 3.557 42.43 174.9 175.28 186.35 0.0272
0 0 0 0 0 0 0
-1.093 1.475 43.9 -18.13 7.94 -4.18 0.0
3.024 5.584 48.31 173.36 170.72 180.2 0.0244
0 0 0 0 0 0 0
-0.014 0.038 35.88 -12.28 -16.26 -1.71 0.0
4.419 4.56 40.78 180.37 180.22 185.88 0.0259
0 0 0 0 0 0 0
0.969 0.843 35.51 -10.9 -18.57 -10.33 0.0
4.558 4.421 39.27 168.11 173.0 177.76 0.0208
0 0 0 0 0 0 0
-0.435 -0.515 44.5 -3.83 11.77 9.22 0.0
4.506 4.474 49.87 175.47 176.6 173.14 0.029
0 0 0 0 0 0 0
-1.287 -0.465 40.2 -14.5 -13.58 -30.12 0.0
4.045 4.895 45.88 183.88 177.93 168.36 0.031
0 0 0 0 0 0 0
0.246 0.083 39.11 -2.39 -16.1 -6.0 0.0
4.612 4.365 43.7 165.05 178.08 175.83 0.025
0 0 0 0 0 0 0
-0.016 0.077 38.56 -23.98 -11.06 -23.35 0.0
4.439 4.541 43.41 173.74 177.86 162.61 0.0265
0 0 0 0 0 0 0
-0.823 -1.307 40.47 35.06 2.61 -20.99 0.0
4.71 4.259 46.43 165.62 181.02 159.21 0.032
0 0 0 0 0 0 0
-1.23 -0.839 40.97 -17.77 4.15 -9.52 0.0
4.195 4.768 46.98 152.28 162.29 184.36 0.0324
0 0 0 0 0 0 0
1.045 1.214 43.57 -1.44 2.35 15.49 0.0
4.438 4.542 47.15 158.34 186.97 183.82 0.0204
0 0 0 0 0 0 0
-1.27 1.117 43.12 10.75 2.42 0.63 0.0
3.152 5.513 47.77 176.98 177.89 177.79 0.0255
0 0 0 0 0 0 0
1.42 -1.238 41.44 -14.45 -13.28 19.89 0.0
5.628 2.941 45.97 170.42 171.51 168.02 0.0248
0 0 0 0 0 0 0
-0.455 -0.796 43.99 9.25 -6.15 8.44 0.0
4.651 4.324 49.54 175.02 159.69 184.06 0.0298
0 0 0 0 0 0 0
0.04 0.73 42.98 -1.84 13.58 -13.75 0.0
4.172 4.787 47.3 168.5 175.61 165.62 0.0238
0 0 0 0 0 0 0
-0.073 -0.135 38.63 1.62 -11.42 2.74 0.0
4.474 4.507 43.52 186.54 177.92 166.93 0.0267
0 0 0 0 0 0 0
1.657 -0.781 44.99 5.56 13.8 -3.6 0.0
5.532 3.118 49.21 176.14 179.49 182.24 0.023
0 0 0 0 0 0 0
-0.048 0.011 40.96 2.93 -13.75 6.26 0.0
4.503 4.478 45.76 178.37 177.48 165.41 0.0264
0 0 0 0 0 0 0
1.239 -0.584 35.92 1.64 -3.75 1.06 0.0
5.308 3.485 40.31 179.55 168.38 177.03 0.0236
0 0 0 0 0 0 0
-0.76 0.182 38.1 -29.7 -9.74 1.43 0.0
3.901 5.011 43.21 177.31 165.79 196.47 0.0273
0 0 0 0 0 0 0
0.024 0.013 42.84 10.74 2.97 9.48 0.0
4.462 4.519 47.64 185.16 167.32 167.44 0.0258
0 0 0 0 0 0 0
-1.161 0.105 40.95 4.2 5.02 -11.68 0.0
3.799 5.089 46.26 161.16 167.74 170.78 0.0289
0 0 0 0 0 0 0
1.315 0.546 43.66 14.63 4.82 10.15 0.0
4.836 4.116 47.48 162.8 189.96 157.52 0.0209
0 0 0 0 0 0 0
1.262 0.464 40.74 -6.28 25.04 -11.65 0.0
4.875 4.069 44.53 164.87 172.72 172.63 0.0213
0 0 0 0 0 0 0
-0.758 -1.138 42.94 -17.41 1.46 4.44 0.0
4.687 4.284 48.76 161.84 177.46 173.94 0.0317
0 0 0 0 0 0 0
0.176 -1.499 42.94 -25.79 -14.22 2.48 0.0
5.25 3.572 48.36 173.78 173.67 179.16 0.0297
0 0 0 0 0 0 0
0.34 -0.222 42.49 4.38 -7.52 -10.26 0.0
4.781 4.179 47.16 185.83 193.48 158.49 0.0256
0 0 0 0 0 0 0
-0.016 0.022 41.84 3.68 -28.75 2.2 0.0
4.418 4.561 46.66 177.49 176.09 167.15 0.0262
0 0 0 0 0 0 0
-0.248 0.696 39.69 -2.52 16.83 15.63 0.0
3.99 4.94 44.33 170.97 157.93 182.33 0.025
0 0 0 0 0 0 0
-0.035 0.019 42.43 -6.58 10.78 3.56 0.0
4.419 4.56 47.21 150.99 187.31 163.22 0.0261
0 0 0 0 0 0 0
0.086 0.824 44.98 -16.03 5.54 19.56 0.0
3.999 4.933 49.18 164.27 167.38 177.28 0.0233
0 0 0 0 0 0 0
-0.178 -0.04 43.32 40.53 5.13 -17.81 0.0
4.415 4.564 48.31 176.68 192.52 186.4 0.027
0 0 0 0 0 0 0
1.235 0.438 35.66 5.63 11.72 -13.19 0.0
4.843 4.108 39.56 180.35 178.3 187.73 0.0211
0 0 0 0 0 0 0
-0.678 -0.651 38.65 -1.53 -17.72 -1.99 0.0
4.523 4.458 44.26 182.07 168.44 178.65 0.0302
0 0 0 0 0 0 0
0.011 -0.507 43.54 9.38 28.23 -1.2 0.0
4.767 4.195 48.58 175.29 163.35 179.32 0.0272
0 0 0 0 0 0 0
0.839 -1.79 36.37 5.0 -3.19 3.91 0.0
5.621 2.954 41.36 177.47 177.78 184.04 0.0274
0 0 0 0 0 0 0
0.92 1.12 41.18 -18.24 11.64 1.77 0.0
4.362 4.615 44.85 180.82 177.97 157.79 0.0204
0 0 0 0 0 0 0
-0.047 -1.401 40.04 -8.54 10.23 9.11 0.0
5.105 3.777 45.6 171.94 158.92 171.65 0.0301
0 0 0 0 0 0 0
0.486 0.262 35.83 3.59 4.74 1.66 0.0
4.557 4.422 40.26 176.88 157.5 170.9 0.0237
0 0 0 0 0 0 0
0.494 -0.653 44.38 11.1 -12.69 -0.92 0.0
5.041 3.861 49.19 160.32 172.41 178.35 0.0265
0 0 0 0 0 0 0
1.44 -0.738 40.43 17.9 21.96 0.11 0.0
5.415 3.317 44.74 184.61 176.87 172.72 0.0237
0 0 0 0 0 0 0
0.22 0.269 40.38 -16.18 -4.55 -2.77 0.0
4.432 4.548 44.91 160.48 181.2 180.8 0.0247
0 0 0 0 0 0 0
0.462 -1.273 37.14 1.31 -1.96 -12.35 0.0
5.302 3.494 42.3 175.26 185.92 182.45 0.028
0 0 0 0 0 0 0
0.677 -1.386 39.13 9.07 -11.74 -0.4 0.0
5.443 3.27 44.1 178.12 175.18 163.88 0.027
0 0 0 0 0 0 0
1.613 0.648 42.81 6.5 -3.0 -17.46 0.0
4.953 3.975 46.31 180.93 182.61 163.73 0.0196
0 0 0 0 0 0 0
-1.097 0.71 44.08 -1.22 -3.75 -1.0 0.0
3.557 5.261 48.9 173.71 169.52 195.24 0.0267
0 0 0 0 0 0 0
-0.164 0.24 37.32 3.46 8.29 6.07 0.0
4.252 4.717 42.0 185.06 176.15 181.07 0.0255
0 0 0 0 0 0 0
-1.147 0.867 42.49 19.85 -11.71 -3.34 0.0
3.304 5.423 47.19 168.05 179.47 174.89 0.0258
0 0 0 0 0 0 0
0.43 -0.754 43.45 16.94 0.43 3.35 0.0
5.058 3.84 48.23 162.75 181.32 172.02 0.0266
0 0 0 0 0 0 0
-1.135 -1.372 43.19 -2.11 14.11 5.42 0.0
4.646 4.329 49.28 182.83 167.91 168.81 0.0333
0 0 0 0 0 0 0
0.377 0.125 38.99 6.36 -5.06 16.54 0.0
4.581 4.397 43.6 172.84 179.33 171.11 0.0248
0 0 0 0 0 0 0
-0.799 -0.408 40.13 10.84 7.54 14.12 0.0
4.337 4.638 45.6 167.58 183.32 167.35 0.0296
0 0 0 0 0 0 0
-0.822 -1.68 43.97 6.75 -13.13 -11.02 0.0
4.905 4.033 49.99 166.33 175.26 153.89 0.0328
0 0 0 0 0 0 0
-0.587 0.003 43.1 -4.47 -9.82 -1.15 0.0
4.178 4.782 48.22 177.34 177.7 161.69 0.0282
0 0 0 0 0 0 0
-0.039 -0.146 41.09 2.09 -16.77 11.24 0.0
4.533 4.447 45.97 165.57 177.2 177.27 0.0269
0 0 0 0 0 0 0
1.317 1.193 35.93 -7.02 -16.45 3.67 0.0
4.565 4.414 39.38 192.31 187.3 165.75 0.019
0 0 0 0 0 0 0
-0.929 -0.073 39.57 3.93 16.28 13.02 0.0
4.069 4.875 44.98 166.14 178.82 183.24 0.0289
0 0 0 0 0 0 0
-0.414 1.038 40.97 -17.66 0.52 -1.33 0.0
3.737 5.134 45.39 164.47 171.08 170.78 0.0242
0 0 0 0 0 0 0
-0.016 -0.006 36.22 7.72 9.14 4.72 0.0
4.432 4.547 41.09 175.0 160.07 168.49 0.0259
0 0 0 0 0 0 0
-0.011 -0.015 40.48 -9.57 -13.51 -5.35 0.0
4.457 4.523 45.28 181.4 170.99 178.23 0.026
0 0 0 0 0 0 0
0.133 0.057 38.09 3.62 -13.79 5.11 0.0
4.513 4.467 42.76 175.84 173.47 189.27 0.0254
0 0 0 0 0 0 0
-0.321 -0.49 42.39 22.13 1.57 15.84 0.0
4.541 4.439 47.6 180.67 180.72 179.53 0.0284
0 0 0 0 0 0 0
-0.247 0.05 40.36 0.92 -4.53 8.57 0.0
4.277 4.694 45.31 177.01 188.83 185.84 0.0267
0 0 0 0 0 0 0
0.729 0.173 38.81 4.43 9.36 19.97 0.0
4.702 4.268 43.18 161.14 169.94 162.08 0.0236
0 0 0 0 0 0 0
-0.384 0.531 37.31 15.32 11.12 -0.18 0.0
4.005 4.928 41.94 157.55 174.56 162.05 0.0251
0 0 0 0 0 0 0
1.018 -1.165 35.95 -5.74 -5.04 -3.64 0.0
5.453 3.253 40.72 181.37 178.74 174.91 0.0258
0 0 0 0 0 0 0
1.07 -1.417 39.48 -22.59 6.7 -13.31 0.0
5.546 3.093 44.31 172.22 191.8 181.79 0.0263
0 0 0 0 0 0 0
1.353 -0.926 41.2 29.72 -13.99 -26.26 0.0
5.513 3.151 45.49 170.01 171.02 172.8 0.0239
0 0 0 0 0 0 0
-0.192 0.74 35.34 -6.2 -21.14 -0.04 0.0
3.973 4.954 39.75 193.5 172.72 167.02 0.024
0 0 0 0 0 0 0
1.049 -0.553 38.46 -17.87 -22.18 -10.49 0.0
5.25 3.573 42.8 172.41 184.01 151.75 0.0241
0 0 0 0 0 0 0
0.149 -0.097 44.16 12.55 3.36 -4.24 0.0
4.63 4.346 48.82 181.81 183.57 158.48 0.0258
0 0 0 0 0 0 0
0.479 -1.518 39.28 10.54 -18.82 -16.16 0.0
5.43 3.293 44.43 191.25 173.3 184.72 0.0281
0 0 0 0 0 0 0
0.216 -0.773 44.55 3.64 14.51 -22.89 0.0
4.966 3.958 49.53 157.9 161.08 171.93 0.0276
0 0 0 0 0 0 0
-1.176 -1.358 43.25 -3.24 -6.33 16.78 0.0
4.608 4.369 49.56 177.62 171.8 180.78 0.0339
0 0 0 0 0 0 0
-0.605 -0.661 41.1 15.33 -2.74 5.06 0.0
4.506 4.474 46.64 167.23 170.23 175.91 0.0297
0 0 0 0 0 0 0
-0.061 -0.122 43.99 4.51 -4.2 -0.57 0.0
4.532 4.448 48.9 163.13 173.22 173.38 0.0268
0 0 0 0 0 0 0
-0.085 -0.048 41.19 -2.8 -8.24 2.19 0.0
4.423 4.556 46.06 175.46 165.83 178.43 0.0265
0 0 0 0 0 0 0
-0.293 -0.2 44.87 -1.74 1.7 -16.1 0.0
4.445 4.535 49.9 164.3 170.82 165.11 0.0276
0 0 0 0 0 0 0
