VARIABLES = "X","Y","ND","D","U","V","W","TTR","TRT","TVB","TOV","MA","MC","MCT","MFP","SOF","FSP","ANG","P"
   0.20952E-02   0.58065E-03   0.82711E+22   0.55003E-04   0.16393E+02  -0.32956E+00   0.31978E-01   0.42177E+01   0.00000E+00   0.00000E+00   0.42177E+01   0.13573E+00   0.17864E+02   0.17159E-05   0.25622E-03   0.68018E+00   0.16396E+02  -0.11517E+01   0.48162E+00
   0.44286E-02   0.58065E-03   0.78692E+22   0.52330E-04   0.17174E+02  -0.17366E-02   0.12780E+00   0.39930E+01   0.00000E+00   0.00000E+00   0.39930E+01   0.14611E+00   0.19094E+02   0.18204E-05   0.26449E-03   0.68327E+00   0.17174E+02  -0.57937E-02   0.43381E+00
   0.69048E-02   0.51613E-03   0.66610E+22   0.44296E-04   0.20347E+02  -0.42916E-01   0.14885E-01   0.39358E+01   0.00000E+00   0.00000E+00   0.39358E+01   0.17435E+00   0.13183E+02   0.21611E-05   0.31173E-03   0.72283E+00   0.20347E+02  -0.12085E+00   0.36194E+00
   0.92381E-02   0.64516E-03   0.57103E+22   0.37974E-04   0.22510E+02   0.41732E-01  -0.20523E-01   0.39330E+01   0.00000E+00   0.00000E+00   0.39330E+01   0.19296E+00   0.18517E+02   0.25094E-05   0.36185E-03   0.55373E+00   0.22510E+02   0.10622E+00   0.31006E+00
   0.13048E-01   0.70968E-03   0.36266E+22   0.24117E-04   0.34699E+02   0.16834E+00   0.11627E+00   0.38771E+01   0.00000E+00   0.00000E+00   0.38771E+01   0.29959E+00   0.13116E+02   0.42976E-05   0.61527E-03   0.38166E+00   0.34699E+02   0.27797E+00   0.19412E+00
   0.19524E-01   0.64516E-03   0.13719E+22   0.91229E-05   0.12303E+02   0.10905E+01  -0.15993E-01   0.39800E+01   0.00000E+00   0.00000E+00   0.39800E+01   0.10525E+00   0.42028E+01   0.10359E-04   0.15027E-02   0.25606E+00   0.12351E+02   0.50652E+01   0.75381E-01
   0.31762E-01   0.10323E-02   0.12531E+22   0.83334E-05   0.68167E+01   0.33478E-01  -0.36604E-01   0.39934E+01   0.00000E+00   0.00000E+00   0.39934E+01   0.57992E-01   0.61694E+01   0.11544E-04   0.16774E-02   0.16654E+00   0.68169E+01   0.28138E+00   0.69088E-01
   0.45381E-01   0.96774E-03   0.11514E+22   0.76565E-05   0.73994E+01  -0.15527E+00  -0.42236E-01   0.39937E+01   0.00000E+00   0.00000E+00   0.39937E+01   0.62961E-01   0.97070E+01   0.12551E-04   0.18237E-02   0.21319E+00   0.74012E+01  -0.12021E+01   0.63481E-01
   0.59286E-01   0.96774E-03   0.10038E+22   0.66753E-05   0.13504E+02  -0.13310E+01   0.88953E-01   0.39963E+01   0.00000E+00   0.00000E+00   0.39963E+01   0.11540E+00   0.66640E+01   0.14196E-04   0.20635E-02   0.20906E+00   0.13570E+02  -0.56291E+01   0.55383E-01
   0.14286E-02   0.11104E-02   0.82286E+22   0.54720E-04   0.10674E+02  -0.97440E+00  -0.67701E-01   0.43502E+01   0.00000E+00   0.00000E+00   0.43502E+01   0.87364E-01   0.23638E+02   0.17151E-05   0.26010E-03   0.47180E+00   0.10718E+02  -0.52160E+01   0.49420E+00
   0.25238E-02   0.12285E-02   0.85352E+22   0.56759E-04   0.99271E+01   0.16564E-01   0.85781E-01   0.41032E+01   0.00000E+00   0.00000E+00   0.41032E+01   0.83317E-01   0.42635E+02   0.16850E-05   0.24817E-03   0.42992E+00   0.99275E+01   0.95599E-01   0.48351E+00
   0.40952E-02   0.12978E-02   0.80661E+22   0.53639E-04   0.10286E+02   0.14245E+00  -0.16353E+00   0.40163E+01   0.00000E+00   0.00000E+00   0.40163E+01   0.87275E-01   0.34569E+02   0.17982E-05   0.26202E-03   0.41659E+00   0.10288E+02   0.79341E+00   0.44726E+00
   0.51905E-02   0.11258E-02   0.75784E+22   0.50396E-04   0.11733E+02   0.15325E+00  -0.13179E+00   0.39890E+01   0.00000E+00   0.00000E+00   0.39890E+01   0.99884E-01   0.24972E+02   0.19314E-05   0.28049E-03   0.47812E+00   0.11735E+02   0.74832E+00   0.41736E+00
   0.61429E-02   0.10968E-02   0.71937E+22   0.47838E-04   0.12866E+02   0.13281E+00   0.17839E+00   0.39796E+01   0.00000E+00   0.00000E+00   0.39796E+01   0.10966E+00   0.27308E+02   0.20320E-05   0.29474E-03   0.45615E+00   0.12868E+02   0.59142E+00   0.39524E+00
   0.72857E-02   0.12619E-02   0.66307E+22   0.44094E-04   0.13178E+02   0.47511E-01  -0.50049E-01   0.39780E+01   0.00000E+00   0.00000E+00   0.39780E+01   0.11232E+00   0.32427E+02   0.22041E-05   0.31963E-03   0.38780E+00   0.13178E+02   0.20657E+00   0.36416E+00
   0.90000E-02   0.13357E-02   0.57626E+22   0.38321E-04   0.13813E+02   0.18149E+00  -0.50563E-01   0.39780E+01   0.00000E+00   0.00000E+00   0.39780E+01   0.11775E+00   0.29988E+02   0.24940E-05   0.36168E-03   0.35245E+00   0.13814E+02   0.75279E+00   0.31648E+00
   0.10952E-01   0.10968E-02   0.47475E+22   0.31571E-04   0.20179E+02   0.14790E+00  -0.10919E+00   0.39534E+01   0.00000E+00   0.00000E+00   0.39534E+01   0.17254E+00   0.37008E+02   0.29605E-05   0.42801E-03   0.36442E+00   0.20180E+02   0.41993E+00   0.25912E+00
   0.13095E-01   0.12619E-02   0.34611E+22   0.23016E-04   0.24464E+02   0.29714E+00   0.67131E-01   0.39520E+01   0.00000E+00   0.00000E+00   0.39520E+01   0.20922E+00   0.24346E+02   0.39688E-05   0.57368E-03   0.26935E+00   0.24465E+02   0.69589E+00   0.18885E+00
   0.15571E-01   0.16129E-02   0.17477E+22   0.11622E-04   0.30612E+02   0.86590E+01  -0.11430E+00   0.39137E+01   0.00000E+00   0.00000E+00   0.39137E+01   0.27338E+00   0.28213E+02   0.77862E-05   0.11200E-02   0.19561E+00   0.31814E+02   0.15794E+02   0.94432E-01
   0.19476E-01   0.17972E-02   0.13751E+22   0.91447E-05   0.10548E+02   0.22693E+01  -0.95095E-01   0.39947E+01   0.00000E+00   0.00000E+00   0.39947E+01   0.91774E-01   0.14467E+02   0.10566E-04   0.15355E-02   0.14123E+00   0.10790E+02   0.12141E+02   0.75840E-01
   0.23286E-01   0.13548E-02   0.13293E+22   0.88399E-05   0.71240E+01   0.25152E+00  -0.40030E-01   0.39880E+01   0.00000E+00   0.00000E+00   0.39880E+01   0.60684E-01   0.18365E+02   0.10763E-04   0.15628E-02   0.18154E+00   0.71285E+01   0.20221E+01   0.73189E-01
   0.27095E-01   0.16129E-02   0.13032E+22   0.86661E-05   0.67857E+01   0.78397E-01   0.70102E-01   0.39862E+01   0.00000E+00   0.00000E+00   0.39862E+01   0.57786E-01   0.20407E+02   0.11118E-04   0.16140E-02   0.15011E+00   0.67865E+01   0.66193E+00   0.71718E-01
   0.30905E-01   0.16129E-02   0.12713E+22   0.84545E-05   0.67410E+01   0.50827E-01  -0.11428E+00   0.39825E+01   0.00000E+00   0.00000E+00   0.39825E+01   0.57434E-01   0.17338E+02   0.11465E-04   0.16636E-02   0.12646E+00   0.67421E+01   0.43200E+00   0.69902E-01
   0.35762E-01   0.16129E-02   0.12268E+22   0.81583E-05   0.69548E+01   0.31229E-01   0.18796E+00   0.39910E+01   0.00000E+00   0.00000E+00   0.39910E+01   0.59205E-01   0.19136E+02   0.11857E-04   0.17222E-02   0.15683E+00   0.69574E+01   0.25727E+00   0.67596E-01
   0.39429E-01   0.16774E-02   0.11945E+22   0.79434E-05   0.70992E+01   0.79462E-01  -0.29652E+00   0.40050E+01   0.00000E+00   0.00000E+00   0.40050E+01   0.60362E-01   0.17882E+02   0.12192E-04   0.17741E-02   0.14972E+00   0.71058E+01   0.64129E+00   0.66047E-01
   0.43333E-01   0.17419E-02   0.11696E+22   0.77781E-05   0.73372E+01  -0.28397E-01  -0.50237E+00   0.39902E+01   0.00000E+00   0.00000E+00   0.39902E+01   0.62590E-01   0.18309E+02   0.12439E-04   0.18067E-02   0.12446E+00   0.73545E+01  -0.22174E+00   0.64435E-01
   0.48048E-01   0.12903E-02   0.11285E+22   0.75047E-05   0.74381E+01   0.58007E-01   0.37188E+00   0.39882E+01   0.00000E+00   0.00000E+00   0.39882E+01   0.63398E-01   0.18746E+02   0.12844E-04   0.18651E-02   0.14143E+00   0.74476E+01   0.44682E+00   0.62138E-01
   0.52714E-01   0.16774E-02   0.10901E+22   0.72489E-05   0.78869E+01   0.90109E-01  -0.73025E-01   0.39940E+01   0.00000E+00   0.00000E+00   0.39940E+01   0.67097E-01   0.18541E+02   0.13349E-04   0.19398E-02   0.14174E+00   0.78878E+01   0.65459E+00   0.60108E-01
   0.57476E-01   0.16774E-02   0.10436E+22   0.69400E-05   0.95558E+01  -0.64930E+00   0.15628E+00   0.39974E+01   0.00000E+00   0.00000E+00   0.39974E+01   0.81450E-01   0.18080E+02   0.13989E-04   0.20337E-02   0.13562E+00   0.95791E+01  -0.38872E+01   0.57595E-01
   0.63381E-01   0.16774E-02   0.62235E+21   0.41386E-05   0.60007E+02  -0.26677E+01   0.22837E-01   0.35031E+01   0.00000E+00   0.00000E+00   0.35031E+01   0.54558E+00   0.10141E+02   0.22310E-04   0.30362E-02   0.96749E-01   0.60066E+02  -0.25455E+01   0.30099E-01
   0.16619E-01   0.24570E-02   0.13963E+22   0.92853E-05   0.10497E+02   0.77054E+01  -0.17327E+00   0.39823E+01   0.00000E+00   0.00000E+00   0.39823E+01   0.11094E+00   0.24526E+02   0.10237E-04   0.14853E-02   0.12579E+00   0.13023E+02   0.36280E+02   0.76767E-01
   0.18571E-01   0.22229E-02   0.13783E+22   0.91654E-05   0.99021E+01   0.42136E+01  -0.83381E-01   0.40059E+01   0.00000E+00   0.00000E+00   0.40059E+01   0.91407E-01   0.22267E+02   0.10604E-04   0.15432E-02   0.10910E+00   0.10762E+02   0.23051E+02   0.76226E-01
   0.20714E-01   0.22810E-02   0.13556E+22   0.90150E-05   0.75733E+01   0.13272E+01   0.38915E-01   0.39990E+01   0.00000E+00   0.00000E+00   0.39990E+01   0.65364E-01   0.27716E+02   0.10729E-04   0.15601E-02   0.12165E+00   0.76888E+01   0.99401E+01   0.74845E-01
   0.23095E-01   0.24108E-02   0.13368E+22   0.88894E-05   0.65924E+01   0.39099E+00  -0.10138E+00   0.39950E+01   0.00000E+00   0.00000E+00   0.39950E+01   0.56176E-01   0.19819E+02   0.10864E-04   0.15789E-02   0.10802E+00   0.66047E+01   0.33942E+01   0.73729E-01
   0.25286E-01   0.22581E-02   0.13208E+22   0.87833E-05   0.64785E+01   0.83537E-01  -0.61505E-02   0.39929E+01   0.00000E+00   0.00000E+00   0.39929E+01   0.55122E-01   0.26461E+02   0.11046E-04   0.16049E-02   0.11032E+00   0.64791E+01   0.73875E+00   0.72810E-01
   0.28048E-01   0.22810E-02   0.12958E+22   0.86171E-05   0.63070E+01   0.67003E-01  -0.90287E-01   0.39922E+01   0.00000E+00   0.00000E+00   0.39922E+01   0.53671E-01   0.23813E+02   0.11218E-04   0.16298E-02   0.11271E+00   0.63080E+01   0.60866E+00   0.71421E-01
   0.30095E-01   0.22229E-02   0.12827E+22   0.85297E-05   0.64332E+01   0.27658E-01   0.12723E-01   0.39890E+01   0.00000E+00   0.00000E+00   0.39890E+01   0.54759E-01   0.23121E+02   0.11361E-04   0.16498E-02   0.11152E+00   0.64333E+01   0.24632E+00   0.70639E-01
   0.32714E-01   0.24852E-02   0.12604E+22   0.83814E-05   0.65548E+01   0.18078E-02  -0.18504E+00   0.39879E+01   0.00000E+00   0.00000E+00   0.39879E+01   0.55823E-01   0.26617E+02   0.11531E-04   0.16743E-02   0.10157E+00   0.65574E+01   0.15802E-01   0.69391E-01
   0.34714E-01   0.24570E-02   0.12421E+22   0.82601E-05   0.65558E+01   0.31078E-01   0.12770E+00   0.39946E+01   0.00000E+00   0.00000E+00   0.39946E+01   0.55774E-01   0.22324E+02   0.11688E-04   0.16986E-02   0.10871E+00   0.65571E+01   0.27161E+00   0.68502E-01
   0.37667E-01   0.24898E-02   0.12146E+22   0.80772E-05   0.66763E+01   0.27241E-01  -0.43223E-01   0.39964E+01   0.00000E+00   0.00000E+00   0.39964E+01   0.56776E-01   0.25465E+02   0.12000E-04   0.17442E-02   0.10323E+00   0.66765E+01   0.23378E+00   0.67015E-01
   0.40333E-01   0.21890E-02   0.11963E+22   0.79554E-05   0.68717E+01   0.24647E-01  -0.34071E-02   0.39957E+01   0.00000E+00   0.00000E+00   0.39957E+01   0.58442E-01   0.20562E+02   0.12153E-04   0.17663E-02   0.10951E+00   0.68717E+01   0.20550E+00   0.65994E-01
   0.42381E-01   0.21890E-02   0.11786E+22   0.78379E-05   0.67260E+01  -0.41192E-01  -0.29689E+00   0.39948E+01   0.00000E+00   0.00000E+00   0.39948E+01   0.57265E-01   0.20856E+02   0.12317E-04   0.17899E-02   0.11782E+00   0.67326E+01  -0.35089E+00   0.65004E-01
   0.45381E-01   0.24570E-02   0.11542E+22   0.76752E-05   0.70919E+01   0.44411E-01  -0.82600E-01   0.39932E+01   0.00000E+00   0.00000E+00   0.39932E+01   0.60338E-01   0.27472E+02   0.12615E-04   0.18329E-02   0.10753E+00   0.70925E+01   0.35880E+00   0.63629E-01
   0.48095E-01   0.24516E-02   0.11328E+22   0.75331E-05   0.72880E+01  -0.82219E-01   0.11363E+00   0.39947E+01   0.00000E+00   0.00000E+00   0.39947E+01   0.62002E-01   0.21763E+02   0.12866E-04   0.18698E-02   0.99432E-01   0.72894E+01  -0.64635E+00   0.62474E-01
   0.50857E-01   0.23402E-02   0.11058E+22   0.73533E-05   0.73729E+01  -0.12568E-01   0.12420E+00   0.39949E+01   0.00000E+00   0.00000E+00   0.39949E+01   0.62720E-01   0.25239E+02   0.13232E-04   0.19229E-02   0.11395E+00   0.73740E+01  -0.97664E-01   0.60986E-01
   0.53952E-01   0.22229E-02   0.10809E+22   0.71881E-05   0.74723E+01  -0.16256E+00   0.15771E+00   0.39917E+01   0.00000E+00   0.00000E+00   0.39917E+01   0.63611E-01   0.22005E+02   0.13494E-04   0.19603E-02   0.97356E-01   0.74757E+01  -0.12463E+01   0.59568E-01
   0.56571E-01   0.24278E-02   0.10553E+22   0.70179E-05   0.77876E+01  -0.57621E+00   0.25364E+00   0.39986E+01   0.00000E+00   0.00000E+00   0.39986E+01   0.66423E-01   0.25837E+02   0.13860E-04   0.20152E-02   0.10880E+00   0.78130E+01  -0.42317E+01   0.58259E-01
   0.59714E-01   0.23981E-02   0.10165E+22   0.67598E-05   0.10903E+02  -0.27971E+01   0.17678E+00   0.40049E+01   0.00000E+00   0.00000E+00   0.40049E+01   0.95629E-01   0.22147E+02   0.14345E-04   0.20873E-02   0.10092E+00   0.11257E+02  -0.14389E+02   0.56205E-01
   0.62238E-01   0.22810E-02   0.95077E+21   0.63226E-05   0.17937E+02  -0.11361E+02   0.12296E+00   0.39757E+01   0.00000E+00   0.00000E+00   0.39757E+01   0.18103E+00   0.20656E+02   0.15240E-04   0.22095E-02   0.90912E-01   0.21232E+02  -0.32349E+02   0.52187E-01
   0.15810E-01   0.32561E-02   0.13161E+22   0.87518E-05   0.75435E+00   0.16780E+01  -0.23474E+00   0.39792E+01   0.00000E+00   0.00000E+00   0.39792E+01   0.15806E-01   0.28098E+02   0.11009E-04   0.15967E-02   0.98538E-01   0.18547E+01   0.65793E+02   0.72301E-01
   0.17381E-01   0.32010E-02   0.13622E+22   0.90588E-05   0.49084E+01   0.39613E+01  -0.13426E+00   0.39926E+01   0.00000E+00   0.00000E+00   0.39926E+01   0.53676E-01   0.22475E+02   0.10695E-04   0.15538E-02   0.94627E-01   0.63089E+01   0.38905E+02   0.75088E-01
   0.18810E-01   0.36234E-02   0.13596E+22   0.90411E-05   0.53910E+01   0.28337E+01  -0.82043E-01   0.40059E+01   0.00000E+00   0.00000E+00   0.40059E+01   0.51735E-01   0.22939E+02   0.10689E-04   0.15555E-02   0.92505E-01   0.60909E+01   0.27728E+02   0.75191E-01
   0.20524E-01   0.33670E-02   0.13543E+22   0.90058E-05   0.57217E+01   0.13321E+01   0.25013E+00   0.40036E+01   0.00000E+00   0.00000E+00   0.40036E+01   0.49958E-01   0.24601E+02   0.10700E-04   0.15567E-02   0.92163E-01   0.58801E+01   0.13106E+02   0.74856E-01
   0.22238E-01   0.32764E-02   0.13445E+22   0.89408E-05   0.57563E+01   0.60267E+00   0.13339E-02   0.39981E+01   0.00000E+00   0.00000E+00   0.39981E+01   0.49208E-01   0.30488E+02   0.10851E-04   0.15776E-02   0.90660E-01   0.57877E+01   0.59770E+01   0.74212E-01
   0.23571E-01   0.33670E-02   0.13365E+22   0.88875E-05   0.56922E+01   0.21150E+00   0.45722E-01   0.39957E+01   0.00000E+00   0.00000E+00   0.39957E+01   0.48445E-01   0.19755E+02   0.10920E-04   0.15872E-02   0.93284E-01   0.56963E+01   0.21279E+01   0.73726E-01
   0.25238E-01   0.33670E-02   0.13232E+22   0.87991E-05   0.58053E+01   0.41635E-01   0.11862E+00   0.39957E+01   0.00000E+00   0.00000E+00   0.39957E+01   0.49384E-01   0.27210E+02   0.11030E-04   0.16031E-02   0.90124E-01   0.58067E+01   0.41091E+00   0.72993E-01
   0.26905E-01   0.32010E-02   0.13098E+22   0.87104E-05   0.59194E+01   0.17466E+00  -0.10719E+00   0.39978E+01   0.00000E+00   0.00000E+00   0.39978E+01   0.50359E-01   0.26555E+02   0.11117E-04   0.16161E-02   0.92115E-01   0.59229E+01   0.16901E+01   0.72294E-01
   0.28286E-01   0.34539E-02   0.12998E+22   0.86434E-05   0.58918E+01   0.37950E-01  -0.12971E-01   0.39978E+01   0.00000E+00   0.00000E+00   0.39978E+01   0.50096E-01   0.18297E+02   0.11216E-04   0.16306E-02   0.90605E-01   0.58920E+01   0.36905E+00   0.71737E-01
   0.30000E-01   0.36234E-02   0.12846E+22   0.85424E-05   0.58505E+01   0.90122E-01   0.34807E-01   0.39904E+01   0.00000E+00   0.00000E+00   0.39904E+01   0.49796E-01   0.27186E+02   0.11322E-04   0.16445E-02   0.88785E-01   0.58513E+01   0.88252E+00   0.70769E-01
   0.31905E-01   0.31224E-02   0.12730E+22   0.84656E-05   0.59264E+01  -0.21100E-01  -0.92572E-01   0.39887E+01   0.00000E+00   0.00000E+00   0.39887E+01   0.50453E-01   0.28012E+02   0.11445E-04   0.16620E-02   0.91076E-01   0.59272E+01  -0.20399E+00   0.70103E-01
   0.33810E-01   0.34231E-02   0.12546E+22   0.83428E-05   0.58471E+01  -0.63328E-02  -0.24000E+00   0.39949E+01   0.00000E+00   0.00000E+00   0.39949E+01   0.49775E-01   0.26224E+02   0.11624E-04   0.16893E-02   0.90476E-01   0.58521E+01  -0.62055E-01   0.69194E-01
   0.35476E-01   0.32010E-02   0.12336E+22   0.82032E-05   0.62667E+01   0.12497E-01  -0.15354E-01   0.40002E+01   0.00000E+00   0.00000E+00   0.40002E+01   0.53267E-01   0.20069E+02   0.11801E-04   0.17161E-02   0.92661E-01   0.62668E+01   0.11426E+00   0.68126E-01
   0.36905E-01   0.33481E-02   0.12274E+22   0.81620E-05   0.61684E+01   0.34116E-01   0.99204E-01   0.39942E+01   0.00000E+00   0.00000E+00   0.39942E+01   0.52478E-01   0.24306E+02   0.11919E-04   0.17319E-02   0.91234E-01   0.61693E+01   0.31689E+00   0.67682E-01
   0.38619E-01   0.32169E-02   0.12106E+22   0.80508E-05   0.59482E+01  -0.70637E-02   0.55381E-01   0.39997E+01   0.00000E+00   0.00000E+00   0.39997E+01   0.50564E-01   0.30550E+02   0.12053E-04   0.17527E-02   0.86521E-01   0.59484E+01  -0.68041E-01   0.66852E-01
   0.40476E-01   0.33670E-02   0.11955E+22   0.79502E-05   0.59950E+01   0.36436E-01  -0.16130E+00   0.40043E+01   0.00000E+00   0.00000E+00   0.40043E+01   0.50950E-01   0.24187E+02   0.12160E-04   0.17692E-02   0.86149E-01   0.59973E+01   0.34822E+00   0.66092E-01
   0.42381E-01   0.35820E-02   0.11837E+22   0.78715E-05   0.62242E+01   0.16281E-01   0.62827E-01   0.39962E+01   0.00000E+00   0.00000E+00   0.39962E+01   0.52934E-01   0.26672E+02   0.12306E-04   0.17887E-02   0.87262E-01   0.62245E+01   0.14987E+00   0.65306E-01
   0.44286E-01   0.31224E-02   0.11659E+22   0.77532E-05   0.62656E+01  -0.44683E-01  -0.12764E+00   0.39856E+01   0.00000E+00   0.00000E+00   0.39856E+01   0.53367E-01   0.27755E+02   0.12552E-04   0.18220E-02   0.84349E-01   0.62671E+01  -0.40860E+00   0.64152E-01
   0.46238E-01   0.31041E-02   0.11508E+22   0.76527E-05   0.64454E+01  -0.76318E-01   0.63553E-01   0.39875E+01   0.00000E+00   0.00000E+00   0.39875E+01   0.54879E-01   0.29789E+02   0.12655E-04   0.18374E-02   0.84396E-01   0.64462E+01  -0.67839E+00   0.63351E-01
   0.48095E-01   0.36234E-02   0.11354E+22   0.75506E-05   0.64328E+01   0.11454E+00   0.47210E-01   0.39945E+01   0.00000E+00   0.00000E+00   0.39945E+01   0.54728E-01   0.24297E+02   0.12831E-04   0.18646E-02   0.84829E-01   0.64340E+01   0.10200E+01   0.62616E-01
   0.50048E-01   0.30108E-02   0.11188E+22   0.74397E-05   0.67036E+01  -0.50671E-01   0.80306E-01   0.39934E+01   0.00000E+00   0.00000E+00   0.39934E+01   0.57034E-01   0.27750E+02   0.13044E-04   0.18952E-02   0.85943E-01   0.67043E+01  -0.43308E+00   0.61680E-01
   0.51952E-01   0.32169E-02   0.10983E+22   0.73038E-05   0.66574E+01   0.44441E-01   0.21181E+00   0.39935E+01   0.00000E+00   0.00000E+00   0.39935E+01   0.56665E-01   0.28081E+02   0.13282E-04   0.19299E-02   0.82557E-01   0.66609E+01   0.38247E+00   0.60554E-01
   0.53810E-01   0.34101E-02   0.10859E+22   0.72209E-05   0.69423E+01  -0.14845E+00   0.13691E+00   0.39919E+01   0.00000E+00   0.00000E+00   0.39919E+01   0.59095E-01   0.20199E+02   0.13392E-04   0.19455E-02   0.85190E-01   0.69453E+01  -0.12250E+01   0.59844E-01
   0.55667E-01   0.32419E-02   0.10663E+22   0.70910E-05   0.71101E+01  -0.13411E+00   0.18610E+00   0.39974E+01   0.00000E+00   0.00000E+00   0.39974E+01   0.60487E-01   0.27442E+02   0.13665E-04   0.19866E-02   0.84781E-01   0.71138E+01  -0.10806E+01   0.58849E-01
   0.58476E-01   0.31224E-02   0.10404E+22   0.69188E-05   0.74950E+01  -0.13492E+01  -0.95170E-01   0.39999E+01   0.00000E+00   0.00000E+00   0.39999E+01   0.64738E-01   0.26014E+02   0.14035E-04   0.20409E-02   0.80030E-01   0.76161E+01  -0.10204E+02   0.57455E-01
   0.60476E-01   0.32764E-02   0.10178E+22   0.67683E-05   0.84076E+01  -0.39938E+01   0.14908E-01   0.40111E+01   0.00000E+00   0.00000E+00   0.40111E+01   0.79009E-01   0.25807E+02   0.14271E-04   0.20781E-02   0.79272E-01   0.93080E+01  -0.25409E+02   0.56362E-01
   0.62476E-01   0.35820E-02   0.10310E+22   0.68558E-05   0.43062E+01  -0.53282E+01   0.63295E-01   0.40236E+01   0.00000E+00   0.00000E+00   0.40236E+01   0.58064E-01   0.21220E+02   0.14125E-04   0.20600E-02   0.78128E-01   0.68510E+01  -0.51056E+02   0.57269E-01
   0.15571E-01   0.43728E-02   0.13236E+22   0.88022E-05  -0.12163E+00   0.11629E+00  -0.32197E+00   0.39769E+01   0.00000E+00   0.00000E+00   0.39769E+01   0.30970E-02   0.22399E+02   0.11056E-04   0.16031E-02   0.81309E-01   0.36329E+00   0.13628E+03   0.72674E-01
   0.16714E-01   0.41981E-02   0.13422E+22   0.89258E-05   0.11480E+01   0.15198E+01  -0.91700E-01   0.39847E+01   0.00000E+00   0.00000E+00   0.39847E+01   0.16239E-01   0.21082E+02   0.10868E-04   0.15774E-02   0.82576E-01   0.19068E+01   0.52933E+02   0.73840E-01
   0.17810E-01   0.43728E-02   0.13495E+22   0.89742E-05   0.23400E+01   0.17758E+01  -0.19093E+00   0.39962E+01   0.00000E+00   0.00000E+00   0.39962E+01   0.25034E-01   0.23167E+02   0.10791E-04   0.15685E-02   0.81568E-01   0.29437E+01   0.37195E+02   0.74454E-01
   0.19286E-01   0.41556E-02   0.13596E+22   0.90415E-05   0.39767E+01   0.13952E+01  -0.16778E+00   0.39961E+01   0.00000E+00   0.00000E+00   0.39961E+01   0.35868E-01   0.28147E+02   0.10686E-04   0.15532E-02   0.80146E-01   0.42177E+01   0.19333E+02   0.75011E-01
   0.20476E-01   0.43728E-02   0.13546E+22   0.90081E-05   0.41502E+01   0.99211E+00  -0.11249E+00   0.40072E+01   0.00000E+00   0.00000E+00   0.40072E+01   0.36251E-01   0.18675E+02   0.10732E-04   0.15621E-02   0.80943E-01   0.42686E+01   0.13444E+02   0.74941E-01
   0.21667E-01   0.41556E-02   0.13482E+22   0.89652E-05   0.44700E+01   0.66508E+00   0.64723E-01   0.40012E+01   0.00000E+00   0.00000E+00   0.40012E+01   0.38412E-01   0.27912E+02   0.10804E-04   0.15714E-02   0.84017E-01   0.45197E+01   0.84628E+01   0.74473E-01
   0.23095E-01   0.43728E-02   0.13402E+22   0.89124E-05   0.45301E+01   0.20321E+00  -0.94041E-01   0.39999E+01   0.00000E+00   0.00000E+00   0.39999E+01   0.38554E-01   0.23329E+02   0.10871E-04   0.15808E-02   0.79818E-01   0.45356E+01   0.25684E+01   0.74009E-01
   0.24286E-01   0.44672E-02   0.13345E+22   0.88744E-05   0.45324E+01   0.96161E-01  -0.15695E+00   0.39920E+01   0.00000E+00   0.00000E+00   0.39920E+01   0.38596E-01   0.27903E+02   0.10928E-04   0.15876E-02   0.77998E-01   0.45361E+01   0.12154E+01   0.73549E-01
   0.25476E-01   0.43284E-02   0.13231E+22   0.87985E-05   0.48353E+01   0.49592E-01   0.16792E-01   0.39941E+01   0.00000E+00   0.00000E+00   0.39941E+01   0.41134E-01   0.25416E+02   0.10971E-04   0.15942E-02   0.79773E-01   0.48356E+01   0.58762E+00   0.72957E-01
   0.26905E-01   0.43728E-02   0.13129E+22   0.87308E-05   0.48037E+01   0.10206E+00  -0.10855E+00   0.39978E+01   0.00000E+00   0.00000E+00   0.39978E+01   0.40863E-01   0.24045E+02   0.11088E-04   0.16119E-02   0.80697E-01   0.48060E+01   0.12171E+01   0.72463E-01
   0.28048E-01   0.44247E-02   0.13048E+22   0.86767E-05   0.48878E+01  -0.90585E-01  -0.95173E-01   0.39923E+01   0.00000E+00   0.00000E+00   0.39923E+01   0.41601E-01   0.19946E+02   0.11156E-04   0.16208E-02   0.80958E-01   0.48895E+01  -0.10617E+01   0.71916E-01
   0.29286E-01   0.42514E-02   0.12938E+22   0.86035E-05   0.51628E+01  -0.48471E-01  -0.44640E-01   0.39947E+01   0.00000E+00   0.00000E+00   0.39947E+01   0.43916E-01   0.27842E+02   0.11216E-04   0.16300E-02   0.79218E-01   0.51632E+01  -0.53791E+00   0.71352E-01
   0.30714E-01   0.41981E-02   0.12802E+22   0.85134E-05   0.52335E+01   0.16904E+00   0.51141E-01   0.40005E+01   0.00000E+00   0.00000E+00   0.40005E+01   0.44508E-01   0.24658E+02   0.11369E-04   0.16533E-02   0.80323E-01   0.52365E+01   0.18500E+01   0.70707E-01
   0.31952E-01   0.43284E-02   0.12743E+22   0.84740E-05   0.50339E+01  -0.16387E-01  -0.23543E+00   0.39951E+01   0.00000E+00   0.00000E+00   0.39951E+01   0.42862E-01   0.17722E+02   0.11427E-04   0.16606E-02   0.79376E-01   0.50394E+01  -0.18652E+00   0.70284E-01
   0.33095E-01   0.44672E-02   0.12625E+22   0.83959E-05   0.50478E+01  -0.64943E-01  -0.19202E+00   0.39950E+01   0.00000E+00   0.00000E+00   0.39950E+01   0.42968E-01   0.32208E+02   0.11534E-04   0.16762E-02   0.76404E-01   0.50519E+01  -0.73710E+00   0.69636E-01
   0.34571E-01   0.41981E-02   0.12470E+22   0.82927E-05   0.53704E+01  -0.60142E-01   0.34823E-01   0.39982E+01   0.00000E+00   0.00000E+00   0.39982E+01   0.45663E-01   0.25738E+02   0.11642E-04   0.16926E-02   0.79395E-01   0.53709E+01  -0.64161E+00   0.68835E-01
   0.36000E-01   0.43284E-02   0.12354E+22   0.82156E-05   0.51504E+01   0.57851E-01  -0.65761E-02   0.39995E+01   0.00000E+00   0.00000E+00   0.39995E+01   0.43784E-01   0.21163E+02   0.11800E-04   0.17159E-02   0.76432E-01   0.51508E+01   0.64354E+00   0.68217E-01
   0.37381E-01   0.42514E-02   0.12246E+22   0.81435E-05   0.52793E+01   0.11301E+00   0.16673E+00   0.40032E+01   0.00000E+00   0.00000E+00   0.40032E+01   0.44890E-01   0.26528E+02   0.11891E-04   0.17299E-02   0.78040E-01   0.52832E+01   0.12263E+01   0.67680E-01
   0.38762E-01   0.43728E-02   0.12145E+22   0.80762E-05   0.54250E+01   0.42313E-01  -0.15815E-01   0.40050E+01   0.00000E+00   0.00000E+00   0.40050E+01   0.46086E-01   0.21347E+02   0.12010E-04   0.17476E-02   0.76341E-01   0.54252E+01   0.44687E+00   0.67152E-01
   0.40190E-01   0.43806E-02   0.12007E+22   0.79846E-05   0.53892E+01   0.38842E-02  -0.12563E+00   0.40032E+01   0.00000E+00   0.00000E+00   0.40032E+01   0.45803E-01   0.27518E+02   0.12102E-04   0.17605E-02   0.77097E-01   0.53907E+01   0.41296E-01   0.66360E-01
   0.41667E-01   0.41981E-02   0.11923E+22   0.79288E-05   0.54427E+01  -0.53091E-01  -0.20000E-01   0.39984E+01   0.00000E+00   0.00000E+00   0.39984E+01   0.46275E-01   0.24000E+02   0.12234E-04   0.17787E-02   0.76249E-01   0.54430E+01  -0.55887E+00   0.65818E-01
   0.43095E-01   0.41981E-02   0.11779E+22   0.78328E-05   0.56944E+01  -0.89515E-01  -0.79925E-01   0.39944E+01   0.00000E+00   0.00000E+00   0.39944E+01   0.48447E-01   0.24581E+02   0.12358E-04   0.17959E-02   0.78943E-01   0.56956E+01  -0.90061E+00   0.64956E-01
   0.44524E-01   0.45923E-02   0.11674E+22   0.77633E-05   0.53590E+01   0.13979E+00   0.12047E+00   0.39921E+01   0.00000E+00   0.00000E+00   0.39921E+01   0.45624E-01   0.28533E+02   0.12517E-04   0.18184E-02   0.74087E-01   0.53622E+01   0.14942E+01   0.64341E-01
   0.45952E-01   0.43728E-02   0.11552E+22   0.76822E-05   0.55144E+01  -0.11011E+00  -0.66032E-01   0.39879E+01   0.00000E+00   0.00000E+00   0.39879E+01   0.46956E-01   0.21456E+02   0.12611E-04   0.18311E-02   0.75736E-01   0.55159E+01  -0.11439E+01   0.63604E-01
   0.47381E-01   0.42514E-02   0.11442E+22   0.76086E-05   0.55729E+01  -0.12102E+00  -0.23964E+00   0.39915E+01   0.00000E+00   0.00000E+00   0.39915E+01   0.47475E-01   0.23129E+02   0.12751E-04   0.18523E-02   0.74080E-01   0.55793E+01  -0.12440E+01   0.63050E-01
   0.48810E-01   0.43175E-02   0.11274E+22   0.74975E-05   0.57016E+01   0.11175E-01  -0.20729E+00   0.39989E+01   0.00000E+00   0.00000E+00   0.39989E+01   0.48503E-01   0.25484E+02   0.12946E-04   0.18824E-02   0.74612E-01   0.57054E+01   0.11230E+00   0.62245E-01
   0.50238E-01   0.43284E-02   0.11191E+22   0.74421E-05   0.56556E+01  -0.38101E-01  -0.13829E+00   0.39881E+01   0.00000E+00   0.00000E+00   0.39881E+01   0.48160E-01   0.21498E+02   0.13013E-04   0.18895E-02   0.74990E-01   0.56574E+01  -0.38598E+00   0.61618E-01
   0.51905E-01   0.43728E-02   0.11006E+22   0.73189E-05   0.58311E+01   0.66998E-01   0.10084E-01   0.40012E+01   0.00000E+00   0.00000E+00   0.40012E+01   0.49560E-01   0.28027E+02   0.13195E-04   0.19191E-02   0.73751E-01   0.58315E+01   0.65829E+00   0.60797E-01
   0.53571E-01   0.43806E-02   0.10895E+22   0.72450E-05   0.57991E+01  -0.16664E+00   0.87530E-02   0.40019E+01   0.00000E+00   0.00000E+00   0.40019E+01   0.49302E-01   0.24353E+02   0.13339E-04   0.19403E-02   0.73439E-01   0.58015E+01  -0.16460E+01   0.60194E-01
   0.55000E-01   0.42514E-02   0.10760E+22   0.71555E-05   0.59186E+01  -0.67334E-01   0.78820E-01   0.39960E+01   0.00000E+00   0.00000E+00   0.39960E+01   0.50341E-01   0.22488E+02   0.13552E-04   0.19698E-02   0.71831E-01   0.59195E+01  -0.65181E+00   0.59362E-01
   0.56667E-01   0.43719E-02   0.10568E+22   0.70279E-05   0.61288E+01  -0.42804E+00  -0.44423E-01   0.40068E+01   0.00000E+00   0.00000E+00   0.40068E+01   0.52179E-01   0.35347E+02   0.13741E-04   0.20000E-02   0.73542E-01   0.61439E+01  -0.39950E+01   0.58461E-01
   0.58286E-01   0.43806E-02   0.10485E+22   0.69726E-05   0.57300E+01  -0.89374E+00  -0.89183E-01   0.40023E+01   0.00000E+00   0.00000E+00   0.40023E+01   0.49286E-01   0.21557E+02   0.13889E-04   0.20203E-02   0.71411E-01   0.58000E+01  -0.88652E+01   0.57937E-01
   0.59810E-01   0.43588E-02   0.10385E+22   0.69058E-05   0.53117E+01  -0.16774E+01  -0.13801E+00   0.40088E+01   0.00000E+00   0.00000E+00   0.40088E+01   0.47310E-01   0.25523E+02   0.14036E-04   0.20434E-02   0.69503E-01   0.55720E+01  -0.17526E+02   0.57474E-01
   0.61429E-01   0.41556E-02   0.10347E+22   0.68809E-05   0.36837E+01  -0.30824E+01   0.13785E+00   0.40160E+01   0.00000E+00   0.00000E+00   0.40160E+01   0.40763E-01   0.24489E+02   0.14085E-04   0.20523E-02   0.71821E-01   0.48052E+01  -0.39921E+02   0.57370E-01
   0.63238E-01   0.43468E-02   0.84081E+21   0.55914E-05   0.10296E+01  -0.91730E+00  -0.15118E+00   0.40203E+01   0.00000E+00   0.00000E+00   0.40203E+01   0.11762E-01   0.20922E+02   0.13816E-04   0.20142E-02   0.69903E-01   0.13872E+01  -0.41698E+02   0.46668E-01
   0.15571E-01   0.52354E-02   0.13256E+22   0.88154E-05  -0.28577E+00  -0.64936E-01  -0.95035E-02   0.39883E+01   0.00000E+00   0.00000E+00   0.39883E+01   0.24960E-02   0.21931E+02   0.10990E-04   0.15959E-02   0.73307E-01   0.29321E+00  -0.16720E+03   0.72992E-01
   0.16714E-01   0.53372E-02   0.13389E+22   0.89036E-05   0.33655E+00   0.48840E+00  -0.24481E+00   0.39894E+01   0.00000E+00   0.00000E+00   0.39894E+01   0.54614E-02   0.21795E+02   0.10878E-04   0.15798E-02   0.72728E-01   0.64167E+00   0.55430E+02   0.73743E-01
   0.17571E-01   0.55961E-02   0.13484E+22   0.89668E-05   0.77890E+00   0.48946E+00  -0.75117E-01   0.39987E+01   0.00000E+00   0.00000E+00   0.39987E+01   0.78468E-02   0.26525E+02   0.10751E-04   0.15632E-02   0.72891E-01   0.92299E+00   0.32145E+02   0.74439E-01
   0.18524E-01   0.50103E-02   0.13567E+22   0.90221E-05   0.18120E+01   0.95112E+00   0.11533E+00   0.39989E+01   0.00000E+00   0.00000E+00   0.39989E+01   0.17425E-01   0.25053E+02   0.10732E-04   0.15605E-02   0.74852E-01   0.20497E+01   0.27696E+02   0.74902E-01
   0.19571E-01   0.55961E-02   0.13591E+22   0.90382E-05   0.21444E+01   0.46414E+00  -0.13160E+00   0.39976E+01   0.00000E+00   0.00000E+00   0.39976E+01   0.18689E-01   0.28884E+02   0.10745E-04   0.15620E-02   0.70870E-01   0.21980E+01   0.12213E+02   0.75011E-01
   0.20476E-01   0.53372E-02   0.13555E+22   0.90139E-05   0.26855E+01   0.41826E+00  -0.13277E+00   0.40025E+01   0.00000E+00   0.00000E+00   0.40025E+01   0.23122E-01   0.21749E+02   0.10744E-04   0.15629E-02   0.74700E-01   0.27211E+01   0.88528E+01   0.74903E-01
   0.21429E-01   0.53372E-02   0.13481E+22   0.89649E-05   0.32366E+01   0.30396E+00   0.22658E+00   0.40038E+01   0.00000E+00   0.00000E+00   0.40038E+01   0.27686E-01   0.22715E+02   0.10797E-04   0.15709E-02   0.73320E-01   0.32587E+01   0.53652E+01   0.74518E-01
   0.22429E-01   0.54234E-02   0.13475E+22   0.89606E-05   0.32895E+01   0.12139E+00  -0.67504E-01   0.39997E+01   0.00000E+00   0.00000E+00   0.39997E+01   0.27987E-01   0.32220E+02   0.10815E-04   0.15727E-02   0.70670E-01   0.32925E+01   0.21134E+01   0.74406E-01
   0.23524E-01   0.53372E-02   0.13408E+22   0.89162E-05   0.35859E+01   0.15731E+00  -0.20801E+00   0.40020E+01   0.00000E+00   0.00000E+00   0.40020E+01   0.30553E-01   0.25868E+02   0.10850E-04   0.15781E-02   0.72370E-01   0.35953E+01   0.25120E+01   0.74080E-01
   0.25000E-01   0.53372E-02   0.13268E+22   0.88232E-05   0.35333E+01   0.16408E-01  -0.10205E+00   0.39898E+01   0.00000E+00   0.00000E+00   0.39898E+01   0.30085E-01   0.29926E+02   0.10995E-04   0.15969E-02   0.73031E-01   0.35349E+01   0.26607E+00   0.73084E-01
   0.26143E-01   0.51066E-02   0.13213E+22   0.87868E-05   0.38700E+01   0.49844E-01  -0.24029E+00   0.39928E+01   0.00000E+00   0.00000E+00   0.39928E+01   0.32991E-01   0.22147E+02   0.11049E-04   0.16053E-02   0.73677E-01   0.38778E+01   0.73791E+00   0.72837E-01
   0.27095E-01   0.55961E-02   0.13123E+22   0.87267E-05   0.34804E+01  -0.13787E-01  -0.11179E+00   0.39972E+01   0.00000E+00   0.00000E+00   0.39972E+01   0.29610E-01   0.27790E+02   0.11149E-04   0.16207E-02   0.70289E-01   0.34823E+01  -0.22696E+00   0.72420E-01
   0.28095E-01   0.52862E-02   0.13046E+22   0.86757E-05   0.38147E+01  -0.62801E-01  -0.91688E-01   0.39931E+01   0.00000E+00   0.00000E+00   0.39931E+01   0.32467E-01   0.17426E+02   0.11180E-04   0.16244E-02   0.72510E-01   0.38163E+01  -0.94318E+00   0.71921E-01
   0.29048E-01   0.56485E-02   0.12999E+22   0.86446E-05   0.33246E+01   0.32296E-01  -0.14199E+00   0.39994E+01   0.00000E+00   0.00000E+00   0.39994E+01   0.28288E-01   0.27977E+02   0.11239E-04   0.16343E-02   0.70289E-01   0.33278E+01   0.55657E+00   0.71777E-01
   0.30000E-01   0.50627E-02   0.12871E+22   0.85594E-05   0.39993E+01   0.55869E-01  -0.11401E+00   0.39979E+01   0.00000E+00   0.00000E+00   0.39979E+01   0.34020E-01   0.24103E+02   0.11305E-04   0.16435E-02   0.73891E-01   0.40013E+01   0.80036E+00   0.71044E-01
   0.30952E-01   0.54999E-02   0.12788E+22   0.85041E-05   0.37380E+01   0.16503E+00   0.68515E-02   0.40043E+01   0.00000E+00   0.00000E+00   0.40043E+01   0.31787E-01   0.26132E+02   0.11344E-04   0.16506E-02   0.72111E-01   0.37416E+01   0.25280E+01   0.70697E-01
   0.32143E-01   0.53372E-02   0.12720E+22   0.84591E-05   0.38202E+01  -0.65910E-01  -0.25818E+00   0.39979E+01   0.00000E+00   0.00000E+00   0.39979E+01   0.32559E-01   0.26802E+02   0.11461E-04   0.16663E-02   0.70695E-01   0.38294E+01  -0.98843E+00   0.70211E-01
   0.33571E-01   0.50103E-02   0.12596E+22   0.83760E-05   0.39828E+01   0.71903E-01   0.30188E-01   0.39928E+01   0.00000E+00   0.00000E+00   0.39928E+01   0.33891E-01   0.26664E+02   0.11583E-04   0.16829E-02   0.71280E-01   0.39836E+01   0.10343E+01   0.69433E-01
   0.34762E-01   0.52407E-02   0.12505E+22   0.83160E-05   0.39397E+01  -0.23631E+00   0.22205E+00   0.39941E+01   0.00000E+00   0.00000E+00   0.39941E+01   0.33626E-01   0.19740E+02   0.11652E-04   0.16931E-02   0.70589E-01   0.39530E+01  -0.34325E+01   0.68957E-01
   0.35762E-01   0.55524E-02   0.12384E+22   0.82353E-05   0.38160E+01   0.39569E-01   0.34066E-01   0.40017E+01   0.00000E+00   0.00000E+00   0.40017E+01   0.32432E-01   0.26977E+02   0.11822E-04   0.17195E-02   0.68402E-01   0.38163E+01   0.59410E+00   0.68419E-01
   0.36714E-01   0.51066E-02   0.12300E+22   0.81794E-05   0.42108E+01   0.59201E-01   0.90744E-01   0.40083E+01   0.00000E+00   0.00000E+00   0.40083E+01   0.35767E-01   0.22411E+02   0.11806E-04   0.17186E-02   0.69664E-01   0.42122E+01   0.80549E+00   0.68065E-01
   0.37714E-01   0.55961E-02   0.12248E+22   0.81452E-05   0.38895E+01  -0.13684E+00   0.13346E-01   0.39974E+01   0.00000E+00   0.00000E+00   0.39974E+01   0.33093E-01   0.23526E+02   0.11939E-04   0.17356E-02   0.68328E-01   0.38920E+01  -0.20149E+01   0.67597E-01
   0.38810E-01   0.52921E-02   0.12132E+22   0.80681E-05   0.42474E+01   0.11510E+00   0.12056E-02   0.40056E+01   0.00000E+00   0.00000E+00   0.40056E+01   0.36091E-01   0.29631E+02   0.12011E-04   0.17479E-02   0.69532E-01   0.42490E+01   0.15523E+01   0.67094E-01
   0.40286E-01   0.52354E-02   0.12034E+22   0.80028E-05   0.44278E+01  -0.34004E-01  -0.16313E+00   0.39969E+01   0.00000E+00   0.00000E+00   0.39969E+01   0.37678E-01   0.24552E+02   0.12118E-04   0.17615E-02   0.70051E-01   0.44309E+01  -0.44001E+00   0.66406E-01
   0.41524E-01   0.55524E-02   0.11938E+22   0.79389E-05   0.41031E+01  -0.93479E-01   0.12972E+00   0.39948E+01   0.00000E+00   0.00000E+00   0.39948E+01   0.34926E-01   0.22094E+02   0.12256E-04   0.17811E-02   0.67677E-01   0.41062E+01  -0.13051E+01   0.65842E-01
   0.42333E-01   0.51589E-02   0.11872E+22   0.78950E-05   0.43817E+01  -0.53792E-01  -0.14829E-01   0.39965E+01   0.00000E+00   0.00000E+00   0.39965E+01   0.37264E-01   0.19751E+02   0.12309E-04   0.17891E-02   0.69915E-01   0.43820E+01  -0.70336E+00   0.65505E-01
   0.43476E-01   0.55439E-02   0.11733E+22   0.78023E-05   0.41411E+01   0.11127E-01   0.10270E-01   0.39936E+01   0.00000E+00   0.00000E+00   0.39936E+01   0.35228E-01   0.27163E+02   0.12425E-04   0.18054E-02   0.68345E-01   0.41411E+01   0.15396E+00   0.64689E-01
   0.45048E-01   0.53170E-02   0.11637E+22   0.77385E-05   0.43694E+01   0.10038E+00  -0.16757E+00   0.39954E+01   0.00000E+00   0.00000E+00   0.39954E+01   0.37199E-01   0.28367E+02   0.12564E-04   0.18260E-02   0.68101E-01   0.43738E+01   0.13161E+01   0.64189E-01
   0.46190E-01   0.52862E-02   0.11548E+22   0.76795E-05   0.44263E+01  -0.34025E-01  -0.10462E+00   0.39919E+01   0.00000E+00   0.00000E+00   0.39919E+01   0.37674E-01   0.17353E+02   0.12583E-04   0.18280E-02   0.68830E-01   0.44276E+01  -0.44043E+00   0.63644E-01
   0.47190E-01   0.56485E-02   0.11438E+22   0.76064E-05   0.40639E+01   0.41033E-01   0.38220E-01   0.39986E+01   0.00000E+00   0.00000E+00   0.39986E+01   0.34553E-01   0.25354E+02   0.12793E-04   0.18600E-02   0.64956E-01   0.40643E+01   0.57848E+00   0.63144E-01
   0.48333E-01   0.50103E-02   0.11365E+22   0.75579E-05   0.47650E+01  -0.10327E-01   0.21561E+00   0.39929E+01   0.00000E+00   0.00000E+00   0.39929E+01   0.40581E-01   0.25935E+02   0.12833E-04   0.18646E-02   0.67766E-01   0.47699E+01  -0.12418E+00   0.62652E-01
   0.49762E-01   0.53372E-02   0.11200E+22   0.74482E-05   0.44107E+01   0.65827E-01  -0.47071E-01   0.39905E+01   0.00000E+00   0.00000E+00   0.39905E+01   0.37542E-01   0.25534E+02   0.12990E-04   0.18868E-02   0.66587E-01   0.44114E+01   0.85504E+00   0.61706E-01
   0.50905E-01   0.54234E-02   0.11116E+22   0.73924E-05   0.44511E+01   0.24276E-01  -0.17087E+00   0.39913E+01   0.00000E+00   0.00000E+00   0.39913E+01   0.37904E-01   0.29985E+02   0.13139E-04   0.19086E-02   0.64014E-01   0.44545E+01   0.31249E+00   0.61256E-01
   0.52190E-01   0.53372E-02   0.11013E+22   0.73238E-05   0.44909E+01  -0.18576E+00  -0.16757E-01   0.39984E+01   0.00000E+00   0.00000E+00   0.39984E+01   0.38213E-01   0.28520E+02   0.13229E-04   0.19234E-02   0.67448E-01   0.44947E+01  -0.23686E+01   0.60795E-01
   0.53571E-01   0.52862E-02   0.10880E+22   0.72353E-05   0.47046E+01   0.70292E-02   0.83717E-01   0.39984E+01   0.00000E+00   0.00000E+00   0.39984E+01   0.40004E-01   0.20428E+02   0.13422E-04   0.19515E-02   0.64947E-01   0.47054E+01   0.85606E-01   0.60060E-01
   0.54762E-01   0.56485E-02   0.10759E+22   0.71548E-05   0.41337E+01  -0.25240E-01  -0.74905E-01   0.40004E+01   0.00000E+00   0.00000E+00   0.40004E+01   0.35141E-01   0.22607E+02   0.13597E-04   0.19773E-02   0.62974E-01   0.41344E+01  -0.34984E+00   0.59421E-01
   0.55905E-01   0.51066E-02   0.10686E+22   0.71063E-05   0.48620E+01  -0.20361E+00  -0.27251E-01   0.40035E+01   0.00000E+00   0.00000E+00   0.40035E+01   0.41346E-01   0.22258E+02   0.13714E-04   0.19952E-02   0.65024E-01   0.48663E+01  -0.23980E+01   0.59065E-01
   0.57286E-01   0.52113E-02   0.10551E+22   0.70167E-05   0.43743E+01  -0.57519E+00   0.18522E-01   0.40067E+01   0.00000E+00   0.00000E+00   0.40067E+01   0.37471E-01   0.27506E+02   0.13805E-04   0.20092E-02   0.64830E-01   0.44120E+01  -0.74910E+01   0.58367E-01
   0.58667E-01   0.55961E-02   0.10456E+22   0.69533E-05   0.37470E+01  -0.40828E+00  -0.59329E-01   0.40097E+01   0.00000E+00   0.00000E+00   0.40097E+01   0.32003E-01   0.25012E+02   0.13968E-04   0.20337E-02   0.61928E-01   0.37696E+01  -0.62186E+01   0.57883E-01
   0.60381E-01   0.54770E-02   0.10360E+22   0.68896E-05   0.25215E+01  -0.64658E+00  -0.22983E+00   0.40143E+01   0.00000E+00   0.00000E+00   0.40143E+01   0.22173E-01   0.32509E+02   0.14101E-04   0.20542E-02   0.62683E-01   0.26132E+01  -0.14382E+02   0.57418E-01
   0.61381E-01   0.56051E-02   0.10408E+22   0.69211E-05   0.15731E+01  -0.76967E+00  -0.26134E+00   0.40133E+01   0.00000E+00   0.00000E+00   0.40133E+01   0.15026E-01   0.23623E+02   0.13958E-04   0.20332E-02   0.64828E-01   0.17707E+01  -0.26071E+02   0.57666E-01
   0.62714E-01   0.51589E-02   0.10533E+22   0.70047E-05   0.49664E+00  -0.58222E+00  -0.91629E-01   0.40083E+01   0.00000E+00   0.00000E+00   0.40083E+01   0.65445E-02   0.27065E+02   0.13898E-04   0.20231E-02   0.64955E-01   0.77073E+00  -0.49536E+02   0.58290E-01
   0.15667E-01   0.60083E-02   0.13188E+22   0.87700E-05  -0.38405E+00   0.29201E+00  -0.81331E-01   0.39861E+01   0.00000E+00   0.00000E+00   0.39861E+01   0.41660E-02   0.25255E+02   0.11046E-04   0.16035E-02   0.70324E-01   0.48926E+00   0.14275E+03   0.72575E-01
   0.16905E-01   0.61014E-02   0.13286E+22   0.88352E-05   0.21727E-01   0.56921E+00   0.57278E-01   0.39885E+01   0.00000E+00   0.00000E+00   0.39885E+01   0.48733E-02   0.18305E+02   0.10932E-04   0.15874E-02   0.68530E-01   0.57250E+00   0.87814E+02   0.73159E-01
   0.18571E-01   0.60083E-02   0.13441E+22   0.89385E-05   0.92171E+00   0.66823E+00  -0.17364E-02   0.39975E+01   0.00000E+00   0.00000E+00   0.39975E+01   0.96800E-02   0.29333E+02   0.10891E-04   0.15833E-02   0.67314E-01   0.11385E+01   0.35942E+02   0.74181E-01
   0.20238E-01   0.61014E-02   0.13438E+22   0.89360E-05   0.17224E+01   0.60528E+00  -0.73864E-02   0.39940E+01   0.00000E+00   0.00000E+00   0.39940E+01   0.15530E-01   0.19273E+02   0.10829E-04   0.15736E-02   0.69910E-01   0.18257E+01   0.19362E+02   0.74096E-01
   0.21667E-01   0.61014E-02   0.13362E+22   0.88854E-05   0.19817E+01   0.59940E+00  -0.57681E-01   0.39871E+01   0.00000E+00   0.00000E+00   0.39871E+01   0.17633E-01   0.19164E+02   0.10882E-04   0.15798E-02   0.69228E-01   0.20712E+01   0.16829E+02   0.73551E-01
   0.23381E-01   0.60083E-02   0.13326E+22   0.88616E-05   0.24654E+01   0.46083E+00  -0.20422E+00   0.39975E+01   0.00000E+00   0.00000E+00   0.39975E+01   0.21396E-01   0.31887E+02   0.10949E-04   0.15916E-02   0.68469E-01   0.25164E+01   0.10587E+02   0.73544E-01
   0.25048E-01   0.61014E-02   0.13136E+22   0.87355E-05   0.24611E+01   0.47297E+00   0.45062E-01   0.39932E+01   0.00000E+00   0.00000E+00   0.39932E+01   0.21324E-01   0.21503E+02   0.11078E-04   0.16096E-02   0.67723E-01   0.25066E+01   0.10878E+02   0.72419E-01
   0.26429E-01   0.60083E-02   0.13067E+22   0.86898E-05   0.26436E+01   0.40959E+00  -0.22047E-02   0.39919E+01   0.00000E+00   0.00000E+00   0.39919E+01   0.22762E-01   0.22032E+02   0.11155E-04   0.16205E-02   0.67617E-01   0.26751E+01   0.88071E+01   0.72016E-01
   0.28048E-01   0.60083E-02   0.12903E+22   0.85807E-05   0.25511E+01   0.45488E+00  -0.62416E-01   0.39914E+01   0.00000E+00   0.00000E+00   0.39914E+01   0.22057E-01   0.25371E+02   0.11272E-04   0.16374E-02   0.66800E-01   0.25921E+01   0.10110E+02   0.71104E-01
   0.30000E-01   0.60547E-02   0.12745E+22   0.84753E-05   0.25219E+01   0.54058E+00  -0.15494E+00   0.39910E+01   0.00000E+00   0.00000E+00   0.39910E+01   0.21987E-01   0.25552E+02   0.11402E-04   0.16562E-02   0.66353E-01   0.25838E+01   0.12099E+02   0.70224E-01
   0.31952E-01   0.60547E-02   0.12566E+22   0.83567E-05   0.27554E+01   0.53112E+00  -0.14332E+00   0.39965E+01   0.00000E+00   0.00000E+00   0.39965E+01   0.23894E-01   0.27761E+02   0.11607E-04   0.16872E-02   0.66534E-01   0.28098E+01   0.10910E+02   0.69336E-01
   0.33619E-01   0.60083E-02   0.12465E+22   0.82889E-05   0.30005E+01   0.42011E+00   0.10306E-01   0.39979E+01   0.00000E+00   0.00000E+00   0.39979E+01   0.25760E-01   0.26413E+02   0.11719E-04   0.17037E-02   0.64983E-01   0.30298E+01   0.79705E+01   0.68798E-01
   0.34952E-01   0.60547E-02   0.12320E+22   0.81926E-05   0.27650E+01   0.42527E+00   0.10983E+00   0.39943E+01   0.00000E+00   0.00000E+00   0.39943E+01   0.23814E-01   0.19844E+02   0.11788E-04   0.17130E-02   0.65663E-01   0.27997E+01   0.87437E+01   0.67938E-01
   0.36667E-01   0.60083E-02   0.12213E+22   0.81219E-05   0.28249E+01   0.58920E+00   0.46194E-01   0.39940E+01   0.00000E+00   0.00000E+00   0.39940E+01   0.24550E-01   0.24219E+02   0.11882E-04   0.17266E-02   0.65322E-01   0.28860E+01   0.11781E+02   0.67346E-01
   0.38571E-01   0.60547E-02   0.12035E+22   0.80033E-05   0.27937E+01   0.65522E+00  -0.39743E-01   0.39959E+01   0.00000E+00   0.00000E+00   0.39959E+01   0.24406E-01   0.24649E+02   0.12110E-04   0.17601E-02   0.63940E-01   0.28698E+01   0.13199E+02   0.66395E-01
   0.40476E-01   0.60083E-02   0.11931E+22   0.79344E-05   0.30085E+01   0.35475E+00  -0.18680E+00   0.39897E+01   0.00000E+00   0.00000E+00   0.39897E+01   0.25832E-01   0.31360E+02   0.12220E-04   0.17748E-02   0.65157E-01   0.30351E+01   0.67250E+01   0.65721E-01
   0.42381E-01   0.60083E-02   0.11712E+22   0.77887E-05   0.29233E+01   0.54489E+00  -0.13985E+00   0.39959E+01   0.00000E+00   0.00000E+00   0.39959E+01   0.25317E-01   0.23931E+02   0.12487E-04   0.18149E-02   0.64593E-01   0.29770E+01   0.10558E+02   0.64615E-01
   0.44286E-01   0.58710E-02   0.11589E+22   0.77070E-05   0.31946E+01   0.49104E+00   0.10257E-01   0.39910E+01   0.00000E+00   0.00000E+00   0.39910E+01   0.27505E-01   0.29614E+02   0.12524E-04   0.18191E-02   0.67375E-01   0.32322E+01   0.87384E+01   0.63857E-01
   0.46143E-01   0.60547E-02   0.11424E+22   0.75971E-05   0.32287E+01   0.48566E+00  -0.29318E-01   0.39871E+01   0.00000E+00   0.00000E+00   0.39871E+01   0.27799E-01   0.22762E+02   0.12734E-04   0.18488E-02   0.63787E-01   0.32652E+01   0.85543E+01   0.62886E-01
   0.48190E-01   0.60083E-02   0.11270E+22   0.74948E-05   0.31052E+01   0.32505E+00   0.21084E+00   0.39947E+01   0.00000E+00   0.00000E+00   0.39947E+01   0.26617E-01   0.27345E+02   0.12826E-04   0.18639E-02   0.63148E-01   0.31293E+01   0.59758E+01   0.62156E-01
   0.50000E-01   0.61014E-02   0.11101E+22   0.73820E-05   0.33372E+01   0.39745E+00   0.14037E+00   0.39931E+01   0.00000E+00   0.00000E+00   0.39931E+01   0.28616E-01   0.20863E+02   0.13122E-04   0.19066E-02   0.61405E-01   0.33637E+01   0.67917E+01   0.61198E-01
   0.51905E-01   0.61014E-02   0.10904E+22   0.72514E-05   0.32218E+01   0.75491E+00  -0.16024E+00   0.39966E+01   0.00000E+00   0.00000E+00   0.39966E+01   0.28172E-01   0.20494E+02   0.13381E-04   0.19450E-02   0.60881E-01   0.33129E+01   0.13187E+02   0.60166E-01
   0.53714E-01   0.59622E-02   0.10775E+22   0.71653E-05   0.33498E+01   0.44914E+00  -0.17393E-01   0.39930E+01   0.00000E+00   0.00000E+00   0.39930E+01   0.28754E-01   0.25936E+02   0.13518E-04   0.19641E-02   0.60574E-01   0.33798E+01   0.76367E+01   0.59400E-01
   0.55810E-01   0.59622E-02   0.10565E+22   0.70256E-05   0.34604E+01   0.51555E+00   0.29552E-01   0.39953E+01   0.00000E+00   0.00000E+00   0.39953E+01   0.29757E-01   0.27356E+02   0.13879E-04   0.20171E-02   0.59613E-01   0.34987E+01   0.84740E+01   0.58274E-01
   0.57619E-01   0.61014E-02   0.10442E+22   0.69437E-05   0.30705E+01   0.42119E+00  -0.91441E-03   0.40007E+01   0.00000E+00   0.00000E+00   0.40007E+01   0.26342E-01   0.19260E+02   0.13995E-04   0.20354E-02   0.59010E-01   0.30993E+01   0.78105E+01   0.57673E-01
   0.59476E-01   0.57810E-02   0.10320E+22   0.68629E-05   0.24648E+01   0.24158E+00   0.77319E-01   0.40047E+01   0.00000E+00   0.00000E+00   0.40047E+01   0.21049E-01   0.27788E+02   0.14066E-04   0.20467E-02   0.62201E-01   0.24778E+01   0.55980E+01   0.57058E-01
   0.62333E-01   0.60083E-02   0.10286E+22   0.68401E-05   0.15029E+01   0.92538E+00  -0.15527E-01   0.39928E+01   0.00000E+00   0.00000E+00   0.39928E+01   0.15016E-01   0.23469E+02   0.14222E-04   0.20664E-02   0.60308E-01   0.17650E+01   0.31622E+02   0.56701E-01
   0.70048E-01   0.70857E-02   0.12289E+20   0.81722E-07   0.10495E+03   0.11042E+03   0.98570E-01   0.70596E+00   0.00000E+00   0.00000E+00   0.70596E+00   0.30823E+01   0.12737E+01   0.10000E+11   0.11474E+00   0.00000E+00   0.15234E+03   0.46453E+02   0.11977E-03
   0.17429E-01   0.10968E-02   0.14512E+22   0.96506E-05   0.21326E+02   0.48173E+01  -0.10162E+00   0.39739E+01   0.00000E+00   0.00000E+00   0.39739E+01   0.18645E+00   0.99878E+01   0.10037E-04   0.14549E-02   0.18717E+00   0.21863E+02   0.12729E+02   0.79620E-01
   0.21667E-01   0.12903E-02   0.13438E+22   0.89366E-05   0.83300E+01   0.55298E+00  -0.20167E+00   0.39962E+01   0.00000E+00   0.00000E+00   0.39962E+01   0.71015E-01   0.11694E+02   0.10887E-04   0.15825E-02   0.15515E+00   0.83507E+01   0.37980E+01   0.74143E-01
   0.25190E-01   0.96774E-03   0.13131E+22   0.87319E-05   0.69554E+01   0.69702E-01  -0.40809E+00   0.39799E+01   0.00000E+00   0.00000E+00   0.39799E+01   0.59375E-01   0.87413E+01   0.11061E-04   0.16044E-02   0.15926E+00   0.69677E+01   0.57416E+00   0.72148E-01
   0.29000E-01   0.11613E-02   0.12864E+22   0.85546E-05   0.68767E+01  -0.15476E+00  -0.63934E-02   0.39738E+01   0.00000E+00   0.00000E+00   0.39738E+01   0.58659E-01   0.97323E+01   0.11281E-04   0.16351E-02   0.18098E+00   0.68784E+01  -0.12893E+01   0.70575E-01
   0.34048E-01   0.11613E-02   0.12502E+22   0.83139E-05   0.67602E+01  -0.15262E+00   0.13690E+00   0.39905E+01   0.00000E+00   0.00000E+00   0.39905E+01   0.57557E-01   0.92152E+01   0.11704E-04   0.16999E-02   0.15257E+00   0.67633E+01  -0.12933E+01   0.68877E-01
   0.37619E-01   0.96774E-03   0.12142E+22   0.80747E-05   0.71560E+01   0.10445E+00  -0.11447E+00   0.39832E+01   0.00000E+00   0.00000E+00   0.39832E+01   0.60968E-01   0.79420E+01   0.12028E-04   0.17455E-02   0.15065E+00   0.71576E+01   0.83623E+00   0.66774E-01
   0.41429E-01   0.10968E-02   0.11826E+22   0.78642E-05   0.71128E+01  -0.34690E-01  -0.21582E+00   0.39729E+01   0.00000E+00   0.00000E+00   0.39729E+01   0.60693E-01   0.84034E+01   0.12124E-04   0.17571E-02   0.21840E+00   0.71161E+01  -0.27944E+00   0.64865E-01
   0.50190E-01   0.12903E-02   0.11115E+22   0.73914E-05   0.79673E+01  -0.21592E+00  -0.99098E-01   0.39804E+01   0.00000E+00   0.00000E+00   0.39804E+01   0.67920E-01   0.98613E+01   0.12943E-04   0.18776E-02   0.15678E+00   0.79708E+01  -0.15523E+01   0.61079E-01
   0.54905E-01   0.12903E-02   0.10648E+22   0.70810E-05   0.83994E+01  -0.88917E-01  -0.19725E+00   0.39928E+01   0.00000E+00   0.00000E+00   0.39928E+01   0.71484E-01   0.10851E+02   0.13539E-04   0.19670E-02   0.15549E+00   0.84022E+01  -0.60652E+00   0.58697E-01
   0.61667E-01   0.12258E-02   0.93126E+21   0.61929E-05   0.24513E+02  -0.42674E+01  -0.80405E-01   0.39483E+01   0.00000E+00   0.00000E+00   0.39483E+01   0.21288E+00   0.79499E+01   0.15847E-04   0.22895E-02   0.13080E+00   0.24882E+02  -0.98754E+01   0.50764E-01
   0.65048E-01   0.96774E-03   0.27342E+21   0.18183E-05   0.11073E+03   0.15263E+02  -0.36664E+00   0.21801E+01   0.00000E+00   0.00000E+00   0.21801E+01   0.12870E+01   0.18365E+01   0.52223E-04   0.56066E-02   0.10750E+00   0.11178E+03   0.78479E+01   0.82297E-02
   0.65095E-01   0.25484E-02   0.13549E+21   0.90103E-06   0.10258E+03   0.65692E+02  -0.43799E-01   0.18799E+01   0.00000E+00   0.00000E+00   0.18799E+01   0.15103E+01   0.44849E+01   0.15434E-03   0.15387E-01   0.31423E-01   0.12181E+03   0.32637E+02   0.35166E-02
   0.67143E-01   0.25484E-02   0.77763E+20   0.51712E-06   0.12718E+03   0.62740E+02  -0.97615E-01   0.11085E+01   0.00000E+00   0.00000E+00   0.11085E+01   0.22898E+01   0.23823E+01   0.31467E-03   0.24089E-01   0.27913E-01   0.14181E+03   0.26258E+02   0.11901E-02
   0.69048E-01   0.25484E-02   0.47558E+20   0.31626E-06   0.13876E+03   0.54446E+02  -0.25908E+00   0.88390E+00   0.00000E+00   0.00000E+00   0.88390E+00   0.26954E+01   0.14570E+01   0.21678E-02   0.14819E+00   0.51306E-02   0.14906E+03   0.21423E+02   0.58036E-03
   0.65190E-01   0.45365E-02   0.23942E+20   0.15921E-06   0.63938E+02   0.12305E+03  -0.92096E-01   0.95129E+00   0.00000E+00   0.00000E+00   0.95129E+00   0.24170E+01   0.13760E+01   0.10000E+11   0.58893E-01   0.63165E-02   0.13867E+03   0.62543E+02   0.31444E-03
   0.67143E-01   0.45365E-02   0.36602E+20   0.24340E-06   0.10412E+03   0.10598E+03   0.37035E-01   0.93683E+00   0.00000E+00   0.00000E+00   0.93683E+00   0.26096E+01   0.20207E+01   0.52312E-01   0.36815E+01   0.17844E-03   0.14857E+03   0.45507E+02   0.47341E-03
   0.69048E-01   0.47029E-02   0.27645E+20   0.18384E-06   0.12068E+03   0.87666E+02   0.14600E+00   0.78653E+00   0.00000E+00   0.00000E+00   0.78653E+00   0.28593E+01   0.17387E+01   0.57005E-01   0.36759E+01   0.30978E-03   0.14916E+03   0.35995E+02   0.30019E-03
   0.70952E-01   0.47029E-02   0.21210E+20   0.14105E-06   0.13112E+03   0.75247E+02  -0.21291E+00   0.72421E+00   0.00000E+00   0.00000E+00   0.72421E+00   0.30200E+01   0.13340E+01   0.10000E+11   0.66477E-01   0.13051E-01   0.15118E+03   0.29851E+02   0.21207E-03
   0.64286E-01   0.62123E-02   0.45700E+20   0.30391E-06   0.82443E+01   0.13951E+02   0.15311E+00   0.40011E+01   0.00000E+00   0.00000E+00   0.40011E+01   0.13773E+00   0.25237E+01   0.42003E-01   0.61089E+01   0.10291E-04   0.16206E+02   0.59420E+02   0.25244E-02
   0.68333E-01   0.62545E-02   0.16074E+20   0.10689E-06   0.92553E+02   0.11769E+03   0.46002E-01   0.74219E+00   0.00000E+00   0.00000E+00   0.74219E+00   0.29545E+01   0.13764E+01   0.10000E+11   0.87720E-01   0.82954E-02   0.14973E+03   0.51819E+02   0.16470E-03
   0.71667E-01   0.62545E-02   0.13276E+20   0.88283E-07   0.12326E+03   0.89527E+02   0.91023E-01   0.69315E+00   0.00000E+00   0.00000E+00   0.69315E+00   0.31108E+01   0.11166E+01   0.10000E+11   0.10621E+00   0.00000E+00   0.15235E+03   0.35991E+02   0.12704E-03
